,Fp1,Fz,F3,F7,FT9,FC5,FC1,C3,T7,CP5,CP1,Pz,P3,P7,O1,Oz,O2,P4,P8,CP6,CP2,FCz,C4,T8,FT8,FC6,FC2,F4,F8,Fp2,AF7,AF3,AFz,F1,F5,FT7,FC3,C1,C5,TP7,CP3,P1,P5,PO7,PO3,POz,PO4,PO8,P6,P2,CPz,CP4,TP8,C6,C2,FC4,FT10,F6,AF8,AF4,F2,STI 014
alpha,"[5.600257353028571e-12, 2.459470414322149e-12, 4.422928044876693e-12, 2.3703784463015492e-12, 1.8838446870135274e-12, 1.1260397030929022e-12, 4.206043273771702e-12, 1.7877375008874503e-12, 2.662163526170871e-12, 7.272143752308964e-12, 3.6021544506256047e-12, 5.897733298343292e-12, 4.983600870775029e-12, 3.620088616683144e-12, 2.460646184159202e-12, 2.3995308211242986e-12, 1.133032909423884e-12, 7.710078045796889e-13, 4.446412408762864e-12, 1.43046572990211e-12, 5.86703972133047e-13, 4.042171264030246e-12, 2.0168976219772973e-12, 1.3096150067195714e-12, 1.2865726847697393e-12, 8.899985096290417e-13, 1.1265996210744034e-12, 2.8750262376670747e-12, 1.8603463814508885e-12, 3.927673561635282e-12, 1.0570343224549615e-11, 1.0867334260516e-12, 1.0007946713162268e-12, 6.074821562544865e-13, 4.713655092461401e-12, 3.5339295836389853e-12, 1.1630177123621328e-12, 1.9046455770521154e-12, 2.1170925685163985e-12, 2.630627352523375e-12, 4.184716321962806e-12, 3.087910564100951e-12, 2.5351743445334142e-12, 2.5453992196744133e-12, 2.8447015589473306e-12, 4.811342359953045e-12, 2.681275888430577e-12, 2.0485517710940733e-12, 2.755610265677391e-12, 5.18568773185291e-13, 1.4977484837145843e-11, 7.216596547468189e-13, 5.135225002331716e-13, 2.1687815268877777e-12, 4.591592389070912e-12, 8.810092742176811e-14, 1.609225099642559e-12, 1.219131724529353e-12, 2.7155176588655513e-12, 2.1434356882372885e-12, 9.975112870759156e-12, 1.8423453967336312e-13, 1.5560559274465014e-12, 3.2766262479579724e-12, 3.4891944331126457e-13, 1.6319315500930685e-12, 2.7726327313071585e-12, 2.072982203349084e-12, 1.0882011696865444e-12, 1.435683278911271e-12, 2.250362302678303e-12, 2.4502016272229545e-12, 1.7868019814175981e-12, 1.2176514594002223e-11, 6.4523275040212444e-12, 2.6710153856485834e-12, 2.904527359970436e-12, 3.778879959832571e-12, 5.313572143406406e-12, 1.870792990062741e-12, 3.916423763964874e-12, 3.2141343951894147e-12, 2.4042637895850536e-12, 2.482973497890284e-12, 3.075845874682916e-12, 6.56393186240916e-12, 1.394608283657075e-12, 3.059827865433424e-12, 2.4058131643345764e-12, 6.548313363571489e-12, 1.6547050136048615e-12, 1.83007898301636e-12, 4.4537333044428555e-12, 4.800002253101073e-12, 1.1388812437230175e-12, 7.165265713892536e-13, 8.609742291181905e-13, 2.8649921898651105e-12, 9.709390095628692e-13, 1.880219483689589e-12, 1.572016165948335e-12, 4.747556034076009e-12, 3.746979537418292e-12, 2.0402958135514977e-12, 4.307389372256457e-12, 7.566916874906811e-13, 1.5909958083412798e-12, 1.0995205244589712e-12, 2.1353965914102027e-12, 9.78117111701214e-12, 1.1719857681343677e-12, 3.584541553327113e-12, 1.022990885836464e-13, 3.3559621552078938e-12, 1.2137534268522086e-11, 2.003700695544027e-12, 6.255137291050197e-12, 3.061706760963776e-12, 1.7896925162974679e-13, 3.369828837679985e-12, 2.6238767866438314e-12, 4.679292772695375e-12, 2.5502257402817847e-12, 1.5250364133524297e-12, 2.358731411251605e-13, 1.456982855759342e-12, 1.518026566604655e-12, 3.6854017679095135e-12, 2.1747710032461187e-12, 4.376449562516974e-12, 4.360041861901924e-12, 3.1021615481937044e-12, 2.868988206354685e-12, 2.382803477127692e-12, 2.1303689270208125e-12, 1.7159051105648646e-12, 1.1957117629458731e-12, 2.8535323653290975e-12, 2.2779008193344274e-12, 7.469694165327801e-12, 6.880299505910017e-12, 2.7255644490051866e-12, 1.2318165373942882e-11, 1.4171816583695487e-12, 2.645131100453234e-12, 2.390419951256124e-12, 1.436409007872439e-12, 2.062735160306732e-12]","[3.4014318807955443e-12, 2.894814949936967e-12, 1.3468519697845473e-12, 1.589947849390849e-12, 1.2235265972296065e-12, 1.6412949626749327e-12, 2.4249806603616363e-12, 1.5554952460603012e-12, 2.954750752188579e-12, 4.681572194232473e-12, 3.772026963038613e-13, 5.960973273112764e-12, 1.4328255454112775e-12, 1.0092044128016246e-12, 2.6316737427986964e-12, 4.789702520458505e-13, 2.9183642619788634e-12, 1.523875764018243e-12, 4.484691814375253e-12, 3.066871635787484e-12, 7.855736515815506e-13, 2.071198531617426e-12, 2.8907164788812167e-12, 7.544596249764783e-13, 1.0598341015839688e-12, 5.926566340077425e-13, 5.2888239807114e-12, 4.21133539707324e-12, 2.271177666754928e-12, 4.09459225129425e-12, 1.0460717510252354e-11, 3.690946360859943e-13, 5.812125377098049e-13, 2.6378423283690228e-12, 1.0221954869226894e-12, 2.2451522672350125e-12, 2.1890325480011947e-12, 8.698784214344053e-13, 2.3300378488129562e-12, 3.312792197863326e-12, 3.262071587386744e-12, 6.4536028009828835e-12, 1.2262638985544671e-13, 5.070321392392069e-13, 5.809730599893763e-13, 1.7767111035158361e-12, 2.0189439859515455e-12, 2.6736883095160565e-12, 1.0944470590480596e-12, 2.865629288622531e-12, 8.375610779448201e-13, 6.407921994554099e-12, 1.2511187868859385e-12, 1.0164512895803812e-12, 4.712803818068221e-12, 9.794546147209251e-14, 2.8233388749922493e-12, 8.805955679223325e-13, 3.790363628251682e-12, 1.9414033433910172e-12, 5.619086760037563e-12, 3.143888060612044e-13, 3.71371394799803e-12, 8.501708123344864e-13, 1.4602958602146752e-12, 1.950748274302806e-12, 1.614389946810719e-12, 1.014059395386733e-12, 5.813995216946297e-13, 5.7717807509361426e-12, 3.542887391768735e-12, 1.7482353250556022e-12, 4.972807970126166e-12, 7.327199976085016e-12, 9.156060154515641e-12, 3.478729846991133e-12, 2.111786049288599e-12, 4.371496641619494e-12, 6.247368233873865e-12, 3.1579036085214464e-12, 2.308294373389621e-13, 1.0559103690601797e-12, 1.0524718741272771e-12, 8.505314058270281e-13, 1.2616225404462882e-12, 1.6112287473636614e-12, 2.65396804205365e-12, 5.337313580417319e-12, 7.93532575164129e-13, 4.215965719290502e-12, 2.139940392486422e-12, 7.86333584343275e-13, 1.4806570186844015e-12, 5.742668554928653e-12, 3.9222188683304645e-12, 8.529227366075769e-13, 2.2937717858925563e-12, 4.243274834528257e-12, 1.4107190533331965e-12, 8.309679442219716e-13, 3.3738102241502883e-12, 1.0317437325191396e-12, 2.025848379811432e-12, 2.395544877331423e-12, 2.242070653297086e-12, 1.6411549779960482e-12, 1.663407781058534e-12, 7.684433183921392e-13, 3.2168419967576234e-12, 2.086724091836716e-12, 1.8489379201643365e-12, 1.990253781023611e-12, 8.324389593564784e-12, 6.650668983452506e-12, 1.4513866613761382e-12, 3.224280216135825e-12, 3.316101568540735e-12, 6.8959357062458515e-12, 2.3313986627868455e-12, 1.4245923443420384e-12, 1.3532011245422528e-12, 3.4858350181990256e-12, 8.066063423457082e-13, 1.6591914593642332e-12, 2.7912566954962028e-12, 1.0031696980302046e-12, 1.280762159364382e-12, 1.6532389078102526e-12, 3.991550960875643e-12, 2.6005337250761565e-12, 2.033242785891241e-12, 2.4676383648222797e-12, 2.9011202906308837e-12, 1.1399517160039417e-12, 9.229731463798625e-13, 1.7224185387600522e-13, 2.8980767638984186e-12, 1.2791876905700154e-12, 2.100575621134589e-12, 1.8794231186464975e-12, 3.519022394720764e-12, 1.6927724469618757e-12, 5.051335111729579e-12, 4.967917062166377e-13, 9.54422492025498e-13, 8.454302885042343e-13, 1.8298288481479832e-12, 3.874573756658353e-12]","[4.192210733759709e-12, 4.0608028736810806e-12, 1.5486170881875741e-12, 1.966238773800759e-12, 6.76744347024716e-13, 1.2002912682082008e-12, 2.205978886947355e-12, 1.8671655060163857e-12, 3.771035057555259e-12, 5.443990222146783e-12, 1.1761403373834235e-12, 3.585867400678923e-12, 2.398576748489676e-12, 3.528449540895002e-12, 2.4678259563064336e-12, 1.4760367446519417e-12, 2.7950208650693313e-12, 3.7513146945225294e-13, 7.106410836312404e-12, 1.5151805503499313e-12, 5.004542829274448e-13, 3.339873556108595e-12, 2.8177674026398053e-12, 8.416825987774908e-13, 1.3071242725306401e-12, 1.6307531046019798e-12, 2.4586558019245823e-12, 4.703619271042921e-12, 3.887123276387502e-12, 3.2610731983485466e-12, 6.3383319353362155e-12, 6.740969305955901e-13, 5.517426925757605e-13, 3.3729246350592214e-12, 2.9084378268572144e-12, 6.474480813412554e-12, 2.837675360421791e-12, 1.0991880509886014e-12, 3.472236527853814e-12, 3.1922560054123596e-12, 6.68017902322812e-12, 6.092939478862948e-12, 9.178936405334695e-13, 1.1962225373677832e-12, 1.2115976630575702e-13, 3.1534604551494376e-12, 2.1454452391210135e-12, 2.3201114946022737e-12, 3.2663263825014316e-13, 1.837640821513131e-12, 2.7043344895165914e-12, 4.9809319163059935e-12, 1.0723487954916638e-12, 1.4774113913564736e-12, 4.1838159312699615e-12, 3.06232962521403e-13, 3.590931255111736e-12, 1.4163358929975947e-12, 3.0002252108335216e-12, 1.8325110893115724e-12, 3.860444760086979e-12, 4.2552109200695876e-13, 3.486824225024446e-12, 9.79819896368085e-13, 3.083445812633851e-13, 2.6896483517905514e-12, 1.6315478132780153e-12, 4.0442352028854834e-13, 1.083663503948259e-12, 3.887472390242217e-12, 3.1535420441464058e-12, 1.6206851107257885e-12, 4.808240721631219e-12, 4.892224747333222e-12, 1.4289041421426856e-11, 2.0906071017471703e-12, 1.1186376806020087e-13, 4.358560016722155e-12, 5.651842049160719e-12, 4.457234578793609e-12, 1.0050107288661337e-12, 2.0653893243904817e-12, 3.0742709891030794e-12, 1.912896877783232e-12, 1.6044752539988772e-12, 3.885163597291702e-12, 1.2109225961721578e-12, 6.906011879374187e-12, 1.417521982655329e-12, 1.856297532982927e-12, 1.6109957365953375e-12, 4.985889799155206e-13, 2.53707005341892e-12, 5.7107875794309815e-12, 2.9579048197131394e-12, 1.1156011310843919e-12, 3.5353570358110938e-12, 3.4233310479071635e-12, 1.4495265937476257e-12, 5.500565254972584e-13, 2.4975632807973325e-12, 4.5059596630535475e-13, 6.973572982036936e-13, 8.74025835009619e-13, 2.1113935721917767e-12, 9.325929146216916e-13, 3.277293703081515e-12, 1.7455818464452337e-12, 6.895553856523117e-13, 7.1305241150983526e-12, 1.2234884332136549e-12, 2.1620878324447447e-12, 8.108051279148923e-12, 7.219242850808784e-12, 2.868474475042527e-12, 1.638237746714411e-12, 2.932442681394604e-12, 4.574185655751594e-12, 1.019612137954134e-12, 1.84886810253209e-12, 6.580963684518306e-13, 4.465983521739246e-12, 1.5805951626214639e-12, 7.518890185981736e-13, 1.005877096399024e-12, 4.853428745917586e-13, 8.084034693974433e-13, 1.938515579066262e-12, 6.123063226373595e-12, 2.0924872060395034e-12, 3.0081231298998255e-12, 3.0058945087252538e-12, 3.157854597103546e-12, 1.2286875952826565e-12, 6.187972396874719e-13, 5.692867049544186e-13, 4.1658348460361156e-12, 5.963993112234175e-13, 3.285225322417431e-12, 5.286354190667542e-13, 2.4311721959340976e-12, 2.242180487795718e-12, 4.855373379408413e-12, 1.1625537602274368e-13, 3.1490023604006465e-12, 8.224677954696056e-13, 9.847137487089858e-13, 2.410969580672963e-12]","[7.144122860338144e-12, 3.911561521508131e-12, 1.249746847740736e-11, 6.055439189132706e-12, 1.626764208585086e-12, 3.0958162802806406e-12, 6.519505277503241e-12, 2.023922069314358e-12, 3.218509382008076e-12, 6.461529957979618e-12, 2.9401738697045418e-12, 2.176080525730513e-12, 3.5152355789738538e-12, 6.253768115368277e-12, 2.850124047881317e-12, 1.6982585995561652e-12, 2.7522517351101176e-12, 5.789468949453839e-13, 1.1277406053182339e-11, 1.5905678099269027e-12, 5.043572616573389e-13, 5.164742371160917e-12, 2.4745134254526052e-12, 1.1708071102628522e-12, 6.041349939242364e-13, 1.451033886963254e-12, 2.7511178613999553e-12, 9.558690229182314e-12, 1.643470763659202e-12, 1.1715757970682262e-11, 5.192256218465985e-12, 1.7966357411592585e-12, 1.3337003573117664e-12, 2.4083483311475334e-12, 6.320989795335868e-12, 1.0627143482889661e-11, 5.175187456914263e-12, 2.8779488228125225e-12, 5.170048321366873e-12, 3.973823391430878e-12, 9.975803877887084e-12, 3.7146564288734604e-12, 2.1516017633768313e-12, 4.1566817038482524e-12, 1.4548783553406688e-12, 6.355494062664651e-12, 1.4838664859397088e-12, 2.6872327976658603e-12, 8.106307844529765e-12, 1.6151684082075534e-12, 6.902745282867486e-12, 3.2038733261357057e-12, 8.17640724968214e-12, 4.166049274771503e-12, 2.559931175521228e-12, 3.3337676621908137e-13, 5.104328495926436e-12, 3.4154524478572934e-12, 9.177996952658032e-12, 3.845760883444484e-12, 1.5316149224974272e-12, 7.333946555809304e-13, 1.4942052614497145e-12, 3.902541938338396e-12, 7.612011292450163e-13, 2.9928682522673232e-12, 3.1881495174227494e-12, 6.855432638331431e-13, 1.99025732289139e-13, 1.3362443888574693e-12, 1.9877414669610987e-12, 1.6593528062153957e-12, 3.347463189694452e-12, 4.125011529979373e-12, 1.3557899095524488e-11, 5.202299651046208e-12, 2.2100655924942907e-12, 4.735631209027772e-12, 2.4100181599699914e-12, 3.8818164814691595e-12, 3.943568906190346e-12, 4.326524259952323e-12, 6.942464884121883e-12, 2.282942989869133e-12, 1.4215481679867372e-12, 7.3583979381877e-12, 1.8430769923989398e-12, 1.3337030735800769e-11, 3.008330668437264e-12, 1.2657580253134438e-12, 7.961387813808061e-13, 6.422795537641273e-13, 6.854360068292558e-12, 5.993859963302728e-12, 4.2003374789552e-12, 4.1693189956178866e-13, 2.0163343345882485e-12, 1.6426925830409286e-12, 1.293177473989212e-12, 1.8690132025365435e-12, 4.845476439616512e-13, 2.3040928556022356e-12, 2.34415529340253e-12, 7.668001218966971e-13, 2.8487831875515733e-12, 6.858252370334578e-13, 3.182800314058365e-12, 3.5187423517489895e-12, 1.547737994850389e-12, 1.332193796283096e-11, 2.354946917538424e-12, 4.393992056731581e-12, 7.604711969632012e-13, 3.134773992212831e-12, 7.015185435997346e-12, 2.5093764815780637e-12, 4.9295199203889295e-12, 3.0919003143876027e-12, 1.4697810451540591e-12, 3.72011296527138e-12, 3.4927689204619055e-12, 5.856112854473412e-12, 5.4603827692609815e-12, 5.120760693519813e-12, 2.2214246026892105e-12, 6.644445584175189e-13, 4.680815465094024e-12, 2.8608067185341343e-12, 6.80283879897914e-12, 3.581470683952407e-12, 3.676805275208544e-12, 2.769356023515398e-12, 2.0931530218036634e-12, 1.8801605234143705e-12, 3.1590514300654194e-12, 1.611244709607308e-12, 5.326540925114904e-12, 1.054256423395995e-12, 3.537851382327374e-12, 2.1392239283206714e-12, 5.195482957114047e-12, 1.2965359665458829e-12, 2.677494793094397e-12, 6.811784666442215e-13, 5.670932750485424e-12, 3.2319280051972554e-12, 5.917173136185776e-13, 6.946928532003485e-13]","[7.42531141861904e-12, 2.626154960699465e-12, 1.9034625463010518e-11, 5.214787009866359e-12, 1.09467568353985e-12, 2.924674663429979e-12, 4.978874211351639e-12, 1.1158508854373882e-12, 4.659071634287844e-12, 5.3104553619789826e-12, 1.2706336323597832e-12, 1.57223193273416e-12, 1.0536852859962519e-11, 2.8380337408416973e-12, 2.270648123938205e-12, 3.175788384439162e-12, 2.216092964982354e-12, 2.655307191889045e-12, 1.2983361542691994e-11, 4.337314101042688e-12, 5.133833813241008e-13, 2.2457552045694967e-12, 3.654429149226718e-12, 2.02025889833967e-12, 8.660574684153457e-13, 5.761777899665973e-13, 1.7808376970853798e-12, 6.609179501451448e-12, 5.744389639718038e-13, 1.5044946568298296e-11, 2.7419060885913516e-11, 2.070371111647862e-12, 1.941145959147136e-12, 1.9249504755877834e-12, 3.2000026405169406e-12, 9.581468057004288e-12, 4.0623761895346936e-12, 4.545944239011259e-12, 8.073952064770881e-12, 8.618611745209716e-12, 7.82080265687935e-12, 2.9637766468825835e-12, 1.6331673738127415e-12, 1.5054195343478045e-11, 2.2589774228923655e-12, 7.709807932414529e-12, 1.7072727995119183e-12, 3.1346841926129554e-12, 1.8135594467476507e-11, 1.6922566193279318e-12, 5.104483624894238e-12, 2.6161446989555347e-12, 8.38223835287296e-12, 6.821919641205122e-12, 7.304444346952727e-13, 5.413823177680179e-14, 5.273717365766128e-12, 8.342540832668243e-12, 8.412725653851052e-12, 3.5931370219491463e-12, 1.7647224395624676e-12, 6.015128935342642e-13, 3.4656166960341794e-13, 1.4580816841276747e-12, 2.245323501196002e-12, 1.5262569650843413e-12, 2.3699701020144214e-12, 9.021694121581147e-13, 1.2505336906251716e-12, 5.6762599683982855e-12, 1.0106654530718889e-12, 2.5017803433499946e-12, 1.375450292166434e-12, 6.401428725046308e-13, 5.3515615783827216e-12, 4.904109924839583e-12, 1.0370647004908122e-11, 2.099146793310944e-12, 1.2148748858459882e-12, 2.712370745033627e-12, 4.171251935546715e-12, 7.050876676458914e-12, 7.547550299130386e-12, 3.4395650071815477e-12, 1.899290055150435e-12, 7.215463097129525e-12, 6.010412276732315e-12, 1.1870482836135546e-11, 2.703629929566953e-12, 4.647807402577381e-12, 6.64640192359221e-13, 7.645313265016391e-13, 1.2609309232811046e-11, 7.023800519262819e-12, 4.0614896224548845e-12, 5.316189150650422e-13, 7.493198688165847e-13, 4.743420481948373e-12, 1.02550480306418e-12, 2.1972951134760404e-12, 3.58024112381829e-13, 1.4996803690067497e-12, 1.9099637664015264e-12, 4.712962433714403e-13, 1.81020839588584e-12, 1.8094774404949379e-12, 1.8617450363517968e-12, 3.1322050347428378e-12, 2.2446003828752592e-12, 9.460321834943935e-12, 5.907605559633325e-13, 3.539066906918331e-12, 8.498394177069655e-12, 1.5646679855660453e-13, 4.312209840788093e-12, 1.822203625951895e-12, 4.188774023840606e-12, 3.0240719018162927e-12, 1.5811950095827809e-12, 2.8763483189669847e-12, 8.418951336110695e-12, 4.578744519915608e-12, 4.484310456962042e-12, 6.38131152357949e-12, 4.0810069586956765e-12, 7.470747281020868e-13, 3.712604602162208e-12, 2.3668860679742376e-12, 3.4866334749628367e-12, 1.6517311546917653e-12, 9.554310331711893e-13, 1.4371517408210183e-12, 3.590467335095752e-13, 1.3373924338469721e-12, 2.5802222239241306e-12, 8.876805444927971e-13, 2.2487896643045903e-11, 1.302050045848058e-12, 2.0099049041238493e-12, 4.854483803175362e-12, 1.2273145542865755e-12, 7.11553323297153e-13, 7.399018345822333e-13, 8.118887814195387e-13, 3.4335775365072506e-12, 2.4579508767706594e-12, 5.289274424399986e-13, 7.309489750498831e-13]","[5.805613472802095e-12, 2.5997791273119782e-12, 3.134015720460427e-12, 3.570739316519744e-12, 1.8765724699876807e-12, 1.230024686121769e-12, 4.898186876985059e-12, 6.427397875813992e-13, 2.1814582861677058e-12, 4.8913624504315016e-12, 1.3092425269539743e-12, 1.603494023418824e-13, 5.123192259040883e-12, 4.877838660691577e-12, 3.211784989013289e-12, 2.639188687246549e-12, 1.4743791260813861e-12, 2.29853275778762e-13, 1.0569178375445917e-11, 5.040562837672667e-13, 1.1927439877137837e-12, 1.9777885860396863e-12, 1.5517385648593683e-12, 1.5870804611078762e-12, 9.352346000701394e-13, 1.0498566966787647e-12, 1.4105845051317457e-12, 6.544008196878278e-12, 1.3047065987014402e-12, 6.728637497088329e-12, 2.075428739783946e-12, 1.7488146248541807e-12, 6.308702848265147e-13, 1.939330665497017e-12, 3.734476271419091e-12, 5.885311244144561e-12, 1.7252394672425438e-12, 2.231989511454123e-12, 2.592577086317909e-12, 3.461302758911026e-12, 7.735165729365855e-12, 2.516780009088523e-12, 2.5880964856747794e-12, 4.519160375944394e-12, 6.662205016756617e-13, 5.514008473313018e-12, 1.2972897231713222e-12, 9.283665176055207e-13, 4.281541618654552e-12, 2.0069009507694827e-12, 7.177218178315209e-12, 2.9511882847955046e-12, 1.9057532299622095e-12, 2.444228800254582e-12, 1.0071382335694466e-12, 4.2783872705245885e-13, 4.932393181210769e-12, 3.337559137911603e-12, 4.766937892681812e-12, 1.5460652682226829e-12, 1.8969261094114936e-12, 1.1987148286818716e-12, 4.422235639746082e-13, 2.06440297368447e-12, 9.348341630754317e-13, 2.8267497921444985e-12, 3.0876807970121793e-12, 3.846671182620397e-12, 4.3201488722589347e-13, 2.0381296294155435e-12, 6.18136257103376e-13, 1.2916679879689455e-12, 2.9610509802494844e-12, 1.0215803797915951e-12, 1.010362458745992e-11, 3.2640260220481586e-12, 1.0938365286912102e-12, 2.966246935539312e-12, 2.0062256480933228e-12, 1.9352022859980942e-12, 2.7319849861815443e-12, 7.790536120165797e-13, 6.405022603667029e-12, 9.84568310210784e-13, 1.1080419330178733e-12, 4.644947117275e-12, 1.5547913337792506e-12, 5.070869392088992e-12, 5.110823285416276e-12, 1.6133887846963444e-12, 5.70632904856047e-13, 5.080170549334877e-13, 6.207869741385269e-12, 3.1949035436659344e-12, 2.946538584727374e-12, 5.172954734796467e-13, 2.3154793132020176e-12, 2.0673099024740212e-12, 1.3037395544926176e-12, 1.3971270153310994e-12, 5.521911751329429e-13, 3.214981625405323e-13, 1.643094216999555e-12, 3.868118286008387e-13, 1.7411270205939354e-12, 1.5132905594100226e-12, 1.3389423915218417e-12, 2.696629104070432e-12, 9.337608638932455e-13, 7.258640927162652e-12, 1.083569596226776e-12, 1.5520624067206025e-12, 1.6231691023567003e-12, 2.505200640535411e-12, 5.796697249289609e-12, 3.1171783593994768e-12, 3.903035204850496e-12, 5.136695436232805e-12, 6.047788432820275e-13, 1.3862946379035258e-12, 2.3059559766146643e-12, 4.551982245219389e-12, 4.092736680884659e-12, 7.933009400556072e-13, 1.7018717967642689e-12, 1.4189206250221127e-12, 2.9510140083905783e-12, 1.222372037016017e-12, 2.044766198445031e-12, 7.981709098337047e-13, 1.6731461456542736e-12, 2.086310291399174e-12, 8.837984542626362e-13, 2.022251520729351e-12, 3.4499487576487363e-12, 1.953690195353302e-12, 7.820896373649726e-12, 1.6161081188881125e-12, 1.7699006090507163e-12, 6.718861462174454e-12, 2.1164780731483105e-12, 1.340662643295805e-12, 4.639522138532269e-13, 1.0230993770345394e-12, 3.235708325280172e-12, 2.0611939206361706e-12, 1.8515366829034693e-12, 9.60846357205133e-13]","[3.180953771352237e-12, 4.426526024348331e-12, 3.398603730707661e-13, 1.1777066458586507e-12, 5.852710397042752e-13, 2.370336226909724e-12, 2.0033233653314836e-12, 2.01558583652142e-12, 4.463783219720399e-12, 1.6576154685131022e-12, 5.484779655623355e-13, 3.1986192565109385e-12, 2.4973594486541394e-12, 1.555299334536975e-12, 1.995870219107908e-12, 7.532626165948045e-13, 1.2526021807979825e-12, 1.916361984160484e-12, 1.923479727345539e-12, 1.2981644619759083e-12, 4.420552997272823e-13, 4.213667668877784e-12, 1.0833422695809296e-12, 2.202574333270653e-12, 8.88844600568295e-13, 5.745172609259057e-13, 4.0882544468174915e-12, 3.286316283671448e-12, 1.4465143978293617e-12, 1.4638109030495573e-12, 4.8279089440596735e-12, 5.530952258673699e-13, 2.7024177602757477e-12, 1.5473716523579836e-12, 2.86180473843898e-12, 3.0610513685254055e-12, 6.292729568623095e-13, 1.503101523940063e-12, 4.8534951751472635e-12, 4.305622770883357e-12, 3.319063425288924e-12, 1.7383399118294106e-12, 2.36828652805258e-12, 9.64404436331993e-13, 7.521255043214419e-13, 2.2201658665852417e-12, 1.327036633757769e-12, 3.9624633908762895e-12, 4.314968850454953e-13, 3.874964743244523e-12, 3.685395850849625e-13, 7.73882231248567e-12, 1.0757613437267406e-12, 2.108975452255695e-12, 1.4612096880540993e-12, 2.6678439490012857e-13, 6.550740797303027e-12, 1.0432557667338102e-12, 1.1423000091154315e-12, 1.2200928004777074e-12, 6.472622912776508e-12, 2.1440302921930934e-13, 2.2145534243798824e-12, 1.248210496955601e-12, 2.0268511494274996e-12, 2.524302020511259e-12, 2.088861441294426e-12, 1.416524103596412e-12, 4.439593240723743e-13, 5.5896649609160875e-12, 1.8710174693148696e-12, 2.2933280824728926e-12, 4.421703222570269e-12, 2.7804143496354415e-12, 1.040259503699661e-11, 2.190722623326982e-12, 3.271036256725034e-12, 5.789870683161573e-12, 1.0307393411244624e-12, 2.5731042642056606e-12, 9.405243344304121e-13, 4.730765185408686e-13, 1.7223524979586819e-12, 3.29659758571537e-13, 2.0141910844737443e-13, 1.138297293068043e-12, 4.6732852018685055e-12, 4.871853173122524e-12, 1.0077276805691109e-12, 2.124372240248222e-12, 1.2889835685726098e-12, 1.20802813964964e-13, 3.5703961955170305e-12, 3.2051673062475435e-12, 5.940453269626674e-12, 4.238650007844184e-13, 3.313601635369276e-12, 2.4156854970034744e-12, 1.3342337664730925e-12, 1.799762857260702e-12, 2.0594150189147122e-12, 1.1969959445371497e-12, 2.6021455335709103e-12, 1.6303853791599424e-12, 1.3300639651401319e-12, 1.655293962452715e-12, 1.0801392332138036e-12, 4.022943128246155e-13, 4.602546514156527e-12, 3.6472385332232083e-13, 2.172955622436974e-12, 4.0387627948107766e-12, 5.235173645805078e-12, 3.201160783052566e-12, 1.7040652545259588e-12, 1.2250529431382797e-12, 3.922697959329646e-12, 8.767411188653828e-12, 3.0950584495346595e-12, 8.111250040393235e-13, 2.0645381035109173e-12, 3.324503268519793e-12, 1.581982627938356e-12, 2.3972478282872186e-12, 4.858741433297598e-12, 2.8493070392951908e-12, 2.7723052566709568e-12, 2.2428024410098165e-12, 2.0940576043533275e-12, 7.55125554801117e-13, 1.5459876480144782e-12, 1.1668324284961055e-12, 7.712903899468573e-13, 2.025565876859777e-12, 1.73213613144585e-12, 1.0524474192285124e-12, 2.095511559499619e-12, 2.8900095718099003e-12, 2.351211902251794e-12, 8.382127499452796e-13, 3.2629538680312875e-13, 3.346185163704705e-12, 1.0104700094051803e-12, 6.028956262008636e-13, 5.569344155452658e-13, 2.9577367752764326e-12, 9.691537240013318e-13, 7.281545791127811e-13]","[2.155126504979301e-12, 1.9398076663312214e-12, 2.678849769329371e-12, 1.813913527599545e-12, 5.312569066032739e-13, 9.650025372413411e-13, 4.2609022542939e-12, 1.889459259745297e-12, 3.0726135324706157e-12, 1.6405911586042102e-12, 6.234860005961052e-13, 1.2491356084141542e-12, 1.953643642220366e-12, 9.366866496590386e-13, 5.211751605167119e-13, 1.5622417589101036e-12, 2.4383989716056014e-12, 2.0521492289400477e-12, 1.55932709766591e-12, 2.9483237193130127e-13, 1.1654111379496349e-12, 2.5471825608618713e-12, 6.84435941763295e-13, 5.297470592679098e-12, 1.120368662350989e-12, 5.953591811524106e-13, 8.164545376191535e-13, 5.963924040356878e-12, 1.460126055313248e-12, 2.62833339186828e-12, 9.952583573307607e-13, 2.90876399426193e-13, 2.699029192972245e-12, 1.309812859421128e-12, 3.671587941829655e-12, 2.8714620767237894e-12, 1.2947471738179396e-12, 3.312617145747002e-12, 3.1205839061631154e-12, 2.639093926279064e-12, 6.2337980344300505e-12, 2.333825435004323e-13, 3.263437138473729e-13, 1.431363477270657e-12, 2.633864302198108e-13, 2.1800187706064063e-12, 4.403396753460551e-13, 1.5255511083127729e-12, 1.1252044847581558e-12, 1.1236632134119447e-12, 8.514941067320185e-13, 4.705344287316098e-12, 8.477491095643153e-13, 6.0960461979238016e-12, 1.0581037598331851e-12, 6.077998678735596e-13, 5.459457937050553e-12, 1.837594906504563e-12, 1.6706220583424571e-12, 8.389753771390084e-13, 5.149855120699407e-12, 1.115747638685106e-12, 4.473102974630041e-13, 1.8573827707636134e-12, 1.060513398176442e-12, 3.117375680735808e-12, 3.0864183652056088e-12, 1.4097655416314222e-12, 3.215813098251156e-13, 1.957856167585685e-12, 7.599598147162508e-13, 7.940670299022506e-13, 2.1794345120240665e-12, 1.01194048784067e-12, 8.019848781467395e-12, 1.8638178734445963e-12, 6.978720961754961e-13, 1.2449531443578177e-12, 5.60032321611868e-13, 1.796985776271848e-12, 1.7729406452269935e-12, 9.252538866860833e-14, 2.9761046475349235e-12, 3.799028127695183e-13, 6.194446827481596e-13, 9.504461501550435e-13, 1.6579063765057925e-12, 3.0178634931897847e-12, 9.48157252865378e-14, 1.0996426710437766e-12, 8.512293285029322e-13, 2.4731714936611987e-13, 1.9284795705421714e-12, 1.690105607869072e-12, 2.4475555171726265e-12, 7.151626347945773e-13, 1.8835819828912678e-12, 6.40159184511529e-13, 4.652504360972362e-13, 4.3735315327133564e-13, 5.130481864039189e-13, 1.769964836603292e-12, 1.4314365826506685e-12, 7.706742604941649e-13, 1.5535586872229092e-12, 1.3495086470115752e-12, 3.5840904948669025e-13, 1.173997191483685e-12, 7.042650230978805e-13, 2.0761444216759882e-12, 4.1939787979622624e-13, 4.486116717805425e-12, 3.5544416224744472e-12, 1.4619684986220159e-12, 5.594713587540514e-13, 7.342541784598234e-13, 3.1392679816699283e-12, 9.109397176206417e-12, 1.1950654981793142e-12, 1.820695508965262e-13, 1.95296689534422e-12, 9.547041477367433e-13, 2.0088043448091595e-12, 4.398656975920529e-13, 1.1224865606291126e-12, 9.963612948916015e-13, 2.9430783535787144e-12, 2.40481445450798e-12, 8.206305179949881e-13, 5.233422037043359e-13, 8.176216249570379e-13, 1.733026037191552e-12, 1.3855742221618753e-13, 1.2168589906907482e-12, 9.153873505506168e-13, 2.2087908024663816e-12, 3.0304365903473994e-12, 1.3362988757405514e-12, 1.5880301711626352e-12, 8.934322259062625e-13, 6.342825166435494e-13, 3.0324283763292107e-12, 1.7809225043491437e-12, 6.120585486181637e-13, 7.866793749218904e-13, 2.691039450148438e-12, 4.128901275855558e-14, 5.526264764753373e-13]","[9.382931159727713e-12, 2.868407729414374e-12, 3.483351356866872e-12, 6.628354325196048e-12, 8.931719395034618e-13, 2.089595428047175e-12, 5.178382788215167e-12, 4.3520126033562344e-13, 6.470537583488648e-13, 7.248716563441746e-12, 8.878163460135861e-13, 2.7611065254686367e-12, 7.109870711826735e-12, 1.06406212040919e-12, 2.926461217893251e-12, 6.794709296845409e-12, 2.1725042742161223e-12, 3.7128345972182186e-14, 1.4312405299831495e-11, 1.8149566220824555e-12, 1.742315771683178e-12, 2.0260802420379483e-12, 1.773937932675297e-12, 1.6813358814248366e-12, 2.862446515894069e-12, 3.7454170403027336e-13, 1.8572746150493646e-12, 5.748178856834225e-12, 6.009792168683552e-13, 9.253577387617519e-12, 7.85901125678916e-12, 1.7739446128567393e-12, 4.0849990964961404e-13, 1.9667575825822317e-12, 3.806097386024765e-12, 6.196549694723647e-12, 1.825676881000395e-12, 3.419824988521673e-12, 3.704724129801673e-12, 4.83453847362342e-12, 5.7831826521059416e-12, 5.610725260210917e-12, 4.10735913615729e-12, 9.205758279130104e-12, 1.7406023655083588e-12, 7.211974692592083e-12, 5.274895796373917e-13, 9.193799343408353e-13, 8.055493097485045e-12, 3.735052756978358e-12, 1.2567492718033778e-11, 3.046955267968843e-12, 3.255479923149169e-12, 1.6813733870805397e-12, 2.1983846635551113e-12, 1.5104506859365868e-13, 6.865683013878483e-12, 4.7413022528455894e-12, 3.5694631634823548e-12, 2.0942734999262005e-12, 5.617733484794281e-12, 5.542817255397843e-13, 1.0766694415392667e-12, 4.462058952093363e-12, 3.3076619764890394e-12, 1.340798311914236e-12, 6.625474833878705e-12, 6.046126074530225e-12, 7.271486173171328e-13, 1.3569345075695346e-12, 1.4033102485414584e-12, 2.4389041332100422e-12, 1.135306109105915e-12, 6.672464958520358e-13, 4.134074267601322e-12, 5.0757467335166594e-12, 5.263128994215541e-12, 2.886552657478788e-12, 1.709008018579116e-12, 1.7430085904736247e-12, 6.145731128181414e-12, 1.4550312749713314e-12, 5.6829390296413705e-12, 1.8387702478085025e-12, 1.4565114225490013e-12, 7.610494740106333e-12, 3.778625310947854e-12, 3.4288683398775598e-12, 5.044645092794172e-12, 3.020610788802691e-12, 4.89028719354302e-13, 1.5387666643808918e-12, 7.5097769858045e-12, 6.016151420136653e-12, 3.853145778498584e-12, 3.4870393423143e-13, 1.5254261110912234e-12, 5.890863064897099e-12, 2.2809997259082608e-12, 3.76421128287101e-12, 2.3446337079795795e-12, 8.776436008034705e-13, 3.278568959027382e-12, 5.628475939338809e-14, 1.3850418716631823e-12, 4.367952107882041e-12, 7.960601989802177e-13, 4.1610004676219545e-12, 2.4437249151777945e-12, 7.182727319816554e-12, 2.101185956920276e-12, 1.35038701092267e-12, 1.0854098563090958e-12, 4.5050461364960206e-14, 9.19002281868704e-12, 5.1395797386942005e-12, 3.1074007866533487e-12, 2.3783340851948843e-12, 1.307827759860399e-12, 2.062790411838598e-12, 3.3885956858490435e-12, 6.441876466129668e-12, 3.8141169818051375e-12, 3.931592556120154e-12, 5.1311289914099894e-12, 4.881799783711769e-12, 2.463361234942767e-12, 4.042267076689324e-12, 1.1272327064516697e-12, 1.196336408426902e-12, 5.180261294362809e-13, 1.142511923681304e-12, 1.7301036871485076e-12, 2.128408253983521e-12, 4.331503754910086e-12, 2.353393973701937e-12, 8.223139847748195e-12, 1.4257777917339118e-12, 1.6776681888985025e-12, 1.9486001636357245e-11, 3.0093172266723205e-12, 6.031255610982158e-13, 5.57939748201167e-13, 2.684345536885596e-12, 1.919219133084746e-12, 7.888221511090673e-13, 3.3742643351606543e-12, 2.297673733183104e-12]","[2.2003683550747217e-12, 8.325994754739472e-13, 8.901503250139768e-13, 1.9241374003052414e-12, 1.1955457511632866e-13, 2.0335220707156475e-12, 2.5562630153398693e-12, 6.713002006585132e-13, 6.864642389318238e-13, 7.709659547589876e-12, 2.752705094129625e-13, 6.932221594142715e-13, 2.127409366514552e-12, 2.0287433858584977e-13, 1.902861665299224e-12, 3.043712032337524e-12, 1.9269482122903394e-12, 1.6010805556562439e-12, 8.815214308899465e-12, 1.5627678411306823e-12, 9.712117367866598e-13, 8.197254037260936e-13, 2.867473742694561e-13, 1.8282839860638455e-12, 1.382389277762859e-13, 7.768001315820679e-13, 2.933393294542874e-12, 4.77128373211423e-12, 1.0865518908708898e-13, 3.0258203763836966e-12, 3.3150384310856666e-12, 1.484360520743541e-12, 6.13913565219707e-13, 1.0611128682245492e-12, 9.065072606131784e-13, 1.4617681749512104e-12, 2.245853792288656e-12, 2.2740309039581827e-12, 3.1746356569828574e-12, 2.0110025028713895e-12, 1.6691826789138767e-12, 1.9327776186685762e-13, 1.2343880289887639e-12, 2.9768621623024015e-12, 9.008005582675296e-14, 2.9421343472715954e-12, 2.755135142861992e-13, 1.879455776376071e-12, 2.219060400138196e-12, 1.8780977347737005e-12, 3.107945963289605e-12, 6.637641745451604e-13, 1.2143234193963893e-12, 2.74616015604365e-12, 3.069800509202018e-12, 8.569195360803366e-14, 1.979533048275225e-12, 3.3087239696832303e-12, 1.200418241581368e-12, 2.5031877019717675e-13, 2.4614591224697125e-12, 9.630805434502527e-13, 1.308689807278757e-12, 3.663190092574776e-12, 8.541996434437074e-13, 3.637729414506663e-12, 5.062379575560572e-12, 3.3879515019863506e-12, 1.3690414509698804e-12, 5.259726482048234e-13, 3.599366115339955e-13, 1.4822355315876523e-12, 1.1465113301873331e-12, 1.1736726535009738e-12, 8.312486637630722e-13, 4.315247291642889e-12, 1.1851281843525683e-12, 2.653937671865989e-12, 1.073648413871011e-12, 1.2748360565715547e-12, 2.2880183516669087e-12, 6.713454447842993e-13, 4.54307471020743e-12, 4.641502697521074e-13, 1.2631035883894764e-12, 1.270066221470267e-12, 1.7045711930760412e-12, 8.830166975118422e-13, 4.484430024214891e-12, 2.270345473134058e-12, 1.4545736243746811e-12, 6.199978531084096e-13, 2.39580888351209e-12, 1.912668623714956e-12, 3.9996415266599315e-12, 8.934966039062804e-13, 6.275357719489329e-13, 3.20144452273501e-12, 9.799118140894124e-13, 2.9237367787374387e-12, 7.534012216771248e-13, 6.449615462496791e-13, 1.2414257589510346e-12, 5.08190293843064e-13, 1.6434036180897288e-12, 6.729152488959095e-13, 3.9059115975707436e-13, 5.431208299675531e-12, 2.3362248154780177e-12, 3.842440069103198e-12, 1.6259259142740912e-12, 2.59426737637899e-12, 1.486713905491927e-12, 6.001706408705951e-13, 1.5181950049095044e-12, 2.8872202382893593e-12, 1.4262954385444354e-12, 1.1487723020380855e-12, 2.0752817554249208e-13, 2.182431934848148e-13, 3.140669025149583e-12, 9.913189161499632e-13, 3.127893057185661e-12, 1.147765436249104e-12, 4.136930583711736e-12, 2.7626837610056084e-12, 2.6078936995199e-12, 2.888340333716274e-12, 1.835298447809347e-12, 1.2701895633170745e-12, 1.1389400339398508e-12, 1.1614359118932091e-12, 4.842381168549826e-13, 2.4124418168156654e-12, 5.5496755239519384e-12, 1.378749663738458e-12, 3.251890832155876e-12, 2.235782994621249e-13, 9.414034606638773e-13, 4.6298690513839214e-12, 3.3933464379584344e-12, 6.840840267164124e-13, 1.6777067842466337e-12, 3.6214647542128097e-13, 6.942323366599197e-13, 1.0328142896668256e-12, 1.6727972132152924e-12, 2.8689161952842426e-12]","[2.278710378425073e-12, 1.7156541748101375e-12, 4.611813394125839e-12, 1.6418134779603258e-12, 1.0729381962821645e-12, 1.2956709956415345e-12, 3.720915580566805e-12, 5.818143069639064e-13, 1.3010545151995827e-12, 1.158820269064736e-12, 1.186264460773833e-12, 2.198422767233432e-12, 1.973317564221426e-12, 1.8081088080197174e-12, 2.871427083156987e-13, 1.6536453577479848e-12, 4.115495942678722e-12, 1.8701213103814734e-12, 2.1361934300200373e-13, 2.1251854398432686e-13, 7.273792013247459e-13, 3.988537744189807e-12, 1.4124807601294937e-12, 3.3674302727433213e-12, 1.4697743338910493e-12, 7.442977574469723e-13, 3.6210896046191675e-13, 2.8628892650844916e-12, 9.48757623601613e-13, 1.3525079750475422e-12, 3.0881488602360625e-12, 6.173281568428658e-13, 2.8098020103285745e-12, 1.3063532315493792e-12, 9.117829210471947e-13, 1.4423689419221728e-12, 2.253275207753493e-12, 5.356566795575587e-13, 2.179194782667915e-12, 2.3550587280356688e-12, 1.1456793849981178e-12, 4.232610545494476e-12, 1.3445510326780366e-12, 1.278864289150381e-12, 3.5489016488318374e-13, 4.142637891839593e-13, 6.399661879212327e-13, 2.880019282152659e-13, 1.0679854465787957e-12, 9.792809983422103e-13, 1.0592711761768796e-12, 4.035864622324287e-12, 5.337557534376036e-13, 2.6865072419939297e-12, 3.3298199256940445e-12, 3.591317778771427e-13, 3.1408491712718806e-12, 9.316943799384504e-13, 3.291362406881737e-13, 3.024474742830715e-13, 3.2853980978408795e-12, 2.147676132584628e-12, 4.352647152537406e-14, 1.7743536599201823e-12, 1.8269358901978014e-12, 1.236638383921714e-12, 5.63683290596507e-12, 9.350563855394434e-13, 2.317779284342288e-13, 5.470688828093991e-13, 2.9016390595020875e-13, 1.3980341768475544e-12, 7.638072911516723e-13, 3.1602485947309835e-12, 1.4876110908830752e-12, 3.6262731692399593e-13, 1.5970935343996451e-12, 6.708030487122939e-13, 1.8434214697419185e-12, 1.2554969496222785e-12, 2.399418170164223e-12, 3.167774945347951e-12, 1.1285969484768906e-12, 5.195900693699161e-13, 2.262190124604573e-12, 2.0747807648500328e-13, 1.6622252495617491e-12, 2.801511599697114e-12, 1.8105192477409441e-12, 2.3292347636199558e-12, 2.7254659264347066e-12, 1.0223728290562308e-12, 2.114611251909858e-12, 1.2679382220008512e-12, 8.144793519103706e-13, 5.89408051988494e-13, 1.9218103901143852e-13, 4.562043362227509e-13, 5.87761828102162e-13, 4.3851219674238496e-13, 1.1723772108706833e-12, 3.3764298870063274e-12, 7.723199873009679e-13, 2.3337932458590557e-12, 2.182448210820861e-12, 1.3086411060429251e-12, 1.6186535163398326e-12, 5.297012284591962e-13, 1.8460516171309337e-13, 1.8820741955273915e-12, 4.637361322200557e-13, 2.7949612722880366e-12, 1.8721341534699395e-12, 1.0694414358304058e-12, 8.337904786969198e-13, 1.561645116438129e-12, 2.1860508044404643e-12, 3.6031288431681234e-12, 1.7198206133394435e-12, 8.991032330853002e-13, 2.299376279596961e-12, 1.2981632980752189e-12, 2.2324030624319727e-12, 3.0132309801457437e-13, 1.7572522468229777e-12, 3.873489356114014e-12, 2.2457951649907624e-12, 2.1701527781666077e-12, 1.9949757998672037e-13, 5.146935279290929e-13, 1.6285414716161724e-12, 1.3448845169154307e-12, 3.7479036461997366e-13, 1.9687706758896266e-13, 1.064226877023988e-12, 1.2425501782491884e-12, 1.7845175465898923e-12, 1.832175997561647e-12, 1.274110270016442e-12, 7.87880794104947e-13, 1.1145270358399685e-12, 7.907035479957356e-13, 3.661424497272984e-12, 1.2314561643533467e-12, 2.0560513407820607e-12, 3.4153931267582574e-12, 2.142392695472531e-12, 2.6018290299810303e-12]","[2.153667329813982e-12, 1.7566913573754724e-12, 6.612285053518462e-12, 3.219403665501123e-12, 3.2446406775076386e-12, 1.5697082114319717e-12, 5.002908901232543e-12, 9.973279380990532e-13, 9.993607959449243e-13, 7.340573686152101e-13, 3.760866721189749e-12, 4.012242225061079e-12, 4.7867157125239535e-12, 2.335347465505399e-12, 2.9645431525265703e-12, 8.91453803630424e-13, 5.337948479170458e-12, 9.401861122987152e-13, 4.289561555060698e-12, 1.8569438030382758e-13, 2.63392409937937e-13, 8.024206808443666e-12, 4.16519177338947e-12, 2.214704996125202e-12, 1.0658010394188389e-12, 1.4537357915135432e-12, 3.017596750968199e-13, 2.406126427128003e-12, 5.0326407022162885e-12, 4.342935745127134e-12, 3.1468598219440786e-12, 6.790557532512837e-14, 5.125526166920438e-12, 3.4702536406819645e-12, 5.757552871802836e-13, 5.702918474671502e-12, 1.9341974600916904e-12, 2.6065636862083383e-12, 5.305753915510347e-13, 7.108659132754287e-13, 3.804943131661552e-13, 7.955602796563585e-12, 3.2048612038537775e-12, 2.547054678782135e-12, 8.513623475667178e-13, 1.582905926426136e-12, 1.3558635963578752e-12, 1.558278203288846e-13, 5.985484160282783e-13, 4.895799435766103e-12, 1.9245739758489167e-12, 2.192474578324146e-12, 1.1702754620009281e-12, 2.1668754734169265e-12, 5.181675175148889e-12, 9.369051626508562e-13, 2.3771410492431607e-12, 2.734364231139784e-12, 2.413890273442265e-12, 3.3577529832722994e-13, 5.53654749741074e-12, 3.363229314335821e-12, 2.25208028790954e-12, 2.9549859607453684e-12, 9.391692261701383e-13, 3.2605960318471452e-12, 7.387865293627684e-12, 4.584478730606865e-12, 2.1699282682748435e-12, 5.00485292137644e-12, 8.903023814560988e-13, 2.3807475342298676e-12, 5.629613894963089e-13, 3.3374010034752035e-12, 2.7822139900264935e-12, 6.802225225661141e-13, 1.487153282581655e-12, 7.805306794838324e-13, 5.566198503518583e-12, 1.7558630697773019e-12, 1.5563719561653623e-12, 6.3480672067788405e-12, 2.638212668974584e-12, 1.347155394455208e-12, 2.9139393921012463e-12, 2.456062054941291e-12, 3.0753682301362013e-12, 2.368981426577559e-12, 4.875009476058097e-12, 5.372981140684097e-12, 4.011338778375335e-12, 2.4138666331591962e-12, 4.291470044190708e-13, 1.226964353069711e-12, 6.772254788238502e-13, 6.877178865728524e-13, 2.3040186938629303e-12, 1.9989554214563845e-12, 1.0191315972062817e-12, 5.210353230691112e-13, 2.614171946784222e-12, 3.1572582122497847e-12, 1.5081449285976887e-12, 2.3299019805966337e-12, 1.6304146255098999e-12, 1.753136638509682e-12, 3.626467529535533e-12, 8.714922272213341e-13, 1.3335029532650966e-12, 3.5824447606004833e-12, 2.353012447280554e-12, 2.0120380399348284e-12, 3.1964541821719735e-12, 6.227821742666153e-12, 2.8898855446632797e-12, 4.9974088727470306e-12, 2.388484009081744e-12, 1.6134906068264964e-12, 2.110126306210703e-12, 3.530320826973008e-12, 5.306258559633902e-12, 4.920673073220407e-12, 1.0158091328591468e-12, 1.3649593882822204e-12, 3.225950080807788e-12, 3.498480698828353e-12, 6.121589321886419e-12, 4.795001050006253e-12, 5.881273536746637e-13, 3.4095358332330596e-13, 4.869271352531889e-12, 1.0838713560980903e-12, 2.9263335746694866e-12, 2.2651405625701092e-13, 9.5646593766161e-13, 1.5945672652475749e-12, 6.074299082151129e-12, 2.425866368675055e-12, 1.7426435425785361e-12, 6.763170293450319e-12, 1.89455733896712e-12, 1.4325751791881972e-12, 1.0050974968787127e-11, 1.7495043119764068e-12, 1.7538889398932249e-12, 1.8499426644699593e-12, 7.064962126587465e-12, 8.423332327843973e-12]","[2.746900302800835e-12, 5.381055329904748e-13, 2.300176444912068e-12, 1.4185779729374906e-12, 1.4982984839837694e-12, 5.106517538957263e-13, 3.993594001576472e-12, 6.971624993374035e-13, 6.244985590963144e-13, 8.624791638750418e-12, 7.49352254072155e-13, 1.1143617762972096e-12, 8.116764323368805e-13, 8.049727870128137e-13, 5.215167107628777e-13, 1.5301562036796892e-12, 6.6896191546211946e-12, 1.2532178671981589e-12, 3.4045573752454197e-12, 2.532230763966766e-13, 9.824675464051952e-13, 3.5994786332260656e-12, 4.3865937186978237e-13, 8.425860794276223e-13, 9.279254751913817e-13, 1.5767567048133958e-12, 3.4821285432350546e-12, 6.4819709392725154e-12, 2.0503284600441764e-12, 1.6090632323941413e-12, 4.6762708000311246e-12, 1.1734988355836654e-12, 3.2949931996421774e-12, 1.9390878633103142e-12, 2.1157595259065037e-13, 3.933957573246554e-13, 4.2609004299579715e-12, 2.2580434328853984e-12, 3.4811705434257754e-12, 2.8901256869298935e-12, 1.2793393751614183e-12, 5.288802463147544e-12, 9.38297581879376e-13, 2.2693966791377756e-12, 7.259322605024981e-13, 4.12974390086101e-13, 1.2416517389589554e-12, 1.378944657232925e-12, 1.8197248322962458e-12, 1.2491977174942949e-12, 7.236273422857371e-13, 1.481897780801421e-13, 6.54983522432429e-13, 1.509840589422043e-12, 6.901093103136232e-12, 1.2174204571321392e-12, 2.144845028746834e-12, 2.2017561556500603e-12, 5.695345012646412e-13, 4.638278112022216e-13, 2.17590072493933e-12, 7.289489828091281e-13, 2.3147710145496566e-12, 1.6184228423490825e-12, 4.22661314289444e-12, 3.871302290754915e-12, 1.8415579611576205e-12, 2.932136319630235e-12, 1.116956536217932e-12, 9.088904192786507e-13, 2.2563620071517444e-12, 2.1495937216069048e-12, 1.778645800475249e-12, 4.4717756285991104e-13, 9.492010591867111e-13, 1.9685508456001227e-12, 5.653284337509092e-13, 3.4601340410549436e-12, 2.4868519887176615e-12, 1.3840269981715736e-12, 1.3500951941531335e-12, 2.5630517994936272e-12, 2.8032667050704876e-12, 1.2792205961766056e-12, 1.8485057758730222e-12, 1.466434666660249e-12, 1.2735769191290621e-12, 1.874985986148037e-12, 1.4856947507395302e-12, 3.214536257084403e-12, 2.4765835879032093e-12, 1.6169686172047714e-12, 1.8425558804876545e-12, 1.7667153659086878e-12, 2.440942798209326e-12, 9.850269868761638e-13, 9.42165020235013e-13, 1.154956145180784e-12, 8.22546040186159e-13, 2.4133950026505017e-12, 4.241398556563918e-13, 2.7513131994044778e-12, 1.283697565317813e-12, 1.2036876967201533e-12, 1.7969280960884473e-12, 1.4983871703724633e-12, 1.179860053097069e-12, 2.9585096647632686e-12, 2.4353653803624375e-12, 1.7408910259982952e-12, 3.238475035892473e-13, 2.8066818414462155e-12, 2.775607547235637e-12, 2.27361917142234e-12, 3.789276809175312e-12, 4.1106474596702275e-12, 1.3187091090120833e-12, 1.0888130542264256e-12, 1.0567419326231195e-12, 1.5358873441913234e-12, 6.816891901413747e-13, 7.073392201149454e-13, 3.797223049520394e-12, 4.900157950159425e-13, 4.278793008621356e-12, 9.424848257021402e-13, 3.823847730109129e-12, 2.5468466891713854e-12, 1.2424826471623695e-12, 2.4113218246181517e-12, 2.820272899314585e-12, 3.9339286926901786e-13, 1.2255892162082529e-12, 7.295727721204963e-13, 6.259304520772711e-12, 1.6961406679922883e-12, 1.6964182007540904e-12, 1.457905746968136e-12, 2.01643792505581e-12, 1.1897855936204628e-12, 2.311428718588062e-12, 1.9975270519606614e-12, 3.1218438458223495e-12, 6.387592054176934e-13, 2.5502445952543453e-12, 6.487040587010868e-13, 1.2295048949571774e-12, 5.314453785535291e-12]","[4.317187968459032e-12, 1.118120348764984e-12, 9.2848911642038e-13, 2.3723614871465437e-12, 7.768993596313346e-13, 2.5275932230337533e-12, 8.714237669559564e-13, 4.09142473819794e-12, 3.941895032721069e-13, 9.018763221145288e-12, 8.226468452573318e-13, 2.6629977766184146e-12, 3.5403171098955006e-12, 4.099618901399006e-13, 2.1876094804244302e-12, 1.3002280099529813e-12, 1.6413651225228503e-12, 6.102045801280136e-13, 5.108711788334454e-12, 1.9518363738440904e-12, 5.191611928362862e-13, 2.361390843980843e-12, 7.44715610853592e-13, 2.9867010947409464e-12, 5.989802245715901e-13, 2.6736756604156602e-12, 7.614685433481573e-12, 8.770979457175854e-12, 1.4883223652213584e-12, 3.504835634678282e-12, 7.794764690055446e-12, 3.7065301428462583e-13, 9.641347332262148e-13, 2.640286001608868e-13, 6.106478502197742e-13, 3.5426619390448924e-12, 5.80627345354368e-12, 8.975272798219784e-13, 8.178806128482079e-12, 1.6916010277578032e-12, 8.144641669762789e-13, 2.0105073512038178e-12, 3.5240768890228398e-12, 3.1676856198284423e-12, 6.11300839725685e-13, 2.8568271242923874e-12, 1.2385103042131226e-12, 1.544637638923633e-12, 1.8724320862800357e-12, 8.944963605538278e-13, 3.1828632027718865e-12, 1.467809167434531e-12, 1.5872470083666974e-12, 5.735131838132076e-13, 6.728954633924359e-12, 4.2457827137722285e-12, 1.056711231261262e-12, 2.23759842775459e-12, 1.0767859299302295e-12, 1.491462231084834e-12, 3.08477980712179e-12, 1.1211792217765093e-12, 3.2770588446343883e-12, 6.1261070995075626e-12, 4.811022335617445e-12, 4.996427233478363e-12, 3.4614773603975315e-12, 3.444852915816448e-12, 3.4063834489571634e-12, 9.94772403442869e-13, 3.978833594674052e-12, 3.292284285031672e-12, 2.107680851521558e-12, 8.363311419776022e-14, 1.7657629917376148e-12, 1.0786076678366022e-12, 3.4364016063768556e-12, 3.1234267957072775e-12, 2.526526370798023e-12, 4.322146453554027e-12, 2.1745822215063064e-12, 9.627062545570471e-13, 3.4257686968618754e-12, 4.199623923871769e-13, 1.0630743280861185e-12, 7.985911373566058e-13, 6.5469702770296186e-12, 8.312703578189602e-13, 5.721564696604222e-12, 3.0608799866091634e-12, 3.231686118926147e-12, 7.449385809145891e-13, 3.4171368743799533e-12, 1.4438363041641537e-12, 1.0057090203107717e-11, 1.6147750918036247e-12, 3.2611869469588568e-12, 3.4673480274165187e-12, 2.9179816644190697e-13, 2.7516073567451893e-12, 7.35777546374929e-13, 1.5955488700829831e-12, 2.7162148866096473e-12, 1.6704078631884328e-13, 2.1703796038348603e-12, 3.4639936944034658e-12, 4.2744264171933824e-13, 2.360660135651347e-12, 9.826368803744927e-12, 3.5808717143156437e-12, 4.473386301662304e-12, 3.0542279738183612e-12, 1.6632596427483603e-12, 2.1549093287893594e-12, 4.670990530759228e-12, 4.574306503183162e-12, 2.118261856880006e-12, 3.661881464780062e-12, 1.1712364272343317e-12, 1.0701850462437374e-12, 2.3508167055728995e-12, 1.56202554804708e-12, 3.884128356458979e-12, 1.951337531361269e-12, 3.422457051449115e-12, 1.1211026031283868e-11, 5.275742285986347e-12, 1.219316642581838e-11, 5.434362834553438e-12, 2.643324276024941e-12, 1.3732462598173312e-12, 1.2575029257748133e-12, 1.5544528737325805e-12, 3.981549897439319e-12, 4.9639611637838385e-12, 1.665130235033118e-12, 2.0941133053751567e-12, 4.2638118380080127e-13, 9.310867685407162e-13, 6.940678314300168e-12, 7.1255410262642455e-12, 4.384752817871626e-14, 5.946204763035506e-13, 1.8256213979105278e-13, 3.325330296920013e-12, 5.971784223599138e-13, 3.260535060793613e-12, 1.86387391553619e-12]","[6.3173772768229255e-12, 1.658041407701316e-12, 9.566198100301783e-13, 2.1984461240091846e-12, 1.547612918423523e-12, 1.2649947097383096e-12, 1.4948061741519102e-12, 5.0632095074687344e-12, 2.0477975220233498e-12, 8.699781995174073e-12, 8.987958026622153e-13, 5.620013212903707e-12, 2.0774533252633085e-12, 5.412944941381439e-13, 2.664516533444504e-12, 7.721810916778681e-13, 1.93799048375509e-12, 7.520876401918461e-13, 7.008080017270439e-13, 1.0340263210667252e-12, 7.062851884687562e-13, 5.543384765759129e-12, 1.3338496529134856e-12, 3.157272522271204e-12, 1.4830093063634457e-12, 1.2318372913942005e-12, 6.5606816306522685e-12, 8.599719131144178e-12, 6.455967751246765e-12, 4.787022462557145e-12, 8.3119416702603e-12, 1.5872205909318354e-12, 2.1074271725004795e-12, 5.395041237265141e-13, 4.340550176517426e-13, 2.796278123301445e-12, 2.550422840733839e-12, 2.253689759623801e-12, 5.2342899985397264e-12, 1.444708087634331e-12, 3.3641480123981583e-12, 3.897707966276294e-12, 1.952703158452452e-12, 1.3935500943732587e-12, 1.2041927616410225e-12, 9.758290639985416e-13, 1.5441693761452293e-12, 2.3160136967381906e-12, 7.202927063262131e-13, 4.300496572770222e-12, 3.595040991704492e-12, 1.8083399399661634e-12, 1.9049867459979912e-12, 5.487261005903392e-13, 5.51853679690259e-12, 1.6225348500562539e-12, 2.9555454603088297e-12, 8.883792372479444e-13, 1.6860008524183047e-12, 2.6483391761900156e-12, 4.954095796346933e-12, 8.230388948722017e-13, 3.279802682543766e-12, 3.344696173294988e-12, 4.7094820024541784e-12, 1.0072823816059222e-12, 7.534805190326196e-13, 2.1772840582564614e-12, 2.5886491322459598e-12, 6.376696311904223e-12, 9.584730859500718e-12, 3.422698656593639e-12, 6.163447806504426e-12, 2.7377003314958422e-12, 1.0080506925050865e-11, 3.040345166089659e-12, 1.9397142352570917e-12, 4.037812724418814e-12, 4.418562344907684e-12, 2.5091746521818655e-12, 1.2562688473804505e-12, 1.4154308863185499e-13, 3.0145417709418055e-12, 2.1163324734715887e-12, 8.118041566677642e-13, 1.0242217163724788e-12, 3.954453255131775e-12, 1.0973911209422422e-12, 7.258650699537366e-13, 2.5595116317151338e-12, 1.4626873871864618e-12, 4.704940366927795e-13, 2.2434462818112305e-12, 4.419752685023577e-12, 6.1371048341535654e-12, 4.4962006602715664e-13, 2.1132902757941006e-12, 1.980488675620745e-12, 3.380914112556175e-13, 3.835984775268956e-12, 1.5735124026343947e-13, 2.51095354060822e-12, 5.898963781101755e-12, 1.168402078214095e-12, 3.898493811145956e-12, 2.212615337663233e-12, 1.719372078179022e-12, 2.937405603216465e-13, 5.923316534311156e-12, 4.779626572126297e-12, 1.20420763519647e-12, 1.3810692715988505e-12, 4.1747223092809615e-12, 5.012496264531848e-12, 6.540073471505562e-12, 4.1359302435352784e-12, 3.1317534276037144e-12, 9.392051719658834e-13, 6.514753002889622e-13, 1.143844392283004e-12, 8.169762718064817e-13, 1.2736721477460558e-12, 7.934300694342177e-13, 5.286808402148982e-13, 2.9684934752430643e-12, 4.2868032148612635e-12, 7.323978308016557e-12, 8.343425031393792e-12, 9.15352740723814e-12, 2.453283443295606e-12, 1.1495291668843099e-12, 3.1910574071951054e-12, 1.362605724387195e-12, 2.018860623945998e-12, 2.600180790629195e-12, 3.4248185762603784e-12, 2.0540601213014145e-12, 9.123710125795013e-13, 6.17088051638214e-14, 8.190486397564728e-13, 3.0465726549755737e-12, 2.173719108466284e-12, 2.8581266040300245e-12, 9.99517939176717e-13, 2.5503680898321867e-12, 1.972668712695772e-12, 2.5987019637544397e-12, 2.8254804282241336e-12]","[6.102928582823521e-12, 4.308751178722397e-12, 3.3289552597565844e-13, 1.502892775315072e-12, 2.1201582362424786e-12, 1.769857328194109e-12, 2.808206713526084e-12, 3.836302148933299e-12, 5.809730436937304e-12, 3.145106542100707e-12, 6.824961885862797e-13, 7.877253959519103e-12, 3.537702045236633e-12, 9.019861890187339e-13, 1.9238072554186317e-12, 1.428059276612892e-12, 1.766781103382577e-12, 2.1264746095176594e-12, 2.454651609855411e-12, 2.56359974863138e-12, 4.943329331311691e-13, 3.935686723320561e-12, 1.1427556988328684e-12, 3.2515216764955046e-12, 2.176898139103292e-12, 5.352556938190052e-13, 4.1663656054974836e-12, 6.295914334509881e-12, 8.0217107581942e-12, 5.362412992249087e-12, 6.439203511655003e-12, 2.7323483983616255e-12, 2.5174212685752602e-12, 2.2619123199642478e-12, 5.507577800479944e-13, 3.025438394826444e-12, 1.8212328949971082e-12, 3.225042908750247e-12, 4.327860396089789e-12, 3.397585215165688e-12, 4.967150256386397e-12, 4.096084227583942e-12, 7.354930857719917e-13, 2.0676240839720807e-12, 2.099678036552548e-12, 3.699843703501652e-12, 1.9627719670753242e-12, 6.78050938747403e-12, 1.3175126070048643e-12, 3.6209980975319e-12, 4.255306542024658e-12, 5.782951627456645e-12, 4.019682131052115e-12, 1.50509923321996e-12, 8.858462839529096e-13, 8.35748901533388e-13, 3.360444368148722e-12, 3.0156346392553895e-12, 5.346441852773148e-13, 3.117078553654896e-12, 5.255710563246532e-12, 2.9975977081130553e-12, 2.1290582603578523e-12, 3.786291686979352e-12, 2.2356324007134796e-12, 1.4530879466430356e-12, 7.920671634511175e-13, 4.682694352064092e-12, 2.1656112827606263e-12, 7.492987407315129e-12, 6.804527343399685e-12, 3.660542233842898e-12, 5.6187324813439495e-12, 3.345360809983702e-12, 1.2637465493029827e-11, 2.553262844325659e-12, 2.1738591694155576e-12, 6.242292906630925e-12, 4.392293812866327e-12, 2.2060476876643187e-12, 2.8202253136672727e-12, 2.240630004922248e-13, 6.691890464698374e-12, 2.8915635048576224e-12, 1.0316996474843535e-12, 7.123050095890985e-13, 2.12294811744041e-12, 4.309607944461157e-12, 2.5772839518231325e-13, 3.2208065109140212e-12, 1.0151309695741636e-12, 5.212073473108499e-13, 3.5256032651416293e-12, 8.770196486447075e-12, 6.505057614956072e-12, 4.3343816238383516e-13, 2.663831212774071e-12, 3.2434109493202946e-12, 1.8069111157444967e-12, 1.904058201901332e-12, 5.638674554156081e-13, 2.835640626454221e-12, 6.162918513879534e-12, 4.2753575150640525e-12, 6.588562877894672e-12, 8.021064462620316e-13, 3.0238615868409213e-12, 1.2735189874970651e-12, 1.8351869834799986e-12, 4.937291632685329e-12, 1.073616730269674e-12, 1.476370302575134e-12, 3.764889448344581e-12, 6.426408114208759e-12, 5.280808971458898e-12, 3.243736465765822e-12, 3.0455545116940145e-12, 4.363265239722674e-13, 4.1512969676355856e-13, 6.77144228302057e-13, 1.6341469102147e-12, 4.053368191704428e-12, 2.088117226838826e-12, 3.275734315036848e-13, 8.381685935719328e-13, 1.9713611184624867e-12, 1.032911142276103e-11, 5.788377316049255e-12, 1.1547069258652918e-11, 2.658782603341328e-12, 1.7266451875443323e-12, 4.284922353032608e-12, 8.381905391540768e-13, 8.164513470021723e-13, 5.275764601350416e-12, 3.601411126373705e-12, 3.1485734348886734e-12, 1.1168859861845819e-12, 3.9808352363591654e-13, 3.3071404950316276e-13, 1.0158805803345884e-12, 3.68389924850845e-12, 4.614837901164864e-12, 2.518440948213622e-12, 1.6270454595946164e-12, 1.584397560760083e-12, 3.979988781083113e-12, 3.7402331415102024e-13]","[6.416471103187425e-12, 4.2743168244528944e-12, 4.3676948818694727e-13, 1.480868535747674e-12, 1.7299777843465625e-12, 1.882438109214133e-12, 3.0319761718497824e-12, 3.999855609977377e-12, 5.825910100645079e-12, 3.1656168767421734e-12, 6.798695692905537e-13, 8.31134250622652e-12, 4.1231087744919826e-12, 1.040792349085761e-12, 1.6622648687706161e-12, 1.4822423833363005e-12, 1.6210726917805102e-12, 1.9743178015639606e-12, 2.7658659237527408e-12, 2.3390898322163436e-12, 4.662739461112249e-13, 4.04024003718874e-12, 1.0912302900082995e-12, 3.2553709161972443e-12, 2.4220412232072633e-12, 5.647713195772005e-13, 3.901945766483988e-12, 5.531211587046473e-12, 8.218067305263797e-12, 5.2480633072337725e-12, 6.363564291539236e-12, 2.665134979923791e-12, 2.195930192472658e-12, 2.1527697522347514e-12, 5.211000866994948e-13, 2.6710911456426496e-12, 1.7240578952795438e-12, 2.8490855418175506e-12, 4.226624753993349e-12, 4.276430563849165e-12, 4.445448085052747e-12, 3.234019522099958e-12, 4.821176803397674e-13, 2.1353923633056024e-12, 2.1904976294549503e-12, 3.2740582192286515e-12, 2.2246491936154393e-12, 6.4287305047669996e-12, 1.1233459345220245e-12, 3.7973790203436856e-12, 4.807921265998439e-12, 5.933691486366961e-12, 3.659089886222105e-12, 1.3183413435629138e-12, 8.296909043972e-13, 8.003015080718915e-13, 3.351987754107195e-12, 2.8320721581235385e-12, 4.847946731704019e-13, 3.278037025770875e-12, 5.472225536662589e-12, 3.1001741601374244e-12, 2.42067909079194e-12, 3.961459082513869e-12, 2.3481615885341604e-12, 1.4946709420280235e-12, 6.319140399342412e-13, 4.664281479877143e-12, 2.380366563828731e-12, 7.66580041970089e-12, 6.975980861987488e-12, 2.7761835308083795e-12, 5.8924604933990385e-12, 3.401431308072777e-12, 1.3602758331437252e-11, 2.7873740278242252e-12, 2.0661426939737932e-12, 6.730275762115534e-12, 4.4816375697822954e-12, 2.1663347102980194e-12, 3.309387173000184e-12, 2.014660714961751e-13, 7.49621558592208e-12, 3.3281128832412732e-12, 1.0442423234984266e-12, 6.097937986243598e-13, 2.4021627655442495e-12, 4.288581469988942e-12, 2.5033697687032866e-13, 3.213997177681997e-12, 9.566543139978983e-13, 6.50839679825394e-13, 3.5372689355932862e-12, 8.509718197029033e-12, 7.465197279407461e-12, 3.3341222496355494e-13, 2.9368013180763607e-12, 3.1825202465934693e-12, 1.4123988617947387e-12, 2.041704779264902e-12, 4.709754204234973e-13, 3.138634367712352e-12, 5.676491150373203e-12, 4.218163327625435e-12, 6.594469788214688e-12, 9.11437248239807e-13, 2.743505819279079e-12, 1.3117544250539956e-12, 2.0435310564333517e-12, 4.723396555836944e-12, 1.0684828457693752e-12, 1.2834025436526569e-12, 3.3252567799854233e-12, 6.768080833458954e-12, 5.474666349589529e-12, 3.1903139908342716e-12, 2.4548029347108028e-12, 4.89587686002873e-13, 4.1451857531962884e-13, 7.56841049782855e-13, 1.9827120719102487e-12, 3.811252136068516e-12, 1.880286109265455e-12, 4.436654646664242e-13, 1.1168867450988679e-12, 1.9681482984820602e-12, 1.0130190325748866e-11, 5.660574511544607e-12, 1.1776709339908216e-11, 1.9458202145444637e-12, 2.1422099841624385e-12, 4.26469492152508e-12, 7.115042665331197e-13, 9.017096751716123e-13, 4.694993551852598e-12, 3.36666522197074e-12, 3.1877543135705733e-12, 1.262806598180059e-12, 3.5920089667106947e-13, 3.664432909152147e-13, 1.2748590996334194e-12, 3.677781529904858e-12, 4.074416791059487e-12, 2.4444765469494433e-12, 1.9414705400209635e-12, 2.0010346363976436e-12, 3.812729557841761e-12, 3.8128190529988013e-13]","[1.4887171069285792e-12, 3.835893446740454e-12, 8.22050195783433e-13, 1.6367319990489771e-12, 2.001595882360612e-12, 6.351061778490704e-13, 5.74095033708095e-13, 1.98971697131511e-12, 1.964042936794154e-12, 3.501454725298555e-12, 4.5495392099670964e-14, 2.690802492155163e-12, 5.7057209712958285e-12, 2.2613326677560574e-12, 3.853168045674008e-12, 9.079437275564756e-13, 2.6552847248319e-12, 9.198897826173206e-13, 4.851160952931072e-12, 1.16618962001949e-12, 7.754328500606162e-13, 3.336740741635617e-12, 2.1986245900903193e-12, 1.0147730271812905e-12, 2.2703545009379825e-12, 7.940445313313837e-13, 1.8597158879042705e-12, 1.8391961040821354e-12, 1.4548223008626783e-12, 3.1156566549046424e-12, 1.8633149367384515e-12, 2.969965126658471e-13, 2.4964778037923665e-12, 2.8459787567976685e-12, 1.6604128664532816e-12, 3.0184327920445352e-12, 5.272611196884307e-13, 7.951039020605505e-13, 1.1499252749991916e-12, 4.26739248779618e-12, 5.696069305550701e-12, 7.717503921382317e-12, 2.5532504280773664e-12, 1.6056884257766336e-12, 2.5718740708804462e-12, 2.009835842115064e-12, 9.687952607610803e-13, 2.3063265972944582e-12, 1.801776105654344e-12, 3.196869866509602e-12, 1.5623377616299816e-12, 4.1335810791061695e-12, 1.6533102662312961e-12, 1.0699643295074995e-12, 5.2114417940810236e-12, 3.9183185200003196e-13, 2.1656690405916952e-12, 5.411908772952487e-12, 1.107051453235377e-12, 1.196245714955845e-12, 3.400603533049844e-12, 3.6315397414048122e-12, 2.591133961195544e-12, 1.3677782526243e-12, 6.940882681169283e-13, 1.0023043316133281e-12, 4.220786649075425e-12, 3.153470796497377e-12, 2.2861280004505207e-12, 5.04521882753461e-12, 1.4377289515348055e-12, 1.1414832457898302e-12, 1.3885367125597775e-12, 5.577571240890569e-12, 7.76572330990143e-12, 1.5989291439445755e-12, 1.2991212988862087e-12, 2.587466024599309e-12, 6.963157102660575e-12, 5.78655030727583e-13, 2.6401924155208083e-12, 4.2106925972501414e-12, 2.9875453445704804e-12, 1.0926333789505378e-12, 1.1446542732008485e-12, 2.034276468504327e-12, 8.301607292322258e-13, 6.3227418960584295e-12, 3.2794199176372372e-12, 1.0043314353472476e-12, 9.662353524948232e-13, 1.539236134416896e-12, 3.955692000165647e-12, 5.230115835302884e-12, 4.097157754259262e-12, 8.058366697055186e-13, 1.1150881785127226e-12, 3.3088160520346448e-12, 1.1601360231717104e-12, 1.0748631681948507e-12, 2.6881307613301822e-12, 6.417426045641794e-13, 1.8742421991820165e-12, 3.4871007202480574e-12, 4.038186134780054e-12, 2.276283083931685e-12, 1.5963764230299897e-12, 6.905408161311729e-13, 3.4915474165316994e-12, 1.4381813928555326e-12, 5.319489910981401e-12, 1.6791961731061661e-12, 1.0856128998604354e-12, 6.163853044437064e-12, 7.344003596070926e-12, 4.023283238201783e-12, 1.9358016760972798e-12, 3.84843054178428e-12, 1.1860829046129173e-12, 4.122517492819281e-12, 2.3948541083579706e-12, 6.043697635794734e-12, 3.98782071302326e-12, 4.200778767662364e-12, 2.4471329388703644e-12, 1.2104502849654747e-12, 4.753721468777516e-12, 2.777799192896369e-13, 4.361109586643749e-12, 1.0257292322437275e-12, 1.41941447879681e-12, 3.2990730358963445e-12, 4.263623181973863e-13, 8.744009626260757e-13, 1.0027740126004339e-12, 1.0929318142843882e-12, 8.026613490355926e-12, 5.129520904406961e-12, 2.5916228441530927e-12, 7.954060518679984e-12, 2.336232765114491e-12, 3.041465203690861e-12, 4.8169927839382795e-12, 2.0418149208216116e-12, 2.13667051984393e-13, 8.66732364679263e-13, 5.1168867315754834e-12, 1.064863667639322e-12]","[5.930929976099698e-12, 8.718393942739757e-12, 2.4349179072429965e-12, 5.963960289401402e-12, 1.1316568788654647e-12, 4.635391474417332e-12, 6.6426131486664575e-12, 3.1801603263185197e-12, 4.70232969512043e-12, 9.037925210990658e-12, 2.8745190616140084e-12, 3.688019740184893e-12, 8.572700597511467e-12, 2.5247397583640257e-12, 3.1105122802131074e-12, 3.822060140993325e-12, 8.18700225406125e-12, 5.1763988562989785e-12, 9.470211891111636e-12, 1.1416404757904018e-12, 1.7149073531263894e-12, 2.2112312849194287e-12, 3.760611594656768e-12, 9.008551183515723e-13, 3.8152756115250915e-12, 1.962931555245951e-12, 1.4142769773581207e-12, 5.209729968839141e-12, 4.059194750906091e-12, 5.877803025730009e-12, 8.740940355223935e-13, 2.9671839300527545e-12, 3.909798705445165e-12, 2.552590223887766e-12, 1.0204671205724725e-12, 3.2008155811059984e-12, 1.622756738296263e-12, 1.2454853625402235e-13, 5.029133953368605e-12, 1.764633826710569e-11, 1.2637895021810947e-11, 2.9254616668190784e-12, 2.408166312166289e-12, 9.561083516255166e-13, 2.7137360189702433e-12, 3.5751910851009105e-12, 3.712645718162624e-13, 6.883187794288048e-12, 9.652201791015879e-13, 7.387079856780145e-12, 6.13884156636772e-13, 1.1674156672290998e-11, 5.658161208583349e-12, 4.1337390073926435e-12, 2.0651508535110186e-12, 1.7939260795675148e-12, 4.555964356837338e-12, 3.4059679185754444e-12, 2.0764369731355436e-12, 4.9035257901225e-12, 4.9682834360842455e-12, 4.824399619514814e-12, 3.74146274481726e-12, 2.804426102964182e-12, 3.987757437434083e-12, 7.928772727720111e-12, 2.4574961025432433e-12, 2.967969915485463e-12, 7.748201466320197e-13, 5.454270475788263e-12, 2.291314184627936e-12, 1.8676801968693456e-12, 3.9938899020077956e-12, 8.242417494532162e-12, 1.662207357127431e-11, 4.615729103138359e-12, 2.8551310019371164e-12, 4.67238458481997e-12, 3.249068524471473e-12, 1.2490336991563134e-12, 5.091373891047807e-12, 1.9487198578357185e-12, 2.6105749273011808e-12, 1.653671771953667e-12, 9.49319761181053e-13, 1.6299285059150896e-12, 3.374004732534782e-12, 1.71540593728594e-11, 4.433585089169076e-13, 1.1597085573529974e-12, 1.1682132743725643e-12, 3.2026248816478546e-12, 5.124180345160464e-12, 6.596363535766108e-12, 6.0082442463577815e-12, 1.3281667312022104e-12, 4.349459523202869e-12, 3.265938088929302e-12, 2.6052078110330073e-13, 3.9421615592092233e-13, 1.2914266771659878e-12, 3.70648300445407e-12, 2.8595098048265715e-12, 2.6670493029540405e-12, 3.761547256681798e-12, 3.3139303309393406e-12, 9.757351656897222e-13, 1.8324036861128325e-12, 1.1679848837156625e-12, 1.477651099547988e-12, 3.1054257080475125e-12, 6.2242464359484594e-12, 4.037001057994739e-12, 4.960329633939399e-12, 4.065260584535175e-12, 4.911664682189113e-12, 4.459665165837417e-12, 9.514551772065321e-12, 7.858848692227104e-13, 4.361645252305441e-12, 3.0306094873159974e-12, 6.257085587791272e-12, 8.096539726191376e-12, 1.813602168332015e-12, 6.443293211020867e-13, 3.707137007219203e-12, 4.586768887345711e-12, 3.5291582964264922e-12, 3.4098798678806547e-12, 2.178427711969968e-12, 2.9926577087251126e-12, 5.34987612603017e-12, 1.2410030232704853e-12, 1.869013503548813e-12, 2.5628734118927678e-12, 4.268823948497241e-12, 2.7057710159732085e-12, 4.274625142506391e-12, 1.1423937448170596e-12, 1.814712900103788e-12, 7.516487835331812e-13, 4.8268734871213714e-12, 4.580369844527098e-12, 1.529442062855837e-12, 5.729871857126509e-13, 4.357338995701671e-12, 1.184449461390455e-12, 4.485818724248754e-13]","[2.1908495325653303e-12, 3.753502646720757e-12, 1.1833334092139678e-12, 1.5644886992510891e-12, 5.591269059007678e-13, 1.980999238703871e-12, 3.124921910037244e-12, 1.38287095509184e-12, 2.1304502815675336e-12, 4.015662765817359e-12, 1.2086514038819684e-12, 5.572528125777117e-13, 3.744545389050218e-12, 1.6071833281767842e-12, 1.4152880262310941e-12, 1.7571529619122457e-12, 2.7382096373696396e-12, 1.08165625443098e-12, 8.75474651061732e-12, 3.944684020176298e-13, 7.745154972425486e-13, 2.5853879520354413e-12, 2.2697838723974308e-12, 1.3314192168092608e-12, 5.348836140045158e-13, 2.1801375846276014e-12, 2.7143068963552364e-12, 1.879181226407668e-12, 1.4982610754505264e-12, 2.0736116684082315e-12, 1.93163981362578e-12, 5.920339309869788e-13, 8.435734940487987e-13, 2.776671264591394e-12, 1.499995431294682e-12, 2.9515541216942205e-13, 1.3123049328369892e-12, 1.7439699290534103e-13, 2.5711021312340865e-12, 3.944068989902632e-12, 4.133127248049163e-12, 5.197025151454239e-13, 1.9328622992025527e-12, 2.7316560769728685e-13, 1.3665742277977301e-12, 2.728437271715722e-12, 1.275855974334884e-12, 3.718139257250548e-12, 1.6347662350704386e-12, 7.841272487874356e-13, 1.6944170409740512e-12, 6.838591817874689e-12, 7.940342231630247e-13, 3.0135252118111274e-12, 6.579449845489305e-12, 1.0226420933760535e-12, 3.2204829900091273e-12, 1.6255808624896563e-12, 1.4990041664842985e-12, 1.9641767770918367e-12, 3.535587099495562e-12, 5.879570728201061e-13, 1.6258812291121627e-12, 3.8431494581857266e-13, 2.2531357304579176e-12, 3.0738151952957346e-12, 2.240912364608097e-12, 9.096422788641694e-13, 1.75845473755177e-13, 1.2893129979779675e-12, 8.113875864473662e-13, 2.9765904700950296e-12, 2.2794296957372834e-12, 5.201588177782003e-12, 7.272395813073714e-12, 3.300663257550333e-12, 1.2601402713524456e-12, 3.490864746468903e-12, 2.3264914490643195e-12, 3.406595550603919e-13, 2.103782038397211e-12, 1.0532476780881314e-12, 2.3324328549954972e-12, 2.6452959903447373e-12, 6.665392750747072e-13, 2.141158091886923e-12, 2.1248095027576968e-12, 9.67797109160356e-12, 1.0406570197560564e-12, 1.935915408905773e-13, 1.0083916239005988e-12, 9.71764448974299e-13, 3.3137064774664446e-12, 4.655838041315024e-12, 3.3649952359547923e-12, 1.8699857556717785e-12, 2.0559324244606276e-12, 7.186168836992553e-13, 3.649588966839775e-13, 6.251615668863796e-13, 1.0517362329361741e-12, 2.5364273387009063e-12, 1.5530498509168096e-12, 1.1952677102245246e-12, 1.2568336319728392e-12, 2.1602804795260436e-12, 5.74706053391009e-13, 1.6335231352836468e-12, 1.2035279983432555e-12, 8.537608602703965e-13, 2.860788398031961e-12, 5.2296083179780495e-12, 4.220124251134709e-12, 3.3773847646315384e-12, 9.991692382764177e-13, 4.032315094414502e-12, 4.084893079723928e-12, 1.1285777802492207e-11, 5.591592169160339e-13, 5.853849777267317e-13, 2.819761700884702e-12, 3.5728649739991933e-12, 4.700055568174626e-12, 6.40321177535261e-13, 1.1420741578498016e-12, 1.866896247032472e-13, 1.8031308386053103e-12, 1.7014341710350724e-12, 1.8405356900604904e-12, 1.0239409410934734e-12, 2.1769240873636387e-12, 1.0450890159684382e-12, 1.5891367441134469e-12, 1.1352190033506345e-12, 8.75727619419588e-13, 1.0044934521902887e-12, 2.3590626768057767e-12, 1.8690384285664484e-12, 2.812062909782186e-12, 2.6870376718215707e-12, 2.460960024745237e-12, 3.0483445216374e-12, 1.4729896557139362e-12, 1.0039751467066102e-12, 7.659933648773648e-14, 2.1938304175510354e-12, 4.245543447917609e-13, 3.329341385979077e-13]","[6.371768054584691e-13, 1.366194866312858e-12, 2.2236023636626267e-12, 1.311885428136276e-12, 1.9237196360708145e-12, 1.0548127852380611e-12, 1.7369108162868033e-12, 7.591424148702889e-13, 4.228245435333383e-13, 7.674909902609497e-13, 5.212573524614172e-13, 2.6246655241182184e-12, 3.579275737257062e-12, 1.333743349833309e-12, 2.2968180531328424e-12, 4.905210577675572e-13, 1.5933766464384734e-12, 5.858517146446632e-13, 3.818560873060873e-12, 3.0660922704283233e-13, 2.6163475944163034e-13, 2.959146789323499e-12, 2.7562121049194156e-12, 1.8525685863189715e-12, 1.0558552280743155e-12, 5.816996205391412e-13, 3.3230667578743674e-13, 4.3792680716054017e-13, 1.1374044253548006e-12, 1.606665775846293e-12, 1.987517106255525e-12, 3.6718882468458514e-13, 1.9590844398529374e-12, 1.8593260361894907e-12, 5.4749276473934e-13, 2.7846749990069157e-12, 4.221387660108026e-13, 4.98776165116898e-13, 3.1662145538984616e-13, 2.2518729778332638e-13, 6.562385521752534e-13, 4.684040450215232e-12, 3.5270686174095357e-12, 1.1827226520165136e-12, 1.8910337023725663e-13, 2.91054200871327e-13, 5.660412209814979e-13, 4.3721375032661493e-13, 2.0334877539199858e-13, 1.0218327066751994e-12, 2.4625786306848313e-12, 6.915716801273965e-13, 7.599995368720286e-13, 1.083610099895064e-12, 2.458928935551339e-12, 2.736855954438886e-13, 3.792862026857527e-13, 3.2693135852860244e-12, 6.465343799733481e-13, 2.646733995367526e-13, 3.4146332134254093e-12, 2.206313247586543e-12, 1.1882298053303464e-12, 2.5772230400874694e-12, 8.675742117096105e-13, 4.0295707652365857e-13, 4.193290359706881e-12, 2.7419747266557868e-12, 1.3436080395415795e-12, 1.9260356851889968e-12, 3.0332361952011054e-13, 7.935984590963473e-13, 4.876755370920359e-13, 1.2285854111403405e-12, 1.5180577335158238e-12, 6.236120772862391e-13, 4.78121586527814e-13, 1.39941034441351e-13, 4.173548882161771e-12, 1.1418186315331663e-12, 6.656913748461143e-13, 2.4655850683794804e-12, 2.0541827561559003e-12, 6.559455367053309e-13, 5.885704930258411e-13, 1.4499703260474432e-12, 8.142177000753491e-13, 1.7199227103523503e-12, 4.4339134104556994e-12, 2.0024891915781775e-12, 1.0871957830191425e-12, 1.5751165726016121e-12, 1.6502347194332322e-12, 1.1853596275336632e-12, 1.5774875668296497e-12, 6.492038552321996e-13, 4.732135720345529e-13, 1.8055924489442728e-12, 1.1590943461252366e-12, 1.2422333013530982e-12, 2.362235666943162e-12, 1.3637817255117874e-12, 6.43796325840528e-13, 1.3035110698291235e-12, 1.0701025774392542e-12, 1.5939331847794636e-12, 8.491657253663267e-13, 3.0458292857762746e-13, 2.106289738665535e-12, 1.4158589164226387e-12, 2.137174260949664e-12, 9.533982276101532e-13, 8.535496064041701e-13, 3.160837826811531e-12, 2.428488381481538e-12, 9.7985476498059e-13, 1.4492556197487908e-12, 1.5490641604289296e-12, 9.584203753463028e-13, 1.8704679988492793e-12, 2.1007794364429176e-12, 3.6152249085225235e-12, 1.3360269616125517e-12, 2.1308558997051434e-12, 2.177572230745174e-12, 3.115210591090996e-12, 1.1375915340826326e-12, 1.4382260223876983e-12, 1.2192887436226183e-12, 4.801564658963036e-13, 1.1269196348444019e-12, 7.047385915036505e-13, 6.148620053103374e-13, 2.584467653382701e-13, 6.399582412945178e-13, 8.789408170895615e-13, 4.31748860591773e-12, 2.6154961720387044e-12, 1.1061272276763536e-12, 5.3101309774930814e-12, 2.1829101636168095e-12, 5.438347607839899e-13, 3.634245696153413e-12, 1.1169394444068458e-12, 6.737759065508833e-13, 5.310243701824704e-13, 3.655340871251094e-12, 1.4938855581627791e-12]","[5.007841096763385e-12, 1.6602808363738543e-12, 5.761275916517897e-13, 6.622773019156315e-13, 8.032522342372232e-13, 2.8834087772793445e-12, 1.8400487962727094e-12, 2.375381458366055e-12, 4.481869713205828e-12, 3.039640107360629e-12, 4.244231300686134e-13, 2.5134200784942262e-12, 2.376419630335461e-12, 2.3484299771601857e-12, 3.0117202286921818e-12, 9.599265981753959e-13, 2.4520119051114593e-12, 2.734548450943982e-12, 3.318530650076823e-12, 2.81300879107581e-12, 7.255411940496744e-13, 4.639478368674614e-12, 2.671165998857063e-13, 3.5036777957974247e-12, 1.1004818196029912e-12, 3.3296623282107866e-13, 7.363930208468211e-12, 2.8067007736870578e-12, 8.29599583303272e-13, 3.0045402015576806e-12, 7.065925276550281e-12, 2.8537507934625122e-12, 2.435406952321639e-12, 1.0488743651656451e-12, 3.1096324957854035e-12, 1.5346196893001603e-12, 1.8880847205532803e-13, 1.5240168490158118e-12, 4.730984687387229e-12, 5.743565142006229e-12, 1.6771888846832856e-12, 1.443864538756146e-12, 5.579336725046774e-12, 3.1070423879502855e-13, 5.118631547555991e-13, 1.0210091545937112e-12, 5.097336316299802e-13, 4.157779249697291e-12, 1.5634991502589355e-12, 2.8888158656965702e-12, 1.7173748405615951e-12, 6.185958808639377e-12, 1.0992538718896955e-12, 2.037308169936607e-12, 7.791533686688061e-13, 1.0391825145014348e-12, 5.19538898920279e-12, 1.199039550508404e-12, 1.825826839853771e-12, 1.8969534151871033e-12, 8.613347940361416e-12, 8.150988355680493e-13, 2.275422158017448e-12, 4.142039695515723e-12, 2.2815704290432736e-12, 1.1653132117040657e-12, 1.9893041189656253e-12, 2.8913202150310854e-12, 8.188129442663404e-13, 4.962277558997404e-12, 2.7968576336341473e-12, 3.058454464512677e-12, 1.718596104133595e-12, 2.3785896972251638e-12, 9.384700562171312e-12, 3.0190213849713814e-12, 4.977484295535676e-12, 6.059995750716011e-12, 5.255607886358278e-13, 1.973915764723758e-12, 9.091115197453724e-13, 1.2691676682823931e-12, 4.969629979411847e-13, 1.8167459126691782e-13, 1.5685157518985404e-13, 1.235007347347337e-12, 6.617143505111179e-12, 4.3259509256284625e-12, 2.7388209733077734e-12, 2.6683135731196577e-12, 2.172475602914157e-12, 5.105185301231693e-13, 4.249269890451032e-12, 1.58851918462556e-12, 6.769540458723485e-12, 9.155719602952299e-13, 2.017156262348556e-12, 2.5573509139171897e-12, 1.6783412318936344e-12, 1.5872286501316602e-12, 1.4315807384796879e-12, 1.1529367960245804e-12, 5.966040054925879e-12, 1.2689222403681723e-12, 2.0096698596222485e-12, 3.085134831810333e-12, 8.738401274946501e-13, 5.336061496226636e-13, 7.456452540641676e-12, 2.8631643620282116e-13, 1.7139884175420977e-12, 3.328444565531212e-12, 2.8314450102884724e-12, 3.3598289761086697e-12, 2.283624502653335e-12, 3.653698238145023e-12, 2.494266689214171e-12, 8.174436520623501e-12, 3.769763057088276e-12, 7.297936802849251e-13, 1.7524308141076006e-12, 4.773324446130815e-12, 8.165979177723958e-13, 2.8659075768509334e-12, 5.0531936772894e-12, 7.252498363364342e-12, 3.86556645822753e-12, 1.431330110134306e-12, 2.829537000245317e-12, 1.1562180228862465e-12, 2.014542748002066e-12, 1.439835600105415e-12, 1.0389518905094856e-12, 1.2964446171206349e-12, 3.1613129969002906e-12, 1.0661575002876346e-12, 1.1529427671693171e-12, 2.404038216276127e-12, 1.9689863526557433e-12, 1.1549535164277058e-12, 5.659955608692704e-13, 2.78231440846213e-12, 1.4261184022300093e-12, 2.0423692279038295e-12, 6.683050603008534e-13, 2.5628001364223376e-12, 2.466021290463847e-12, 1.4267422013906092e-12]","[1.4975092910364414e-12, 1.098873722177013e-12, 2.775723410310597e-12, 1.5161663706501333e-12, 2.99482018629582e-13, 8.49501503919265e-13, 3.398298623724436e-13, 6.134799404348755e-13, 1.0169172184705399e-12, 1.4201052929598103e-12, 1.1367746376250033e-12, 1.1386040587374538e-12, 2.8917025635431694e-12, 1.2587727964598482e-12, 4.5158798687794397e-13, 5.691775665822045e-13, 1.0558516333700612e-12, 2.6062196391633427e-13, 5.2198121290049e-12, 2.869075419091963e-13, 2.2815516412242616e-13, 2.777076656572129e-12, 1.2216880713382022e-12, 1.415606388354696e-12, 4.686390067680204e-13, 1.588048304460421e-12, 1.4837025856208828e-12, 1.2141105983289371e-12, 1.0314313460085702e-12, 2.228279669033394e-12, 9.54416887385364e-13, 5.557347122759203e-13, 3.026514094257724e-13, 1.382138550956419e-12, 1.4686644870686537e-12, 6.884400962447682e-13, 1.0326708385063894e-12, 1.7187946047088747e-13, 6.53891721310036e-13, 1.1613717607636311e-12, 1.7942397520468302e-12, 1.8475747504097078e-13, 1.748920108363753e-12, 8.409818943344852e-13, 5.41683616441114e-13, 6.712085912414351e-13, 1.3553025654884757e-12, 7.831315760196312e-13, 5.752190615262714e-13, 3.175294943384382e-13, 7.286985204445709e-12, 1.6500104120073804e-12, 2.903249971062418e-13, 1.0639714694754964e-12, 2.0187383823877094e-12, 3.2537738651245543e-13, 6.175861589448736e-13, 1.8620910366478388e-12, 1.8910817482058624e-13, 1.2699747384811583e-13, 2.5151548458022787e-12, 4.31627732502221e-13, 2.0623973934950592e-12, 3.289924454019146e-12, 1.4034679969721998e-12, 1.6895089063554648e-12, 1.4358823946699417e-12, 1.3303379594177178e-12, 3.4950196818972206e-13, 6.922140863288965e-13, 5.643663719187946e-13, 1.3968117336736266e-12, 9.156348541489257e-13, 9.200174658202544e-13, 2.6634110087933552e-12, 1.5760395619888173e-12, 1.0761409592350414e-12, 2.455627400155152e-12, 1.0020208259816823e-12, 4.3802468807979673e-13, 6.879473887628056e-13, 8.246540513759416e-13, 1.823879885594564e-12, 1.2400976234816118e-12, 3.889326225070108e-13, 2.037824411269217e-12, 5.066475904218945e-13, 4.349186040059191e-12, 2.886609945097939e-12, 3.671399096068384e-13, 1.9283453485100442e-13, 7.851142685370736e-13, 3.2009331622623507e-12, 2.975308357809518e-12, 8.01024412632236e-13, 7.163381834025593e-13, 2.265161966780378e-13, 1.3446049154265007e-12, 9.387848636726044e-13, 1.978562948088703e-12, 7.711369114461779e-13, 9.519192939833294e-13, 2.44573564039375e-12, 1.3372541288756143e-13, 2.1783345149699446e-12, 1.5021998631282052e-12, 1.1206627406379851e-12, 7.717800359404762e-13, 1.0159905391037743e-12, 1.2042013992074132e-12, 4.963665681590635e-13, 7.997528069893114e-13, 1.8249296512792035e-12, 7.598935835181731e-14, 4.739811471083023e-13, 1.1553343460254094e-12, 2.3333173603771707e-12, 1.7083882107645053e-12, 1.3063156040751604e-13, 8.637048532986203e-13, 1.4003858440067142e-12, 1.5462434694651476e-12, 1.111489066805238e-12, 2.480180129046307e-13, 8.133107029230429e-13, 2.9575715838158034e-12, 2.8362820399511903e-12, 3.998809198233079e-12, 4.345365860428805e-13, 9.755393422287102e-13, 3.625168383593913e-13, 1.7386547473290763e-13, 9.519037694771947e-13, 5.410795889814658e-13, 1.6272768800179203e-12, 5.848802106443444e-13, 2.549097674648454e-12, 4.243601072839421e-13, 1.5174255058916908e-12, 2.9325643804335567e-12, 2.9935869963447845e-12, 1.0210896439045837e-12, 3.3385638256247147e-13, 6.379409466697013e-13, 1.2256993636091218e-13, 3.0530994535547574e-13, 7.268385908777406e-13, 5.079783371550506e-13]","[4.902874633089825e-12, 3.619858873687339e-12, 2.6175880841058543e-12, 2.7185373889149053e-12, 1.477842756017557e-12, 6.338096628896879e-12, 4.816167496109447e-12, 3.512215685792145e-12, 6.256884878501804e-12, 2.2819251790583797e-12, 1.5523637649482492e-12, 1.28324304771772e-12, 2.088699971804216e-12, 3.7688721906114875e-12, 5.351550071979385e-13, 2.5542197190816663e-12, 1.0636605182689074e-11, 1.0462577737120838e-12, 7.830455275047273e-12, 5.671180047183152e-13, 1.3628516448486652e-12, 1.1268235661418202e-11, 2.0695639999102963e-12, 1.7194318979036191e-12, 8.71447875560932e-13, 5.333087659538316e-12, 1.6671377310265166e-12, 7.355868492899631e-12, 1.9939697888525996e-12, 4.52452586496499e-12, 6.6158593950118865e-12, 5.93835846254803e-13, 4.785405691364295e-12, 3.4157611438044207e-12, 2.8877001876819272e-12, 2.7926183374655877e-12, 3.4686881315870932e-12, 9.58386272976286e-13, 3.031679513630064e-12, 7.761326489615857e-12, 5.436115623364144e-12, 1.9225284438034856e-12, 1.1413577796727833e-12, 6.224433136675262e-13, 2.430612067808854e-12, 3.0712864369297938e-12, 1.9441076350809557e-12, 4.129368954613658e-12, 3.1379993125008273e-12, 1.2649244746909396e-12, 6.266289668079796e-12, 5.322676458693166e-12, 2.248214165298591e-12, 7.221339777535189e-12, 8.470244924798023e-12, 1.6569335044317788e-12, 4.958221644549754e-12, 2.5162418344694405e-12, 6.364428054905015e-12, 2.0471069761523357e-12, 5.143865646140034e-12, 3.458753776641902e-12, 8.869777524688538e-13, 1.4649421815767126e-12, 4.606513889050431e-12, 7.314890836493615e-12, 5.4634719902782915e-12, 2.1600763673493826e-13, 1.258093542472664e-12, 7.828267739210785e-13, 2.8328302863894405e-12, 2.7732093427247434e-12, 2.5679359003811147e-12, 6.3929326250660474e-12, 7.56887493338787e-12, 4.241101953166803e-12, 1.32562419566275e-12, 4.438277911318224e-12, 4.209591666764348e-12, 2.0888790423684023e-12, 9.476933488111311e-13, 1.2860565344074034e-12, 5.748481459142331e-12, 2.352942433883025e-12, 9.76308871043594e-13, 4.797599553015644e-12, 2.5113166469102105e-12, 7.507575371498238e-12, 6.001098905266086e-13, 1.2511311401416865e-12, 7.827397582985978e-13, 7.827677331174428e-13, 7.1636892865216725e-12, 4.8269244519682015e-12, 3.4071818675903894e-12, 1.1889487216482663e-12, 1.1953015101279815e-12, 3.636757113855334e-13, 5.862744754318469e-13, 1.4042726402461812e-12, 5.206697728924756e-13, 3.196531724072778e-12, 2.72788593655752e-12, 7.270195718046269e-13, 1.1288183307240453e-12, 2.2273989360809185e-12, 3.9295138354724645e-12, 3.052418043720831e-12, 1.612746827067202e-12, 2.705655013852874e-12, 2.5238025651859702e-12, 6.8427459194617675e-12, 7.200435598791997e-12, 6.299013913766432e-13, 4.717081460079734e-13, 1.7474664667841197e-12, 3.913813057087344e-12, 9.565844155859438e-12, 2.814609439766557e-13, 1.008526051219145e-12, 2.630153592311517e-12, 1.764722237351932e-12, 7.744755997147196e-12, 3.169471272401502e-12, 5.169141003521911e-12, 5.76914182439204e-12, 5.524892122576195e-12, 2.854437077438861e-12, 4.909821750896892e-12, 9.828270617737024e-13, 2.0458099784175263e-12, 7.359056420839187e-13, 5.5321997431628e-12, 2.61458839697532e-12, 2.772987429597412e-12, 2.7347023680396336e-12, 3.2489907547543123e-13, 1.7085351339319154e-12, 4.134428179928135e-12, 1.3454935671953015e-12, 2.22034802610023e-12, 2.0227484785380425e-12, 9.272304443677603e-13, 6.119387112719924e-13, 1.3664433504109093e-12, 3.193626765349043e-12, 2.1057108912176e-12, 1.1772013885220558e-12]","[1.7061465310260836e-11, 6.849820666153785e-12, 2.6669087018376892e-12, 6.885599791111555e-12, 1.7647545817725002e-12, 1.6258800689369162e-11, 9.016564510249867e-12, 5.839051269334351e-12, 7.084685530059208e-12, 4.861594667117162e-12, 6.478537036807069e-12, 2.4352859499163706e-12, 5.7462289197519724e-12, 8.513106181851878e-12, 1.2352915869787082e-12, 4.092243291221407e-12, 1.933316348917049e-11, 2.180964177546731e-12, 5.671598765578685e-12, 3.184652686369727e-12, 3.2912952217470205e-12, 3.4608463280462316e-11, 1.0752394513742374e-11, 7.165380701896338e-12, 1.525397673689074e-12, 2.7799375552762004e-12, 2.251276548605481e-12, 1.9723177898087268e-11, 2.7623908297273925e-12, 1.3314179083680923e-11, 2.0572393137042006e-11, 3.590703369782296e-12, 1.6475587915864167e-11, 5.976127018103613e-12, 4.599252697409688e-12, 1.6781466627384802e-11, 9.330806599695181e-12, 6.755109963538688e-12, 5.191046571509347e-12, 1.0986630648189655e-11, 1.516898459293742e-11, 3.7328929883980536e-12, 2.4551900697041876e-12, 5.0648928619079324e-12, 4.102977312743236e-12, 9.386484064621794e-12, 8.233635403792376e-12, 6.6329686559161575e-12, 9.205144359259573e-12, 4.3456225665745924e-12, 1.4218032599356418e-11, 3.1586829275124275e-12, 6.389393117548444e-12, 1.412452419827159e-11, 8.726763162459049e-12, 2.0288727178551454e-12, 8.314492397267028e-12, 4.834908096464104e-12, 1.2160420153103178e-11, 9.823322480608537e-12, 7.080166941194172e-12, 9.057073580263885e-12, 1.3674191583788325e-12, 5.0609437326366705e-12, 4.223238130196399e-12, 8.276405726531034e-12, 1.2993713717189674e-11, 1.6335829189115503e-12, 3.224003586005317e-12, 6.659286154688758e-13, 1.7807246982394418e-12, 2.0225766078150765e-12, 5.471430051093616e-12, 7.442792434459487e-12, 2.13836184830904e-11, 4.877497426909699e-12, 3.4291318820818226e-12, 1.5776888808701274e-11, 4.5044343524172864e-12, 8.006703115756773e-12, 4.627000224415871e-12, 5.836791157379869e-12, 1.0001513661153791e-11, 2.2475748141835644e-12, 2.0343477209301817e-12, 1.042260378437969e-11, 3.586570117266818e-12, 4.667876681030859e-12, 7.653202746031866e-13, 5.38324705717225e-12, 1.812277481977655e-12, 6.434344480280141e-13, 4.853312541063731e-12, 5.194182890255367e-12, 5.460809693713254e-12, 2.205940248845285e-12, 1.8257905963660905e-12, 5.426461921031928e-13, 3.348017072460609e-12, 6.668050667570775e-12, 1.7364660352380507e-12, 5.047157223253857e-12, 3.5797815233315113e-12, 2.785995240651451e-12, 1.480205945317051e-12, 2.5634084746184757e-12, 1.184105400032306e-11, 1.3929133824140965e-11, 2.4458709416586195e-12, 8.887760425263623e-12, 4.105506943865589e-12, 4.415318828398806e-12, 1.262555958158931e-11, 6.280093579650235e-12, 5.783098239610914e-13, 3.4675119703081867e-12, 4.580088800259669e-12, 6.340628262045999e-12, 6.05281834223325e-12, 1.3492651060407647e-12, 3.0714234630362907e-12, 3.1960979145457074e-12, 1.0614761229425082e-11, 2.0418484658318547e-11, 5.53344057222649e-12, 3.6658367077377215e-12, 1.1866386888435361e-11, 7.40355818511051e-12, 1.3338031786314372e-11, 2.68417828490238e-12, 3.219462246660571e-12, 1.3045687817686262e-12, 5.329121160445033e-12, 2.690639947339463e-12, 5.766655025896054e-12, 6.532108189448293e-12, 2.805978364460058e-12, 1.3227475422318933e-11, 5.833347669880674e-12, 4.224319891801553e-12, 2.3532462589449928e-12, 1.136666123184462e-12, 2.1118287630550883e-12, 2.353160025910115e-12, 6.623683019148805e-12, 1.0067225791461184e-11, 5.491151468854625e-12, 9.233974180427069e-13]","[5.075729299889708e-12, 2.563685371975839e-12, 6.0441945879183265e-12, 2.8816574699205656e-12, 2.319299182963973e-12, 4.668418831841813e-12, 2.5721275789703188e-12, 3.2329899205301946e-12, 3.97211525381985e-12, 2.7555068197605165e-12, 1.7226608513904744e-12, 1.4104840119502266e-12, 2.140545136355029e-12, 2.494709819545536e-12, 6.096788543404266e-13, 1.9177641905613895e-12, 3.2799563821921872e-12, 5.33893330619069e-13, 8.088809541649419e-12, 1.439058887418749e-13, 9.45317860509197e-13, 1.4278526555833794e-11, 2.68654615540721e-12, 8.813317353711305e-13, 3.2298740586929526e-13, 2.195725008886984e-12, 8.212126492627134e-13, 1.0509650008876224e-11, 1.3676539830685126e-12, 8.476679904147029e-12, 1.2287930043988235e-12, 1.7746836547003453e-12, 5.28297997138123e-12, 2.0574272733734855e-12, 3.886656530716884e-12, 2.8554750334309376e-12, 2.3593621411917533e-12, 2.630553125756935e-12, 2.448390158038149e-12, 2.754704867758554e-12, 4.53751547659012e-12, 9.661861226959907e-13, 1.1132233053348491e-12, 3.79022177046704e-12, 3.977569676207316e-12, 4.536682255788643e-12, 3.794520700985859e-12, 2.0028476788138907e-12, 4.215700781679209e-12, 1.5683844956756549e-12, 1.0146136698163767e-11, 1.2992429283130113e-12, 8.659454701001639e-13, 4.818171187028115e-12, 8.260370425560952e-12, 1.5484987801399299e-12, 2.9597695586491687e-12, 4.2646457679272035e-12, 5.620885492207553e-12, 2.6758971611864836e-12, 4.781109222034804e-12, 3.2681449874841146e-12, 1.370918702194842e-12, 2.939332657830205e-12, 3.5233606866677505e-12, 4.456902413002658e-12, 5.90559073130119e-12, 5.361132759727347e-13, 2.035182596608803e-12, 7.307174150662074e-13, 2.4598119173871665e-12, 1.3006252661330647e-12, 1.1298765894639557e-12, 3.544263387764064e-12, 5.3086077024296135e-12, 2.873866860707325e-12, 1.4330775871030858e-12, 5.3520646067799414e-12, 3.143117050874302e-12, 1.0782382572538072e-12, 4.15157317979009e-12, 1.2954388599272941e-12, 5.088577998015758e-12, 1.0934669980071762e-12, 6.801932311393002e-13, 6.212372803272272e-12, 1.6823519017593012e-12, 3.17632149131957e-12, 8.461352032842047e-13, 1.510248182441016e-12, 1.4457409638362029e-12, 7.599620053647975e-13, 5.0070632548833966e-12, 7.1575102977637794e-12, 2.1207471559759165e-12, 1.4204228608228355e-12, 6.15271052603696e-14, 7.323432309841901e-13, 1.2220160331956698e-12, 3.2726213272920397e-12, 2.233346397589318e-13, 1.2503729489594106e-12, 3.819074803585258e-12, 7.428773758956847e-13, 1.1086946579262971e-12, 1.874413513885398e-12, 7.51903688700752e-12, 4.520776568180427e-12, 1.7334799793759256e-12, 3.793895724496483e-12, 1.123519746850197e-12, 9.000765253831016e-13, 3.4844040501298947e-12, 1.4517666001090015e-12, 1.52756878227167e-12, 1.457579627330662e-12, 3.5475804444635933e-12, 6.119075242349609e-12, 6.579162720638626e-13, 4.236836242964953e-13, 3.3568853096155307e-12, 5.678829344951258e-13, 4.932588273716115e-12, 5.467849388742602e-12, 6.843848902987963e-12, 2.236897563769243e-12, 9.145295826962025e-12, 5.095005691055401e-12, 3.2062463117946495e-12, 1.887219318317355e-12, 1.1633278647468017e-12, 1.8532657512651483e-13, 3.967122012411598e-12, 2.0210496117960143e-12, 4.1607911531980785e-12, 2.4686664701150693e-12, 8.678013914899206e-13, 2.2412143159543777e-12, 4.424544840478377e-12, 7.90225400800449e-13, 2.884217946187389e-12, 1.4887125584885512e-12, 1.2426502322388994e-12, 1.970025641727217e-12, 1.1576835183648624e-12, 1.3383602795022244e-12, 3.790241525489584e-12, 1.834746921402126e-12]","[1.8636759659446427e-12, 9.0601384090638e-13, 1.3849728870684207e-12, 2.822570919656551e-13, 8.477789244170144e-13, 1.884593514336037e-12, 8.678201477057041e-13, 8.780268349878521e-13, 1.8554324717351926e-12, 3.0541232791319144e-12, 1.561772378858745e-12, 3.1022901031377685e-12, 1.6738417835130586e-12, 1.4489926539897595e-12, 1.3805093431875709e-12, 3.78103652617929e-13, 1.7278736280673566e-12, 9.93878626501976e-13, 2.5489014539003398e-12, 9.132019148488667e-13, 5.915975761769904e-13, 3.537628073926251e-12, 2.7971327383850185e-13, 2.52777605934514e-12, 1.702662804992139e-13, 2.5412911620393433e-13, 3.5314759058462487e-12, 2.903266248658699e-12, 1.0390107157734922e-12, 3.89906311143296e-12, 3.90184953038593e-12, 2.089624409389175e-12, 3.960092035188421e-13, 1.2005888173531106e-12, 1.5077735501174e-12, 2.50820934052725e-13, 1.1833686309331083e-12, 4.757191623971466e-13, 2.142373480670247e-12, 2.2093461117849272e-12, 8.475489714614187e-13, 5.676468547239283e-13, 2.5435643769509493e-12, 1.4411955496348072e-12, 6.838654050259315e-13, 6.356515254595473e-13, 7.722726628454427e-13, 1.0680822529695654e-12, 8.617543605856371e-13, 1.2098871679905553e-12, 5.828179177653697e-12, 2.067319291348472e-12, 9.200422774871527e-13, 5.011085083982634e-13, 6.416736469680822e-13, 5.23718955602454e-13, 1.4935782556175408e-12, 2.3070111806874214e-12, 5.661137424196951e-13, 3.4395381381038045e-13, 3.077488190635858e-12, 1.7347903080997253e-13, 2.2991326669225442e-12, 2.228157025308727e-12, 1.3648485173200333e-12, 9.293485793906802e-13, 9.247147952924087e-13, 1.5235772605611786e-12, 6.404636537892888e-13, 2.3088346965842468e-12, 1.4004551599848714e-12, 1.3683337782087895e-12, 4.3277881574745794e-13, 1.1639226151170527e-12, 5.512894843049102e-12, 2.052322410694982e-12, 2.9535147623137575e-12, 3.1473469646551546e-12, 7.858326958500151e-13, 1.5122495152992072e-13, 8.216837850066166e-13, 1.2477755550935555e-12, 9.187547495085196e-13, 5.302949899103738e-14, 3.2606964816967694e-13, 9.741420203378365e-13, 3.0733291632568817e-12, 7.941354702080282e-13, 1.7593731902763815e-12, 1.8932978147864387e-12, 9.542903655213892e-13, 3.9984114284436066e-13, 3.914111161910127e-12, 1.6112662908647461e-12, 1.9406319239252423e-12, 3.353464607216645e-13, 1.4155141410587425e-12, 2.9687654756890676e-12, 1.286030127852568e-12, 1.922511148911525e-12, 3.1744231344106717e-13, 5.74191200581126e-13, 4.6728682962904826e-12, 1.0213203137743926e-12, 1.9944273136518955e-12, 1.4745374224422774e-12, 5.598168888327604e-13, 9.7107650994913e-13, 3.598106984035276e-12, 9.52582570205456e-13, 2.281875790372559e-13, 1.2887954518164364e-12, 1.096238755314445e-12, 1.6990044990988817e-12, 2.0368203576419776e-12, 1.8987524229089964e-12, 5.975936501754679e-13, 1.4701064385891243e-12, 5.952133603843092e-13, 5.702738017811084e-13, 8.706085891951249e-13, 2.1570833100950308e-12, 5.158756289422269e-13, 1.5571838149563132e-12, 1.770560837160945e-12, 5.754349138829135e-12, 4.7477980656945155e-12, 2.387076312512138e-12, 2.2701101538407834e-12, 9.767389339943887e-13, 8.278904093836346e-13, 4.0991978409058296e-13, 5.561068023944747e-13, 5.498278403886971e-13, 3.2650742492415985e-12, 1.2710025066707502e-12, 1.1417607993527742e-12, 4.044484638962755e-13, 8.092155937371908e-13, 2.2091999333296214e-12, 1.4600167098599487e-12, 9.975561931279918e-13, 5.055701633466274e-13, 1.5865803084447152e-12, 2.699707692482293e-13, 5.816545671866177e-13, 2.026138162755231e-12, 1.4715328386316004e-12]","[1.8740426846940336e-12, 6.645913053735217e-13, 1.8235833518766875e-12, 5.835068029644296e-13, 1.3073085329323317e-12, 2.1323058839377332e-12, 2.171650170707007e-12, 7.015039080083066e-13, 2.7164577070734926e-12, 5.542502923756113e-12, 6.251921514610326e-13, 4.251290070882313e-12, 2.8591089542980233e-12, 9.355478454691993e-13, 2.4469917028913998e-12, 4.282808512014804e-13, 4.499565116831727e-12, 1.322840608729398e-12, 1.6653682127204777e-12, 1.2526104054429604e-12, 6.790639963859068e-13, 4.51861819593285e-12, 1.0052656238974548e-12, 1.6428666152425362e-12, 2.6339591021857724e-13, 4.472923635873568e-13, 4.176243073507202e-12, 6.359033541171173e-12, 1.381551834715272e-12, 8.960489923223773e-12, 1.1798693205079554e-11, 2.1568965954619166e-12, 1.0525490551586467e-12, 2.0974363872238246e-12, 6.516689582327623e-13, 5.906548132147078e-13, 6.926172050005006e-13, 1.5732431022169113e-12, 3.797488751784979e-12, 2.2908147644763226e-12, 1.3951183153913778e-12, 3.1014345029408167e-12, 9.26665722849533e-13, 1.7474765419912514e-12, 1.2331159548305348e-12, 1.8637467342729553e-12, 9.178742068631735e-13, 2.1800034355375325e-12, 2.0444793680049716e-12, 2.273798850637396e-12, 4.1106985801756055e-12, 3.1932906973439114e-12, 8.940350017054834e-13, 5.138175132714454e-13, 2.651266847242447e-12, 7.285049664662311e-13, 1.6293274999843466e-12, 3.019524978064266e-12, 1.4160441038236973e-12, 6.253232510633776e-13, 4.90702588990231e-12, 9.998726257552148e-13, 2.787122402227105e-12, 1.947415677092643e-12, 1.9835423242796157e-12, 9.753180739117159e-13, 1.5941307999374084e-12, 2.045802847700278e-12, 1.292316747852415e-12, 3.8998804062339485e-12, 2.791930802246207e-12, 1.1902568814509912e-12, 1.1384909172725446e-12, 2.027616178625867e-12, 7.446099091900143e-12, 2.0690208308077487e-12, 2.9964320960978514e-12, 4.080525244451433e-12, 4.014100093279151e-12, 8.652246442624321e-13, 1.7596446837513865e-12, 1.0038065828401053e-12, 9.855671709142442e-13, 4.1967504078392117e-13, 5.94185007918785e-13, 4.640938559967264e-13, 3.173905866114183e-12, 1.5290422792721417e-12, 8.780036866149097e-13, 2.5722348378736794e-12, 1.160421090589192e-12, 8.014648867626323e-13, 2.4652397008012043e-12, 2.9621908029757495e-12, 2.204151781428903e-12, 7.987494239387998e-14, 2.3762290930983517e-12, 5.6454682580265406e-12, 8.365285708520331e-13, 1.1110303680678191e-12, 2.7983519951535197e-12, 4.426477001290358e-13, 3.49430473012594e-12, 1.3070135747021085e-12, 1.2277184161204211e-12, 1.1677617508673086e-12, 7.548589948905379e-13, 1.4230765434500427e-12, 3.469216617827101e-12, 1.3142545443658448e-12, 1.157234739800716e-12, 9.606599351237086e-13, 2.5075428962058188e-12, 5.2223168589499615e-12, 3.198812121608854e-12, 3.3394967291297414e-12, 7.253268193446586e-13, 1.3573062589462968e-12, 7.471939955907341e-13, 1.5828698321964124e-12, 1.3730737081958346e-12, 1.9197469578832643e-12, 5.718534609982516e-13, 2.5278028694109844e-12, 1.6431809370391518e-12, 3.2772168189414063e-12, 5.753589775743514e-12, 1.8736647948158946e-12, 3.2662603177246146e-12, 1.7321195890768363e-12, 2.9001879306605064e-12, 1.3861508228908445e-12, 1.3206559742786252e-12, 9.950870370660255e-13, 2.9214084795086744e-12, 1.495101920340868e-12, 8.356056456038688e-13, 5.822946892260481e-13, 9.498399293910651e-13, 2.165599580357756e-12, 1.5646350202489038e-12, 1.5092055575369947e-12, 4.499861389283195e-12, 3.131127025952035e-12, 6.976563960685301e-13, 2.479552303065051e-13, 2.9957950401308013e-12, 3.0772399952569653e-12]","[1.0711821173739496e-11, 1.945521283476351e-12, 8.469583513451435e-12, 4.3507276677530495e-12, 1.9396823658258907e-12, 8.326571033920047e-12, 1.0620763917967013e-11, 5.125789339136065e-12, 7.166918023716505e-12, 7.428754390733064e-12, 4.651128782389734e-12, 2.346125105991709e-12, 5.532295543779802e-12, 2.3162501477168378e-12, 3.227973104129198e-12, 3.5083069942981454e-12, 8.913152260593769e-12, 1.1148950160373516e-12, 8.149227858190722e-12, 6.253383214229136e-13, 7.370867763931712e-13, 2.66734259735541e-11, 5.061085330142409e-12, 1.2089321168306419e-12, 4.301316969221235e-13, 1.6597650109411968e-12, 8.09712622721407e-13, 1.8823789167053715e-11, 3.346627700080826e-12, 1.5022514130019212e-11, 3.969653776374178e-12, 6.177994834267318e-12, 1.1553704477513763e-11, 4.385854709558189e-12, 5.117000318957375e-12, 1.2012614023882975e-11, 5.480564791318161e-12, 3.759903658990941e-12, 7.321881886769548e-12, 3.7875887683618e-12, 9.19083708900603e-12, 2.5085223093923657e-12, 3.8380286637888455e-12, 8.570823483697065e-12, 9.12164073618996e-12, 8.12199605292681e-12, 5.6386567525650995e-12, 1.6626762315891986e-12, 8.928711555822422e-12, 2.1571304527168117e-12, 1.4739374642404186e-11, 5.575331002714402e-13, 2.1119213230052314e-12, 6.9786680244773736e-12, 1.2204414431859452e-11, 2.167405762769913e-12, 5.2617124833733745e-12, 1.0049985146164774e-11, 7.310568948494052e-12, 4.5795838630694876e-12, 7.237546189272217e-12, 7.03490115442943e-12, 5.06751153298568e-12, 4.258176398022785e-12, 7.275599173564405e-12, 4.029262939555213e-12, 1.1330417213517701e-11, 1.623360068386675e-12, 5.105809061724346e-12, 2.146114134410611e-12, 3.1938393770141764e-12, 2.029604429398805e-12, 1.4646315623124074e-12, 1.6262956371137185e-12, 1.0172975732238293e-11, 3.3417466107683544e-12, 3.959936397535389e-12, 9.490029135628613e-12, 6.569103267803162e-12, 4.669912325081294e-12, 7.1302955514918565e-12, 3.2685873761716618e-12, 7.309737439344281e-12, 1.946620421613043e-12, 3.548615094806071e-12, 7.234883885095743e-12, 3.434178650921573e-12, 1.0364024722419772e-12, 7.428064708428302e-13, 3.5464655920301756e-12, 1.9759571329967915e-12, 1.0578727003488165e-12, 6.58649188190318e-12, 1.1621258315542918e-11, 3.0550710302823172e-12, 4.615699946623281e-13, 1.0721106600978207e-13, 2.975443638730061e-12, 1.674916395131815e-12, 7.46091292551553e-12, 9.48168918604987e-13, 1.3778091436017683e-12, 5.452724920669733e-12, 2.9745061309064995e-12, 1.0161042124156992e-12, 3.4407561693840687e-12, 1.2349933131276904e-11, 6.416520863518964e-12, 1.4363493179716094e-12, 4.414627976241826e-12, 1.356230520468733e-12, 1.6558583020772157e-12, 3.2801092882946732e-12, 7.787099477677656e-12, 3.286852826672403e-12, 2.3313275119212233e-12, 4.3023909982002735e-12, 8.653958903084456e-12, 3.524330846358259e-12, 6.741171825749577e-13, 4.159666544816665e-12, 5.983793418381081e-13, 9.491109421257424e-12, 1.3646038408396072e-11, 8.215845007786155e-12, 3.0308687160691483e-12, 1.276591768795944e-11, 7.0629395056219434e-12, 7.020735485761182e-12, 1.7284494125943774e-12, 3.08420688515085e-12, 8.769702554351259e-13, 3.901098578509896e-12, 2.139794609712988e-12, 8.183021293620394e-12, 4.7449837153315155e-12, 1.0000425588177067e-12, 8.013818607474393e-12, 5.96270395404692e-12, 2.416126506962588e-12, 1.1980543499685813e-12, 2.7289863167960045e-12, 5.7133282871216275e-12, 7.466335486856267e-12, 4.068054632247397e-12, 3.1862493832720906e-12, 6.409152146252635e-12, 2.5436090433595485e-12]","[4.171873799361771e-12, 3.7704395618094205e-12, 1.3060352127240337e-12, 8.187870174035339e-13, 7.013465531182665e-13, 3.4042725819473436e-12, 3.3365272355517087e-12, 4.128949458610176e-12, 4.424067288741554e-12, 1.323021163763235e-13, 1.989791796041641e-12, 1.1099195076755961e-11, 3.0629222044618503e-12, 2.4351210845171334e-12, 1.8276745525482375e-12, 1.2875301166454826e-12, 4.913901244996993e-12, 4.925424129540691e-12, 1.3194623054671388e-12, 2.3038981234735222e-12, 1.6112925447702844e-12, 4.885625243156925e-12, 1.4794504427618717e-12, 7.652467136329486e-12, 2.1676163495392745e-12, 1.2420913569948186e-12, 6.671897557990104e-12, 6.4490812919063355e-12, 4.871565826821944e-12, 7.646470385159884e-12, 1.4607190611967868e-11, 3.48190361678407e-12, 1.0356255543320407e-12, 3.079768538838839e-12, 6.569759665042247e-13, 7.968688032727433e-12, 4.794693000568767e-12, 6.858243793262916e-13, 4.093478860624013e-12, 3.180939059488243e-12, 3.2973904123570264e-12, 1.3856430940620972e-12, 2.427578444170437e-12, 2.13605562254169e-12, 2.276938276774989e-12, 2.090534924746924e-12, 1.6234380199760619e-12, 6.3448906745923026e-12, 4.3509988551882263e-13, 6.163707046437738e-12, 6.2772026854508e-12, 7.2075529730748264e-12, 4.6228571465814636e-12, 1.834868356245325e-12, 1.6042689032763578e-12, 1.6763901809042023e-12, 4.234042077804381e-12, 2.8074310315071153e-12, 1.508822022145396e-12, 3.843955860105616e-12, 7.877362919575106e-12, 2.587287905933864e-12, 2.960277530803701e-12, 5.5927742316611415e-12, 2.6896073937504324e-12, 2.15072664256516e-12, 3.0358731234270287e-12, 7.368523865828843e-12, 3.185950244515658e-12, 6.393968300193311e-12, 1.2307508670420455e-11, 3.3125554772286075e-12, 1.2045709115246568e-11, 3.1573449249891622e-12, 1.180071887044923e-11, 4.289539888135039e-12, 2.7587729480007283e-12, 4.554249481552526e-12, 2.7076736225941973e-12, 2.7050082523448375e-12, 1.7802493259165882e-12, 1.722810190895112e-12, 6.824036754404942e-12, 2.062577289173328e-12, 6.298286695862717e-13, 8.811082296747457e-13, 3.810473270503595e-12, 3.2161542982784354e-12, 1.4853922104585854e-12, 3.334867156319842e-12, 5.354184096244464e-13, 1.4760560773402033e-13, 1.661308081810152e-12, 5.071780258098313e-12, 9.172233217626116e-12, 3.893420923439732e-13, 3.837245227842238e-12, 2.9371083454445092e-12, 1.0738869732251792e-12, 2.5469752631606857e-12, 6.107353005383871e-13, 4.957725992349303e-12, 7.561594446360068e-12, 3.2762699198006493e-12, 5.873320150036218e-12, 1.1331566659199991e-12, 1.2583612170489697e-12, 3.68755201407297e-12, 7.01718684435572e-12, 4.034852636211355e-12, 2.3840047475023805e-12, 3.726330668114002e-12, 6.717826723228482e-12, 4.128604405291775e-12, 4.101108689935731e-12, 6.890955250543981e-12, 1.4893673600610346e-12, 1.3432783478801608e-12, 1.0555344622870705e-12, 7.359088990710477e-13, 1.8680543304031373e-12, 3.283344629919092e-12, 3.441546227821493e-13, 8.410947054022156e-13, 2.619010706733975e-12, 5.444945844729515e-12, 6.610275441260372e-12, 4.064699265256983e-12, 1.0604271758932313e-11, 1.5181040386778396e-12, 1.4421603959130097e-12, 1.4216662278695087e-12, 1.5582120703758708e-12, 2.8623336593580587e-12, 4.057550385594712e-12, 3.4642392729805825e-12, 7.397416140193326e-12, 3.9899503660826685e-12, 1.0349658605500197e-12, 5.265550311434719e-12, 1.0938817086503902e-12, 1.952921111249417e-12, 1.975144116850936e-12, 7.586147728985241e-13, 4.029776032081714e-12, 4.463914962604205e-12, 2.061984012067394e-12, 6.768565461955991e-13]","[5.7855404502286995e-12, 3.401846843560105e-12, 1.110044625972128e-11, 3.793480924809809e-12, 1.3888859562541782e-12, 3.0726239946047554e-12, 4.883716541587383e-12, 2.7120619504836736e-12, 4.1088205935418134e-12, 6.624087368987826e-12, 3.170965691887824e-12, 4.995551212442235e-12, 1.768928559177663e-12, 5.207992643488861e-12, 1.7755132496134126e-12, 1.5118016178011677e-12, 2.0667571926169695e-12, 6.620404970309768e-14, 7.41421935879931e-12, 1.7219484988914615e-12, 2.431644577121288e-13, 4.4513095716691445e-12, 2.3132210541836472e-12, 4.043717299720811e-13, 8.559754245910645e-13, 1.1618978368937474e-12, 3.2518912292145705e-12, 8.28462309949412e-12, 2.9044755770599197e-12, 6.5427637201788166e-12, 8.552661822232084e-12, 1.1658852477097056e-12, 4.788973787423088e-13, 2.2624515856414863e-12, 5.231074049161331e-12, 8.536989850570967e-12, 3.9939452066827e-12, 1.2796543358873088e-12, 4.488613329597623e-12, 3.781227066401132e-12, 7.808863997839114e-12, 3.426915025011307e-12, 1.1549613549177036e-12, 1.2931005317839709e-12, 1.3298247423590806e-12, 5.631512838946484e-12, 1.933129132590006e-12, 3.4113331662547594e-12, 3.121418514138488e-12, 1.7725369002524228e-12, 7.00345146584512e-12, 3.211663595396896e-12, 3.6736348011657195e-12, 2.908338009007482e-12, 3.343131095312978e-12, 7.546074655427837e-13, 2.845435246904381e-12, 9.012994081594038e-13, 6.687606818594694e-12, 2.4038561220795843e-12, 2.6631573562290446e-12, 5.818222136190614e-13, 1.4357879395718626e-12, 3.4493945768177523e-12, 7.909278903875042e-14, 2.3373478708049304e-12, 3.0400087791332218e-12, 8.003901516071226e-13, 7.12455377736351e-13, 2.1785698755511624e-12, 3.872528856836695e-12, 1.3101915881396927e-12, 3.3773925649464423e-12, 9.618191204604263e-12, 1.2796028813668839e-11, 4.218842478667399e-12, 1.1010822307769418e-12, 5.294655330584119e-12, 3.5536123789916715e-12, 3.923762698151092e-12, 3.3594627075132066e-12, 3.696140212792489e-12, 4.4109121288299576e-12, 2.4025047019866554e-12, 1.7237739163960634e-12, 5.7934113208523015e-12, 1.4299982217811762e-12, 7.884492702591111e-12, 1.1939849024438517e-12, 2.1074607290593053e-12, 1.0410518717409415e-12, 8.450623032427716e-13, 4.13299851471842e-12, 5.588740315988798e-12, 3.8867862084059524e-12, 2.3998165374873366e-13, 1.7299217581454963e-12, 1.9606091649637098e-12, 9.854791088990437e-13, 1.441571655682157e-12, 1.4313156013493055e-12, 2.8131085997167455e-12, 2.822738086934929e-12, 1.0789765897791267e-12, 3.1738247241589857e-12, 3.5098718133068504e-13, 2.9669305096884212e-12, 2.6234991849348372e-12, 8.06635149213771e-13, 1.2054794240101346e-11, 6.02152556614026e-13, 4.941437079042756e-12, 1.873492820906102e-12, 4.524785809200757e-12, 7.859568677661408e-12, 2.5572136366487696e-12, 4.116437487831397e-12, 2.3497650887888936e-12, 6.192760514713011e-13, 3.3572626432908092e-12, 1.3000574607870026e-12, 3.118743195046877e-12, 3.897920261529579e-12, 3.884785408910398e-12, 1.1684954556110425e-12, 1.503235475568585e-13, 3.8223301614854816e-12, 3.1823948466756158e-12, 6.940950815328596e-12, 4.831256724808849e-12, 4.005865179139331e-12, 3.995844730558844e-12, 3.377893150309948e-12, 2.1030595451931883e-12, 2.000895913866038e-12, 1.5476675091080124e-12, 1.1229123517091483e-12, 4.2104861727089213e-13, 3.441636550641149e-12, 1.5465034042984665e-12, 3.621568688890559e-12, 1.84669054328671e-12, 5.717046928545753e-12, 2.726514409503683e-13, 3.903317828209624e-12, 2.1170091308700626e-12, 3.366693471793655e-13, 9.225654810251177e-13]","[3.807970920572594e-12, 2.444320210027314e-12, 2.5722967579232824e-12, 2.0931475351467435e-12, 1.167538135136653e-12, 1.0358275868968287e-12, 2.2953529282565794e-12, 1.0407770676503624e-12, 3.570310068524082e-12, 5.908653516142037e-12, 1.3172466933338076e-12, 4.427641863282944e-12, 2.3586989693159665e-12, 2.632674090887234e-12, 1.4097089225586532e-12, 1.2139231071171352e-12, 1.7280030004542197e-12, 4.107260155490087e-14, 5.816734952693767e-12, 1.883056594205859e-12, 2.964379482695447e-13, 1.7417518239223918e-12, 2.8776468481431247e-12, 4.3104186359746033e-13, 8.797807880722321e-13, 1.4176161159475979e-12, 1.7867142536178465e-12, 4.206143394527868e-12, 3.597412869038953e-12, 3.182097155552393e-12, 1.5818180355015882e-11, 7.776083680171413e-13, 2.2328696225289498e-13, 2.4030187486092356e-12, 1.9463208393910793e-12, 3.852535461588859e-12, 1.6786697155958828e-12, 6.306143496447854e-13, 2.0801103509903298e-12, 1.9572937684607315e-12, 4.8157920138847775e-12, 4.822207356139611e-12, 1.9160162978283217e-12, 1.1829601729112776e-12, 3.111508379558624e-13, 2.9983945936168487e-12, 2.0041109151215463e-12, 1.6666495968638416e-12, 1.0659516702181017e-12, 1.5567813621512866e-12, 5.297018754740591e-12, 2.1464965884496553e-12, 8.354446894180336e-13, 1.794182852761146e-12, 5.199776880529605e-12, 2.1147016008644023e-13, 1.2184514472510871e-12, 1.0679819976503325e-12, 2.3350054029931174e-12, 1.2492437410108849e-12, 4.10030516040869e-12, 3.0955847717340264e-13, 3.135499741932209e-12, 1.1927705541753382e-12, 1.0181706527379132e-13, 1.6242379725690048e-12, 2.139112732162231e-12, 8.057323417075538e-13, 1.0398849160008382e-12, 3.5428253296223336e-12, 3.70666419153738e-12, 1.3848992053077119e-12, 2.6728365297851095e-12, 8.735484768012156e-12, 8.834305821696288e-12, 2.4888792249908983e-12, 7.951283615011229e-13, 3.579575340231112e-12, 5.449815758286548e-12, 2.2015613843727033e-12, 1.7051036718691523e-12, 2.117913962419142e-12, 1.6935849396893855e-12, 2.1568933936991787e-12, 1.396737080092581e-12, 3.979517006703052e-12, 1.3521016680402195e-12, 5.381121369914028e-12, 9.117616766064133e-13, 2.9349807207878647e-12, 1.4248399698949466e-12, 1.3653066591094043e-12, 1.837298359651787e-12, 5.168793393815797e-12, 2.0569567679159e-12, 8.504176021446193e-13, 1.8219819495361025e-12, 2.954641475672516e-12, 3.215015797989279e-13, 1.5164180715851791e-12, 4.1033882239868186e-12, 1.3920298500268016e-12, 1.0529362118943188e-12, 1.4472816384846703e-12, 4.5925630128346435e-12, 5.941883238149107e-13, 1.8092364410430699e-12, 6.38687409068166e-13, 5.150774842611246e-13, 6.855053591943819e-12, 8.121528612589371e-13, 1.4078950222723496e-12, 3.011873618048363e-12, 5.3159740742942654e-12, 6.878168817318725e-12, 1.4787778483105947e-12, 3.753171889633851e-12, 2.4275326578644897e-12, 1.3381603534644534e-13, 3.599457707995902e-12, 3.864660766723375e-13, 2.6949071509517204e-12, 1.4375913962045708e-12, 1.4641634223919544e-13, 3.874787403349332e-13, 3.617055570236034e-13, 1.996435951512638e-12, 1.579752522938513e-12, 2.8507682966409546e-12, 4.039565378489496e-12, 3.808656569658182e-12, 3.498440968499451e-12, 3.092818677023565e-12, 1.516133160344826e-12, 4.718424978750483e-13, 1.0880570811960629e-12, 1.2445018201713072e-12, 1.3821627433789562e-12, 3.754488773004532e-12, 2.6863499766943964e-12, 4.5645501357196715e-12, 2.8176062303133712e-12, 9.42859791961936e-12, 8.459749668208481e-13, 2.193783300013566e-12, 3.5652658778276096e-13, 6.141409443706572e-13, 2.8030001264787026e-12]","[2.7423004374747443e-12, 2.932970780318297e-12, 1.5742378471519202e-12, 1.083861442379376e-12, 1.2309833896276782e-12, 1.4909140259462145e-12, 2.3181506319963358e-12, 1.0656252002206119e-12, 2.719018732837297e-12, 5.1646575829778696e-12, 2.3789392904659083e-13, 6.055319524308292e-12, 1.7401442420971824e-12, 5.557287179315732e-13, 1.2195819026853264e-12, 6.974286456653617e-13, 2.8452498252285447e-12, 3.7973109250341066e-13, 1.2971802286383885e-12, 2.440641005730814e-12, 5.575827029266976e-13, 2.8118564916737697e-12, 2.254870849443926e-12, 4.132034027653816e-13, 8.981014803497107e-13, 3.604696948291906e-13, 3.4233022705912023e-12, 4.339516149852441e-12, 2.9957466409515655e-12, 5.347964095208353e-12, 2.0971547558642854e-11, 1.1438197042172004e-13, 1.0248833560645004e-12, 2.5809631331361155e-12, 1.9260787458211603e-13, 6.956696274979454e-13, 6.817911658213141e-13, 1.4304439894480941e-12, 2.696141039186112e-12, 2.5187116903347585e-12, 1.4837175261836634e-12, 4.910978587422813e-12, 1.7370037285530597e-12, 1.163005545875083e-12, 7.709196654364019e-13, 2.611971055495355e-12, 1.2225898914007124e-12, 1.3444676909917149e-12, 1.8296505840850393e-12, 1.9448258238506058e-12, 7.171071014989286e-13, 2.6308368894914995e-12, 5.023106859658244e-13, 5.974446006459937e-13, 5.404629612095181e-12, 6.499616421794512e-13, 1.212261572075967e-12, 1.6688286575831004e-12, 2.069808824870416e-12, 4.052253895789399e-12, 5.1983210792531065e-12, 6.851869931516705e-13, 3.5743934522586494e-12, 4.891811949538616e-13, 3.1732575215741103e-13, 1.26884114094346e-12, 2.069503532894765e-12, 1.0353045281712802e-12, 1.1446355967254728e-12, 3.780894823973552e-12, 3.9129268481796434e-12, 8.043774688639884e-13, 2.1050525543132126e-12, 7.264874025921332e-12, 5.48398322259919e-12, 2.868438591981149e-12, 4.1464972811119733e-13, 2.502860826248972e-12, 6.524842099972635e-12, 1.5949037398199756e-12, 6.708764395097812e-13, 1.3365653909190418e-12, 5.574944797324871e-13, 1.582302268385782e-12, 1.0535528298783535e-12, 1.0400337957425766e-12, 1.8026020042565395e-12, 3.3629501044260597e-12, 9.387800193640118e-14, 3.959599656864735e-12, 1.059925456412476e-12, 1.3305566546835358e-12, 1.3156778532726994e-12, 4.148946800898559e-12, 2.2914856529730227e-12, 7.646400148889017e-13, 1.9737243503744974e-12, 4.376982158790993e-12, 3.602754514026196e-13, 4.651694924045158e-13, 4.1464716608320734e-12, 1.4034778376984565e-12, 1.6446633845618098e-12, 4.8657790329707186e-12, 3.0261289543308616e-12, 1.1654380147517276e-12, 2.5650666603954187e-13, 1.2476412113994016e-13, 1.2950200070535887e-12, 2.9284578029180228e-12, 1.5283938761639858e-12, 5.298213136484839e-13, 4.0266586991487195e-12, 5.972328384837412e-12, 3.918124788020448e-12, 3.198873656540702e-12, 2.9074563191132833e-12, 1.831498906939789e-12, 5.234538144592138e-13, 3.894049065761614e-12, 1.4770952409820456e-12, 2.7538922405524643e-12, 8.879371819119408e-13, 5.382719318048399e-13, 9.676640074177153e-13, 4.06387857456032e-13, 4.4044234393905596e-12, 1.6681837688328005e-12, 2.3843569276197662e-12, 3.214942968063684e-12, 4.223761173069785e-12, 2.593311438090693e-12, 3.063689189045334e-12, 1.1215107544704657e-12, 8.606592862130882e-13, 1.0655491269221217e-12, 1.3650357526351298e-12, 1.5034699368321456e-12, 1.6946575952555806e-12, 2.844750138756245e-12, 4.408782658666006e-12, 1.830090528556513e-12, 9.928653850837536e-12, 2.311235786930213e-12, 1.7760260680292317e-12, 3.119786882132139e-13, 1.575320349788891e-12, 4.6658109911780595e-12]","[3.3458292833871983e-12, 2.777354818549672e-12, 1.53583577445549e-12, 1.3412120139731374e-12, 1.1346541553270359e-12, 1.4189505090096195e-12, 2.1048841614000325e-12, 1.5679958825937016e-12, 2.878642503529342e-12, 4.7642609786160595e-12, 4.1158200592632297e-13, 6.367130468783349e-12, 1.3447495692545804e-12, 9.563679260898033e-13, 2.235852879691633e-12, 3.823814057359477e-13, 2.6122366794965848e-12, 1.7098005000249141e-12, 4.377453142171352e-12, 2.9883594871323014e-12, 7.175074157336051e-13, 1.900338747650878e-12, 2.7950433962276805e-12, 7.557750141367167e-13, 1.025767108502626e-12, 7.179100048183615e-13, 5.140075490048323e-12, 4.090351523357368e-12, 2.3091614568522934e-12, 3.8933784314653996e-12, 9.9995926010516e-12, 3.0797796687847166e-13, 5.157730047424655e-13, 2.663731059850467e-12, 9.298364391217506e-13, 2.41255867238557e-12, 2.073353257312189e-12, 8.412896156623656e-13, 2.327951680028197e-12, 3.0711539912030842e-12, 3.375625941903033e-12, 6.481663857789878e-12, 7.147302310641792e-14, 6.316045130402653e-13, 6.028614108500851e-13, 1.5862593954304614e-12, 1.864507984932787e-12, 2.5638452385334983e-12, 1.2584262737317366e-12, 3.245577956833235e-12, 1.0232669210322145e-12, 6.0623510850314016e-12, 1.3282970008501783e-12, 9.785432762654408e-13, 4.4869952645459075e-12, 8.068711971925741e-14, 3.0258653601283408e-12, 9.891307016388114e-13, 3.6215400905176304e-12, 1.6788481856234265e-12, 5.618446642149683e-12, 3.4744473343596375e-13, 3.678775941419707e-12, 8.070806101172352e-13, 1.517797492284826e-12, 1.8317204237538524e-12, 1.540515107153476e-12, 8.89474211378095e-13, 6.348173085335261e-13, 5.4900399534126175e-12, 3.3861552290612022e-12, 1.657518954841543e-12, 5.008841428530063e-12, 7.105925386136815e-12, 9.214621045729446e-12, 3.5342352708687912e-12, 2.1696100686567042e-12, 4.1401492514148e-12, 6.5779636378289215e-12, 3.31198520428517e-12, 2.176757991046511e-13, 1.0822703775380987e-12, 8.959830390638052e-13, 8.554987258302124e-13, 1.0188008163060845e-12, 1.7071104594346565e-12, 2.83867714330063e-12, 5.703170002676917e-12, 8.752044531247515e-13, 3.89294561023277e-12, 2.1685303949114366e-12, 7.224004625761349e-13, 1.4993163856511393e-12, 5.9388157295576706e-12, 4.099679405987783e-12, 8.309708771733789e-13, 2.294419278380554e-12, 4.388274712328172e-12, 1.5653589131612048e-12, 6.585714426615711e-13, 3.17552974463661e-12, 9.809389564164726e-13, 1.8464436147159874e-12, 2.46892858004723e-12, 2.145036958992934e-12, 1.5414544780969721e-12, 1.5044750247311584e-12, 6.641011973529985e-13, 3.011088129127313e-12, 2.122718880936696e-12, 1.8320686280011412e-12, 2.166992566822018e-12, 8.441163724615427e-12, 7.27840481633738e-12, 1.817425803534909e-12, 2.9262555540216475e-12, 3.223742302445076e-12, 6.437839098118428e-12, 2.2286890359831346e-12, 1.4854701635303805e-12, 1.3909907042851045e-12, 3.424269214731415e-12, 7.754732679382299e-13, 1.6771965245482533e-12, 2.38661061184681e-12, 1.0354695908974452e-12, 1.3124654771419575e-12, 1.7939858870273947e-12, 4.105096596804197e-12, 2.5401607750613753e-12, 2.1680100766737796e-12, 2.553693225673793e-12, 2.9799180815571304e-12, 1.1675264818537839e-12, 7.893385392419779e-13, 9.932918886707005e-14, 2.3596701292344703e-12, 1.3249224291570183e-12, 1.960188709750709e-12, 2.111701543846918e-12, 3.480265685705997e-12, 1.7139428805844117e-12, 4.8308875276359754e-12, 5.639478582828994e-13, 1.0199233522917001e-12, 8.09905321383083e-13, 1.713339917106319e-12, 4.0731095352687715e-12]","[7.53293786724474e-12, 4.547314230045817e-12, 4.801591687154384e-12, 6.328723321391406e-12, 2.0181686884279566e-12, 1.983580985798291e-12, 6.5104799802250095e-12, 1.134926225393377e-12, 4.193374397001015e-12, 6.646043633145605e-12, 3.3645281483565296e-12, 2.0270762885302205e-12, 4.04448549474113e-12, 8.002023233457278e-12, 5.172750846071969e-12, 1.195235555053775e-12, 2.1019841812146203e-12, 4.12133319356639e-13, 1.1631856144256292e-11, 1.4637985061352394e-12, 4.0398136828801947e-13, 6.9315682009808766e-12, 2.4867877521444925e-12, 1.3036215542859953e-12, 5.35758114918695e-13, 2.1638299989645978e-12, 1.7171527981795344e-12, 7.861376979059974e-12, 2.317867483708009e-12, 6.928768704534772e-12, 2.3307015675776113e-12, 3.3798878754039037e-12, 7.726216886273989e-13, 2.3745115128239044e-12, 7.548543598042443e-12, 8.917458870928017e-12, 3.936746810953787e-12, 1.4015534591041726e-12, 6.110221813176278e-12, 3.96971034387444e-12, 9.092667639397186e-12, 5.449393362184497e-12, 3.542611036973349e-12, 3.794192962059494e-12, 1.2103114154538041e-12, 5.9898449195658485e-12, 1.9165773117145673e-12, 1.4729223779478545e-12, 3.2185359651935778e-12, 1.4392998508017366e-12, 1.0035151656105061e-11, 2.49053594349597e-12, 3.1541462413832294e-12, 2.4923855317171524e-12, 3.383539573303441e-12, 3.828886584062953e-13, 3.897550782578486e-12, 1.6916723969893847e-12, 5.561951723020175e-12, 3.147083625133107e-12, 3.548058233835973e-12, 1.0803033797720513e-12, 2.3464443014534936e-12, 3.0915013056107837e-12, 7.212791572850695e-13, 3.4327107702502775e-12, 4.043491928123195e-12, 1.6465942224131558e-12, 5.646911339814437e-13, 2.553873526538634e-12, 9.65220879143578e-13, 1.3212414324528028e-12, 4.699551132391994e-12, 5.52939002811843e-12, 1.22786462034391e-11, 4.101688488298431e-12, 1.1189952049076986e-12, 4.262702701048822e-12, 2.7657649055523127e-12, 3.6369171042317495e-12, 4.184366813907125e-12, 3.80556953645164e-12, 5.633515066110632e-12, 2.2328811587526985e-12, 2.145724509422991e-12, 7.37390783628309e-12, 1.169891841483945e-12, 8.426353447569868e-12, 7.518132977181359e-12, 9.539682442183523e-13, 1.220687697614403e-12, 7.74200339770467e-13, 4.993313029136694e-12, 7.939752213670531e-12, 2.9835016322308245e-12, 8.239045693742834e-13, 2.7963967644289378e-12, 1.8612484126658585e-12, 2.678682929742858e-12, 2.4668647830962235e-12, 1.0869778886728184e-12, 1.1761551211579291e-12, 2.573715300839676e-12, 6.2888761043087e-13, 2.8219120870326826e-12, 8.977580844286357e-13, 3.524102198064233e-12, 2.4753321114264457e-12, 9.957403379285358e-13, 1.3184789168825127e-11, 6.386525445701567e-13, 2.0722743975981815e-12, 2.7854585877285782e-12, 8.091947371459462e-12, 9.155144266951704e-12, 3.261273782943198e-12, 4.364808540617374e-12, 4.562535123902699e-12, 3.5172134330176505e-13, 2.5828869933656783e-12, 1.9309587329324764e-12, 7.002028512524738e-12, 5.01353103626045e-12, 2.8104575265482284e-12, 3.5596588706738893e-13, 3.663006041961457e-12, 3.1183925250163516e-12, 2.0090982505573568e-12, 4.984892171677504e-12, 3.3823308888230813e-12, 3.533146387595795e-12, 4.098872335187627e-12, 3.0968443726186036e-12, 1.6307818656184201e-12, 3.974111150294751e-12, 7.549642325294277e-13, 4.6752340696644164e-12, 1.4428341572850746e-12, 4.544607901793094e-12, 4.058333848634939e-12, 2.346042103375337e-12, 1.3312228605006807e-12, 3.7682547654832775e-12, 1.5840937352090168e-12, 5.512809594105748e-12, 1.6936842986563513e-12, 2.0489301749580775e-12, 1.2859526977980635e-12]","[8.544872000822201e-12, 3.552122920959888e-12, 9.448928636179422e-12, 6.4060683072369885e-12, 1.7068255764179538e-12, 2.555322363981065e-12, 1.0037236259460661e-11, 1.3086299228869316e-12, 1.5147751205690992e-12, 6.21789436669136e-12, 1.8240771659566844e-12, 6.482464260201706e-13, 6.98677597599997e-12, 4.4426903976643135e-12, 2.884905547907621e-12, 3.2365770115128777e-12, 2.7248136976587478e-12, 2.6695168836458085e-13, 1.4359811727189578e-11, 3.3729991761391406e-12, 9.40751171716197e-13, 3.063800700382176e-12, 2.831556017589582e-12, 1.1238471112044163e-12, 8.142139060255816e-13, 9.606091341184527e-13, 2.1258891492340645e-12, 8.534948437572072e-12, 5.547756123124198e-13, 1.383232253663228e-11, 7.40138736537391e-12, 1.6624499036120942e-12, 1.3398670462582337e-12, 2.091289568691931e-12, 5.57118648957326e-12, 9.46884128439242e-12, 2.4624653977068937e-12, 6.144656589490666e-12, 5.121189638210233e-12, 5.5207434979663896e-12, 9.708157587996503e-12, 4.638587570487422e-12, 3.5335505216387624e-12, 9.395427151070927e-12, 1.897243227416e-12, 6.996596492544908e-12, 1.5415145181927363e-12, 8.736421668191344e-13, 1.0827168966613015e-11, 2.9096344364054245e-12, 7.47276049271425e-12, 1.7318358708894977e-12, 5.169852859546166e-12, 5.159682574394367e-12, 1.1112653435528335e-12, 1.3961644402356783e-13, 7.602994270717292e-12, 5.395909542382683e-12, 8.059250733640296e-12, 2.9029784745260685e-12, 6.402043864185185e-12, 6.370064384414306e-13, 9.599624856276877e-13, 7.370611915261989e-12, 3.5293236982125837e-12, 2.8634530369494822e-12, 3.2978373874181702e-12, 1.4341993271169502e-12, 4.532570635996021e-13, 2.197120977747347e-12, 1.1081883823683965e-12, 1.4160955200325488e-12, 1.9107666182762794e-12, 1.2680733709023466e-12, 1.0072596153544743e-11, 6.181317707698147e-12, 9.180251344446586e-12, 3.5763566521514192e-12, 1.8089426938721494e-12, 3.2879384842354366e-12, 3.990699674195407e-12, 4.087854881402201e-12, 8.405859431574567e-12, 2.1958757055752176e-12, 1.2495742078429105e-12, 1.1320449479933852e-11, 2.358221726411111e-12, 8.110138609421935e-12, 3.620952412766417e-12, 2.835089475985755e-12, 3.4523414055701933e-13, 9.537613924711955e-13, 1.2747853511013485e-11, 5.332229301843546e-12, 2.8514370031164935e-12, 7.788889084923353e-13, 1.4991634231882148e-12, 3.079757860924343e-12, 2.2104726331297692e-12, 2.9069490544868887e-12, 1.5683438844172978e-12, 3.0390443402631775e-12, 1.36504676368846e-12, 5.546574574138397e-13, 2.4181786536292963e-12, 3.864802136066677e-12, 2.3420419473759657e-12, 3.7139057622463575e-12, 8.735479337245644e-13, 1.2392346212185295e-11, 2.513832124243765e-12, 2.3279786078690103e-12, 1.6479496370227368e-12, 1.361236622072864e-13, 5.805450094917972e-12, 2.3844721369765294e-12, 7.245574034052321e-12, 3.5180070293982806e-12, 1.0374877348225066e-12, 2.0266540414893846e-12, 4.985759918940941e-12, 4.022075930424634e-12, 5.4673906494539624e-12, 4.042641187721017e-12, 3.583325907060108e-12, 8.358064162349665e-13, 4.6620807595542276e-12, 2.442974860053203e-12, 4.579383520436757e-12, 2.0004286940700418e-12, 1.528589735160502e-12, 2.3505241395107257e-12, 7.581135033971577e-13, 9.696927607449116e-13, 3.2246306295752835e-12, 4.075034531340789e-13, 1.0794549660324329e-11, 1.02186407040051e-12, 2.4511684107117783e-12, 5.0172756104841856e-12, 1.7304337043047859e-12, 9.941977860161102e-13, 8.754807127205473e-13, 1.0275825751879578e-12, 4.922364713277018e-12, 3.307564629705574e-12, 8.335398320925334e-13, 8.70671464340347e-13]","[3.542943856096248e-12, 3.6373521452403326e-12, 1.0223467832300345e-12, 2.5781982012890707e-12, 1.2938799508340966e-12, 1.0946219014717332e-12, 1.9581691373682677e-12, 1.6900115315706355e-12, 3.921940331632642e-12, 4.111415564556464e-12, 6.332607595073418e-13, 1.2967477630608927e-12, 2.3093016312542334e-12, 1.7905956472192003e-12, 1.2412933646696848e-12, 1.480750452291976e-12, 1.3380609295730357e-12, 1.0036350472079311e-12, 3.9846817761941606e-12, 3.5097622786257935e-13, 3.0223593144558076e-13, 1.2053772876456665e-12, 1.5385024251509642e-12, 1.2559019522010986e-12, 7.38001850282301e-13, 1.1195723227663134e-12, 7.659522856811537e-13, 5.399483945072297e-12, 1.4825472926764818e-12, 2.169534976064863e-12, 2.1510398642667734e-12, 2.9556300121421715e-13, 1.7368631683274431e-12, 2.4205214514457052e-12, 1.9562095207266653e-12, 4.6734062707647345e-12, 1.1689604793460166e-12, 1.7233928179434432e-12, 3.0322569137430235e-12, 3.3814386362951507e-12, 4.851584387480488e-12, 2.7988132459459843e-12, 7.697281967729313e-13, 1.3820786760954789e-12, 2.7002118458263235e-13, 3.268370450794453e-12, 1.146444965715963e-12, 1.825913469431514e-12, 6.257285093244168e-13, 1.9017080832257587e-12, 1.2838278445496875e-12, 4.2981401043676475e-12, 1.0235474922547323e-12, 2.182811354567364e-12, 1.3358513151380714e-12, 1.9276035321294747e-13, 5.323597930767962e-12, 1.1098042449586736e-12, 3.3838595006076795e-12, 1.716497942116726e-12, 2.6918579593657887e-12, 6.315591526252532e-13, 2.1175290321262777e-12, 5.846755844384084e-13, 7.446004960954034e-13, 3.285436118282366e-12, 1.6443882480879632e-12, 7.523974423483038e-13, 5.728949876303673e-13, 3.072785056823006e-12, 1.8889457470757383e-12, 1.0730690138825924e-12, 4.139707976093249e-12, 1.3255877482032128e-12, 1.0602616072148178e-11, 1.6838635694853318e-12, 7.215259908976452e-13, 2.05271505587231e-12, 1.8346382034824975e-12, 2.418075598281139e-12, 9.861029368745405e-13, 4.558332421748834e-13, 4.780648660885752e-12, 1.2116680879179721e-12, 6.747316168922215e-13, 2.183894291308764e-12, 1.7200565645489515e-12, 4.8758714037702794e-12, 1.0784093099875244e-12, 1.201091928191522e-12, 7.43852873950522e-13, 1.0836789594331548e-13, 2.0098575287408042e-12, 3.3414171473415115e-12, 3.392034792362357e-12, 3.7295969449235566e-13, 3.0339712560977927e-12, 1.3106395040931426e-12, 1.510474238120082e-12, 3.721450278454485e-13, 7.233120224109127e-13, 4.782322722658375e-13, 1.708506142452963e-12, 6.36473233583697e-13, 1.3995923546465522e-12, 8.900833207261147e-13, 1.5064553490470952e-12, 1.6135009414042332e-12, 7.961400660280842e-13, 3.2957691626891583e-12, 5.066898118911164e-13, 4.513451630629224e-12, 5.474367310352055e-12, 3.626221072398352e-12, 1.6126098380035365e-12, 1.514333992562516e-12, 3.169049259696706e-12, 8.76071221444419e-12, 1.1814859075127228e-12, 7.746293978573883e-13, 1.393918984453392e-12, 2.3488780320329792e-12, 1.7032169089688721e-12, 7.584325042441333e-13, 1.0712166616667267e-12, 1.2078567478881288e-13, 2.535488722791922e-12, 1.5635938946987647e-12, 2.6267005163085027e-12, 4.023810095719274e-13, 1.3737532320585453e-12, 2.311574396195267e-12, 1.1754040261548644e-12, 1.5564735384006405e-12, 9.32633923254913e-13, 1.1273105566512778e-12, 4.296319247127258e-12, 1.657609772807084e-12, 2.1588473192709575e-12, 1.3008218133783405e-12, 8.627603478573445e-13, 2.8227348285806003e-12, 7.018938920527371e-13, 4.982290340259677e-13, 1.9817971613594135e-12, 2.2919255611932866e-12, 5.183108743535071e-13, 4.584944848722973e-13]","[1.804356901843221e-12, 1.4128033202252014e-12, 1.3692228200924815e-12, 8.910210809952357e-13, 4.356426819116627e-13, 1.5100850544513388e-12, 2.581611043212315e-12, 1.8417662713066014e-12, 2.8541968654913843e-12, 1.1943157001292757e-12, 6.676588083183305e-13, 2.0565025841614965e-12, 1.7737174700046872e-12, 9.517753765431831e-13, 9.100415104783822e-13, 5.963605407367666e-13, 2.5368608092838836e-12, 2.2677988386801975e-12, 1.0579372441712026e-12, 5.639584889573685e-13, 1.4502903971259955e-13, 4.153907464488885e-12, 7.057034707528119e-13, 3.989894566063149e-12, 1.1520862183493122e-12, 3.380419064308807e-13, 1.929649053824269e-12, 2.268236553432883e-12, 1.1406568224749693e-12, 1.0004820657274457e-12, 1.7161105166184999e-12, 5.690780720002661e-13, 2.7989131182506776e-12, 1.0356754307375393e-12, 1.8521328269050056e-12, 1.9615372616616712e-12, 6.129842637553093e-13, 9.153855774847705e-13, 4.3538237083479845e-12, 3.813883355445506e-12, 2.0959217842376357e-12, 4.470704072003186e-14, 2.4083266208017084e-12, 9.279559791023077e-13, 4.0974061842190695e-13, 1.579319728060176e-12, 3.637569396314382e-13, 2.2425450345616056e-12, 5.085680388819944e-13, 1.4626035850263807e-12, 6.377802252322439e-13, 5.833542691141956e-12, 2.8112687430631767e-13, 3.297461002945913e-12, 1.9002598452855117e-12, 8.388543138231848e-13, 5.820243652568275e-12, 5.892999487346483e-13, 5.138009762739084e-13, 1.5975591796562035e-12, 7.130204218024194e-12, 7.114180265054023e-13, 3.3263603411607184e-13, 2.84515272671102e-12, 1.628492384381052e-12, 1.1012720485662231e-12, 3.8279393441967036e-12, 1.152559421693416e-12, 5.28955026767193e-13, 3.039094128033321e-12, 5.48942054643769e-13, 1.68645700241622e-12, 2.2060608749604586e-12, 1.9079325920668523e-12, 5.378334631571523e-12, 8.73466305947275e-13, 2.233549582807999e-12, 2.0071601929962616e-12, 2.4850320892847033e-13, 1.5477545711047614e-12, 1.2071562439035233e-12, 2.0758194861463865e-13, 1.7919095272271169e-12, 4.997998961394002e-13, 5.416663906224587e-13, 3.487382813410048e-13, 3.692919456085773e-12, 3.313311138308594e-12, 9.826026828132054e-13, 9.434886316787181e-13, 1.2941179665863916e-12, 3.572792225542149e-13, 3.083635279170526e-12, 7.656681451403742e-13, 3.581480782169033e-12, 4.267169275119856e-13, 1.3602413477912517e-12, 2.5067996196692393e-13, 7.725647044548644e-13, 1.4949669355253152e-12, 1.3112407555128476e-12, 2.449871340389709e-12, 3.0193161389307295e-12, 1.042443948234089e-12, 2.4772612761231043e-12, 1.7608045492422615e-12, 6.239687133760342e-13, 4.5118977743326657e-13, 1.7267562435187312e-12, 1.2252717596485546e-12, 1.0291192740407493e-12, 5.111356655812177e-12, 2.411730707281916e-12, 9.571972466531736e-13, 1.1976142062881329e-12, 6.041563196139601e-13, 2.7725764188221804e-12, 7.923812326392211e-12, 1.7771977305263553e-12, 3.239974364419921e-13, 1.7162612297125468e-12, 2.5081157068096965e-12, 1.5796934076915299e-12, 1.0170643513508477e-12, 2.227738773855746e-12, 3.797567555735239e-12, 3.412479097489393e-12, 2.3182036056234335e-12, 1.287534692645641e-12, 6.422172366932394e-13, 1.1355711554634155e-12, 1.1003998389000253e-12, 1.106847432811059e-13, 6.542247699188432e-13, 1.7538347855395987e-12, 1.5105219685555865e-12, 9.491185632370517e-13, 1.6971334416675345e-12, 1.9928451030792626e-12, 3.679550911356829e-13, 6.035067043077331e-13, 3.2046706658682147e-12, 1.899365909342384e-12, 9.771247682397498e-13, 5.838644265752129e-13, 3.099857337033632e-12, 8.147073690229702e-13, 1.9424004929792926e-13]","[3.764720698682777e-12, 1.9975701538800543e-12, 6.888079193947784e-13, 2.3512479582773675e-12, 8.25799744330667e-13, 8.740464377086428e-13, 3.754230420544744e-12, 1.3562727973018342e-12, 2.6367807779798794e-13, 4.817234103516898e-12, 4.664888064492972e-13, 3.238124256067534e-13, 5.751217784599865e-12, 1.7681310464887286e-12, 3.518656573409923e-12, 3.951000815534271e-12, 1.3870119197201573e-12, 8.870411614224193e-13, 8.038881001761679e-12, 8.281319318440829e-13, 1.556535780733802e-12, 6.492201971991261e-13, 9.517889450198227e-13, 1.660245475872104e-12, 7.381295131704585e-13, 2.2398549020068995e-13, 1.5760708644139631e-12, 5.1232872432697525e-12, 5.922538450143202e-13, 8.028972987999208e-12, 2.0851706607152177e-12, 1.5452707167776548e-12, 5.034832657027847e-13, 1.2529141895568314e-12, 2.3575923155904384e-12, 2.0052455843470105e-12, 8.89460569824844e-13, 3.568242112119824e-12, 2.1895515664868326e-12, 3.0231677149517543e-12, 4.9971558713654444e-12, 1.1684005896926568e-12, 2.2836243334085223e-12, 4.839379951811489e-12, 7.700992916980409e-13, 4.376036576787806e-12, 4.623360638983289e-13, 1.2334285578740689e-12, 4.396117306095713e-12, 2.546076323162592e-12, 4.5417360704663646e-12, 1.4791076041434016e-12, 1.9831724551871625e-12, 2.3549745867112573e-12, 1.4439610542415682e-12, 1.3169406379694985e-13, 4.955914051373607e-12, 2.741066120924809e-12, 2.8300163210852017e-12, 1.310851026368408e-12, 2.31102399877814e-12, 9.717850306162492e-13, 2.199344502226104e-13, 2.308944441606361e-12, 1.0396017904990824e-12, 2.8873118510228912e-12, 4.612652190794768e-12, 3.591230864972785e-12, 4.806009700523986e-13, 1.0249286750300483e-12, 3.433721037208833e-13, 6.818825045531928e-13, 2.19841604491539e-12, 1.085259192469172e-12, 3.9901123615898214e-12, 3.761984961238761e-12, 9.198613398483896e-13, 1.8182732377575057e-12, 1.2549248595598023e-12, 5.214939568088751e-13, 3.137980893762388e-12, 1.5413533637581174e-13, 5.450767348125372e-12, 1.1067061267970255e-12, 6.071782537370739e-13, 3.827214107919657e-12, 8.934917267584456e-13, 1.971485240953859e-12, 6.0979238183637235e-12, 2.575916225190448e-12, 7.289194309235092e-13, 8.018732584698284e-13, 4.473034933570235e-12, 2.898927857393508e-12, 3.059723787529138e-12, 6.308802280671512e-13, 1.1428746316466725e-12, 2.98630580686502e-12, 8.849865957301277e-13, 1.898703012915807e-12, 5.779707595286204e-13, 1.506575596087031e-13, 1.7150740462515327e-12, 3.324382148478544e-13, 1.6641354884419275e-12, 2.05986045097189e-12, 9.806639972334321e-13, 3.6370414851682753e-12, 8.860559480868278e-13, 4.077582653378708e-12, 1.0961507902067801e-12, 2.542930693345173e-12, 1.7069069373986741e-12, 2.555184036995604e-14, 2.461980699384609e-12, 3.033038465688353e-12, 2.065142768287454e-12, 3.8349804817364545e-12, 4.227859667461631e-13, 7.696846270324085e-13, 1.751680853800263e-12, 2.2497337983232404e-12, 2.706718402831642e-12, 8.503476630396544e-13, 2.6241903591478903e-12, 1.4694316584307572e-12, 2.372820594639296e-12, 1.4619076055368542e-12, 7.058545097838007e-13, 7.354516647940023e-13, 3.2529587423908343e-13, 1.471607227310118e-12, 7.743319395697297e-13, 1.7415353921898055e-12, 2.842485570307178e-12, 2.506787151729637e-12, 5.570657178780332e-12, 5.196459388827064e-13, 1.0821075229696887e-12, 6.934253535500248e-12, 2.259237846268892e-12, 8.404428647609603e-13, 2.0824904319473348e-13, 8.144429779334486e-13, 9.567677907232097e-13, 1.8152568064092398e-12, 1.6505654539353214e-12, 1.163497705254051e-12]","[5.190466373634574e-12, 6.14081825507364e-13, 2.070250306489064e-12, 3.3696993463651694e-12, 7.877053048540321e-13, 1.6736384408697582e-12, 2.6420250474421267e-12, 1.5014304817632269e-12, 4.748341142328329e-13, 7.310771342059499e-12, 4.1544986387935703e-13, 2.3668740489313197e-12, 4.694698728461366e-12, 1.3009329167676674e-12, 5.533375668563133e-12, 4.702306933305479e-12, 1.2934258482117162e-12, 1.2346911870172636e-13, 9.54904254703413e-12, 2.169109077020487e-12, 1.1333915339880255e-12, 1.363441255179381e-12, 1.4322375440446039e-12, 1.4866289207482984e-12, 1.8117896865800792e-12, 4.4877835660055044e-13, 3.558389787529067e-12, 5.780605248199113e-12, 6.116007843497367e-13, 7.101946330317989e-12, 5.9174036696938516e-12, 1.6993457042923147e-12, 6.199310053777881e-13, 1.1985196927108409e-12, 1.2187904930964508e-12, 5.075538781755455e-12, 2.5758662047394616e-12, 1.5829923050756398e-12, 4.339615978010098e-12, 3.570440145457701e-12, 3.895102290321791e-12, 1.955985083681931e-12, 3.6087337469920214e-12, 4.948877067607084e-12, 5.953873291409158e-13, 5.00733158197422e-12, 8.650760476928984e-13, 1.0084825087007108e-12, 5.143089007932788e-12, 3.159666638864274e-12, 8.773763666255019e-12, 3.202773299172147e-12, 2.5693627443618096e-12, 1.272633778519422e-12, 3.803540871725158e-12, 7.897956328105821e-13, 2.830599939172652e-12, 2.9699386474670088e-12, 1.9564300338665045e-12, 9.973404992468508e-13, 3.2345822650651544e-12, 6.235737695553876e-13, 1.9967103119318833e-12, 4.463445757908645e-12, 4.274110302562837e-12, 2.7101158350670023e-12, 5.9617392549173605e-12, 4.8321882355323235e-12, 1.0244143592897492e-12, 8.700494192075214e-13, 8.716425420578062e-13, 2.4439121679035063e-12, 3.8882802957021e-13, 1.1457243265232527e-12, 8.646727256836962e-13, 3.0501418421675153e-12, 3.97972189556962e-12, 3.96465448962647e-12, 1.2358308663944387e-12, 9.726874072478142e-13, 4.45924882614103e-12, 4.950274079753843e-13, 4.457368858605383e-12, 1.5780129995499291e-12, 1.190813180494477e-12, 5.6583889899158075e-12, 4.219102820070834e-12, 1.9426256885249076e-12, 1.0265450848723983e-11, 3.6240133699871307e-12, 1.5856121645127473e-12, 1.5797080580286043e-12, 4.393384769970413e-12, 3.3294016874644612e-12, 4.9562547329445265e-12, 8.801886875555744e-13, 1.3684151316366285e-12, 5.405545795326629e-12, 1.4421541895122583e-12, 6.8407843314980105e-12, 2.0756237350258024e-12, 7.043602265435528e-13, 2.899904648840521e-12, 4.368321684401501e-13, 7.294915047830067e-13, 3.5177822091767704e-12, 5.43426013346816e-13, 4.5026191975993534e-12, 3.939895183076607e-12, 4.734713982187487e-12, 3.2839269502408707e-12, 1.4545133184048178e-12, 2.0870515884208473e-12, 7.49482089866145e-13, 6.029366872982737e-12, 4.57962709126761e-12, 1.5775288313007187e-12, 1.987728968814816e-12, 1.946390932905913e-12, 8.549182002466412e-13, 2.9345268355492813e-12, 4.2488548524093845e-12, 2.129654188867579e-12, 2.958161748921422e-12, 3.674350950495916e-12, 5.553845494481804e-12, 2.226613213670294e-12, 5.834297984407242e-12, 1.7973615988072654e-12, 6.283799582504342e-13, 3.135673994588854e-13, 1.2343873878655981e-12, 1.6504174561883558e-12, 3.5043846553562634e-12, 5.20319040915503e-12, 2.4348850498416413e-12, 4.008187480050566e-12, 5.1845338676554e-13, 1.1251287792485892e-12, 1.419343184009781e-11, 3.1005367122902505e-12, 7.320114738748371e-13, 6.00763295459344e-14, 1.3685316555913673e-12, 2.0223776942968804e-13, 1.2931553048377384e-13, 2.324199499355699e-12, 2.1459908599963165e-12]","[2.533281919381285e-12, 8.973563986225205e-13, 1.9759629503137467e-12, 1.7291524126202606e-12, 5.983392665287961e-13, 5.694567743932924e-13, 3.3450804822963493e-12, 9.46548680277499e-13, 1.0802486542286452e-12, 4.688904698114366e-12, 1.0082073765310696e-12, 1.427519854710861e-12, 1.5597488915404779e-12, 8.284844959423825e-13, 3.3570716926919136e-13, 2.8229690790486306e-12, 4.731790645437213e-12, 1.7596684483338587e-12, 1.9112494676995043e-12, 7.011066343615566e-14, 5.322974739788068e-13, 2.3522698933152998e-12, 4.994688596481492e-13, 3.095892465576486e-12, 8.486615583164403e-13, 7.300721816795508e-13, 9.278580101935532e-13, 5.682331316715751e-12, 3.2478704538246753e-13, 2.1540818179897092e-12, 2.237970095863647e-12, 1.0821640872920332e-12, 2.522714220362007e-12, 9.717594325477086e-13, 6.610045505019932e-13, 7.345820695998926e-14, 2.6486793416986084e-12, 1.9020350934887055e-12, 1.0918884267422968e-12, 2.7040121016963397e-12, 1.76375137995122e-12, 1.4275771129652788e-12, 2.3157957095739186e-13, 1.1980159535247974e-12, 1.1924906152198856e-13, 1.0940244259707743e-12, 5.504612447832115e-13, 1.0710595349199512e-12, 1.871720099442554e-12, 2.6705843240780913e-13, 1.126487105336604e-12, 1.9748674467128672e-12, 6.577937500762388e-13, 3.481472782944942e-12, 3.2899935169700943e-12, 2.9251103389061393e-13, 2.5407690959911033e-12, 6.16625450674524e-13, 7.994187554615807e-13, 2.6272990944438243e-13, 2.8103772378218254e-12, 7.249192568905167e-13, 2.944229889403255e-13, 2.3420840332547503e-12, 1.9912523910922735e-12, 2.932339609827244e-12, 3.1400649910986253e-12, 1.2825209433994426e-12, 5.748906888911556e-13, 1.1450680683597856e-12, 1.4337053937615231e-13, 1.0453035614424692e-12, 1.166093750712731e-12, 6.54734653249005e-13, 1.5101787575563846e-12, 1.2136632051085915e-12, 4.869519352264711e-13, 1.1650072774372656e-12, 1.1352360479999632e-12, 1.0626054871398162e-12, 2.003127953110467e-12, 1.5041900145201438e-12, 2.4254070156474987e-12, 2.918454085306788e-13, 1.3903403951124397e-12, 4.0932349755143383e-13, 7.296452839148993e-13, 2.225941126361196e-12, 3.2925168510857405e-13, 1.4860191578335717e-12, 1.5899306567742431e-12, 6.359498875160319e-13, 1.308410152639308e-12, 1.9430942155435315e-12, 9.10987755869608e-13, 9.207090424742824e-13, 2.306832244749998e-13, 6.717096393463685e-13, 1.7898090455983212e-13, 1.1052216820945566e-12, 9.5583094491798e-13, 1.9383639095636595e-12, 4.4544218643808505e-13, 9.74814562829465e-13, 2.064260240391513e-12, 8.079171082350422e-13, 9.775139062203743e-13, 1.8620895447135266e-12, 3.1607626250046243e-13, 1.742627409696437e-12, 2.877427328324391e-13, 3.4255024153113846e-12, 2.406434555220455e-12, 2.657759403016474e-13, 5.164680795884037e-13, 2.837059522890357e-12, 1.2527744394951088e-12, 2.5254183856686203e-12, 8.049423546696653e-13, 5.024986012204992e-13, 1.6516829130408012e-12, 5.606274946527219e-13, 2.9298505749524464e-12, 9.626858997817935e-14, 2.378486101169315e-12, 6.049296098571291e-13, 1.4184091263421243e-12, 1.893812298456139e-12, 3.1601299095092556e-13, 1.5416940788671659e-12, 1.477957267300746e-12, 8.60835911111226e-13, 5.39601577333896e-13, 6.822296916877389e-13, 2.1253623113089704e-12, 1.5833109032221588e-12, 2.1829445364971592e-12, 1.2315238539065848e-12, 1.2947521606855857e-12, 3.692201452233792e-13, 1.890787914708754e-12, 1.5644760795108697e-12, 3.0373259934995515e-12, 4.620592984925065e-13, 1.2596915884116677e-12, 2.2075917545877518e-12, 3.7355329150154133e-13, 2.2833311002995864e-12]","[2.6361634232963617e-12, 1.0277707980394267e-12, 5.074174079330154e-12, 1.4926238547072003e-12, 3.4149109584592835e-12, 9.10517452595892e-13, 4.851110037399606e-12, 2.9483291019350635e-13, 6.517313152953213e-13, 2.4097107890179034e-12, 2.9555094118767435e-12, 4.298590936502855e-12, 1.97874294932474e-12, 3.2565629073137715e-12, 6.061084650954284e-13, 1.3617771805091217e-12, 6.721560557197494e-12, 2.66559949486145e-12, 1.9015550432029436e-12, 3.9365020176676026e-13, 7.593802336542392e-13, 7.238774271520007e-12, 2.2554967949526146e-12, 2.4380649662735207e-12, 1.1813615477686232e-12, 1.0851301740711005e-12, 7.986567232676384e-13, 4.670695884584655e-12, 3.7870745208302885e-12, 2.6297132520644954e-12, 3.977993442428881e-12, 1.2143895899420817e-13, 4.0714014191804805e-12, 2.9398305958395032e-12, 3.4589208006401474e-13, 2.368629058008507e-12, 1.965599382226558e-12, 1.7157926438801249e-12, 1.14619505391002e-12, 2.081695998670953e-12, 1.1268106748888465e-12, 6.900020577192317e-12, 5.527697814365635e-13, 2.258000679078072e-12, 4.731128779079889e-13, 8.495868532850209e-13, 9.361778399511923e-13, 7.451098424438191e-13, 1.0075544557621719e-12, 2.1477837053259717e-12, 1.6572862386771884e-12, 1.6457368848463909e-12, 1.855053522244604e-12, 3.399741868601511e-12, 3.713146673232435e-12, 1.103792421885518e-12, 2.4055609183952813e-12, 1.9791740994310753e-12, 1.3900043677928878e-12, 5.264396771155535e-13, 3.657848891652489e-12, 2.5753023669956122e-12, 2.650709585999736e-12, 2.063578944072087e-12, 3.1887853316302334e-12, 2.056909773956279e-12, 5.0597229179549995e-12, 2.7890923824845704e-12, 2.1135158422091514e-12, 3.2091549268240313e-12, 1.0460875477037935e-12, 2.049298901800302e-12, 9.336707469885767e-13, 1.5854263637049327e-12, 1.7705416455380048e-12, 4.536741876520217e-13, 1.1918729778206743e-12, 1.6825782924184607e-12, 3.107639483379543e-12, 2.0358670950238747e-12, 2.1285273828604188e-12, 5.2586275543142404e-12, 1.3678549384358178e-12, 1.3039402324595171e-12, 3.0222046530317075e-12, 1.5561097731678832e-12, 4.359802993982483e-12, 3.622622131756293e-12, 1.644982211564676e-12, 3.647119929507294e-12, 3.6757757087358915e-12, 2.413761774513288e-12, 5.517645782299293e-13, 2.0755213506666987e-12, 4.1538387097640277e-13, 9.795330005570036e-13, 5.398058022039075e-13, 1.3964085692245933e-12, 5.088793793217433e-13, 1.1466573322832544e-12, 2.1735539075216975e-12, 3.6959193933836706e-12, 2.0263005631774915e-12, 2.2772686903623584e-12, 1.8135515628565178e-12, 9.55490297347165e-13, 2.425496334226624e-12, 9.743732802098974e-13, 1.313049990908513e-13, 1.3454667717756567e-12, 6.378551193568064e-13, 2.1107998024810626e-12, 4.3663369920951555e-12, 4.131104517029652e-12, 3.618744799435392e-12, 4.670807578480098e-12, 2.0117505896297624e-12, 2.412079183959273e-12, 2.1852737547958367e-12, 3.149992986174946e-12, 2.896918913002836e-12, 2.5006125194603844e-12, 1.5650141850419516e-12, 4.45383845912197e-13, 2.031722927692615e-12, 2.18325641091048e-12, 4.0064339523378085e-12, 3.98931518919279e-12, 7.042179916361128e-13, 2.2860995201411506e-13, 4.165924895808235e-12, 1.1590499721251439e-12, 2.1279623247550898e-12, 7.029910204694593e-14, 1.6793633875116213e-12, 2.010215590335778e-12, 3.6493003222406975e-12, 1.6049678734234089e-12, 1.4611862304035267e-12, 2.469189952915973e-12, 1.3903416488594892e-12, 1.0234093801057786e-12, 7.528351006609459e-12, 3.4608136637676663e-13, 2.009265355502304e-12, 2.5594784524993753e-12, 4.5330712152601245e-12, 8.102554859642392e-12]","[2.721741400853196e-12, 5.746534679882815e-13, 2.20724251236601e-12, 1.5958463576088908e-12, 1.4343726593968844e-12, 7.191266987734516e-13, 3.882921484875466e-12, 6.08037072259558e-13, 7.173659338099773e-13, 8.407667485292288e-12, 7.149584060643676e-13, 1.129145995505002e-12, 7.97309581180578e-13, 7.817670747827281e-13, 5.845107858999423e-13, 1.8178230787948473e-12, 6.932321362848043e-12, 1.1671125268992215e-12, 3.413387129756704e-12, 2.8056643121498977e-13, 1.0357551405354976e-12, 3.899720151563691e-12, 6.179530667826304e-13, 8.838241030777715e-13, 9.909342524139167e-13, 1.4332764482391703e-12, 3.332420696199461e-12, 6.4164745456105784e-12, 2.0208373148959284e-12, 1.6628622890779102e-12, 4.095043728715621e-12, 9.257320647123328e-13, 3.3251385395134316e-12, 1.8867249920171383e-12, 3.48634746684179e-13, 2.6770523130552753e-13, 4.228433946560961e-12, 1.924027384204028e-12, 3.2517991780042326e-12, 2.9894294409181827e-12, 1.2655073227211911e-12, 4.942838859832069e-12, 8.231187492510607e-13, 2.3999491512764714e-12, 6.892533271066889e-13, 4.15726137415082e-13, 1.208368737520874e-12, 1.3720666125787246e-12, 1.7271717599982833e-12, 1.1481903361500705e-12, 5.592117624849493e-13, 1.160273936079225e-13, 6.667028853326329e-13, 1.6294755880487428e-12, 6.938200281618107e-12, 1.290508774612394e-12, 2.226628322806876e-12, 2.313349781383812e-12, 7.391952119764505e-13, 4.452859857966774e-13, 2.248568227638114e-12, 7.662443319217386e-13, 2.3724021589943293e-12, 1.5558433115528748e-12, 4.21737968528152e-12, 3.9588208039949854e-12, 1.6837053466809322e-12, 2.947125350003401e-12, 1.1070791157951548e-12, 8.696318272347361e-13, 2.3494011992385083e-12, 2.1952998370468945e-12, 1.8054704169289062e-12, 3.4545425423142025e-13, 9.46905161160259e-13, 1.7404347731469783e-12, 5.458435781065061e-13, 3.5761150413331116e-12, 2.6306823999775975e-12, 1.3229518417025054e-12, 1.454533358869064e-12, 2.7433870018659983e-12, 2.8959165131475258e-12, 1.2773997029489332e-12, 1.84316748049044e-12, 1.3665320257040353e-12, 1.0661513857087754e-12, 1.8737387376991394e-12, 1.2724663319714564e-12, 3.4137101339958905e-12, 2.4245630415169943e-12, 1.4978857477402615e-12, 1.8713033868245826e-12, 1.751560667622618e-12, 2.3528190042846052e-12, 1.1977697281739293e-12, 9.164083767663176e-13, 1.2120209259063563e-12, 8.975955946762535e-13, 2.685085087176612e-12, 4.60529150579932e-13, 3.034191734972746e-12, 1.3315340824401475e-12, 1.1489315886216526e-12, 1.8063724408291745e-12, 1.367612935006629e-12, 1.304705919291213e-12, 3.25113803149885e-12, 2.4707218345297407e-12, 1.9431519018416067e-12, 3.571651449061595e-13, 2.7607307946760674e-12, 2.668057708347988e-12, 2.066865089340055e-12, 3.667597570264562e-12, 4.4933554864023176e-12, 1.4370090307227646e-12, 1.2005448056161615e-12, 1.0706903747094061e-12, 1.5204649290897764e-12, 7.353727135014778e-13, 6.272434091887638e-13, 3.664398486035413e-12, 4.741617177156306e-13, 4.151713304250796e-12, 7.976213445295164e-13, 3.994088140009014e-12, 2.2090732884206147e-12, 1.1248866158112883e-12, 2.183454767170427e-12, 2.7748181511133276e-12, 3.7220882184539847e-13, 1.167173514870015e-12, 7.34719485077658e-13, 6.108707158665414e-12, 1.988819999833365e-12, 1.510362719026752e-12, 1.5216378581352126e-12, 2.1768370194531863e-12, 1.271334926053299e-12, 2.4047443066203345e-12, 1.8781685886182148e-12, 2.967101472186226e-12, 6.418926267969009e-13, 2.733904227524171e-12, 7.006296974450458e-13, 1.0011191391568508e-12, 4.671526026689694e-12]","[4.362937559115192e-12, 9.7582617491168e-13, 1.2706053743530409e-12, 1.1239493115814334e-12, 2.283017610459303e-12, 1.2433364352836711e-12, 9.979436886084382e-13, 2.8692130286521714e-12, 2.2145405673345022e-12, 1.1819767924004005e-11, 2.1261400645282932e-13, 4.446564347818732e-12, 7.590589188060409e-13, 6.652239934446781e-13, 8.546669456852306e-13, 1.4788679756807672e-12, 2.5573192340140422e-12, 1.5426944982410655e-13, 2.2874351678680187e-12, 4.955569495237851e-13, 9.65597571488577e-14, 5.8671616709747634e-12, 1.74161210535777e-13, 2.748474260628858e-12, 7.851207209165492e-13, 2.3499906348962428e-12, 7.399687738009273e-12, 1.0467778775566536e-11, 4.897882107548756e-12, 3.219072008603598e-12, 7.614197929763052e-12, 1.8282578436689124e-12, 2.4198595250872864e-12, 3.477970414952177e-13, 2.449236819562103e-13, 2.3268041036055168e-12, 3.838652997055774e-12, 1.2097663111041522e-12, 5.528501967757014e-12, 1.2175911139762647e-12, 2.641516399127616e-12, 4.677062262108662e-12, 2.7499375833528728e-12, 1.5793606355785457e-12, 6.121912053465023e-13, 2.832304529440165e-13, 1.1533153523781935e-12, 6.324727610113691e-13, 9.538899310925532e-13, 3.99745223278431e-12, 2.7102039955239975e-12, 1.1451079489929567e-12, 6.313664268807998e-13, 3.761703464682468e-13, 9.383500452375439e-12, 2.8938225499425753e-12, 2.3358373584746802e-12, 1.7558986881273235e-12, 1.1187029783291063e-12, 2.3853827485783565e-12, 2.5350774224141456e-12, 2.466223187632798e-13, 3.634540132410307e-12, 2.6933391642282265e-12, 5.1365704855320994e-12, 1.0716998651446795e-12, 1.2755383423822792e-12, 1.3354963557875465e-12, 2.437159979714508e-12, 3.4448307292085144e-12, 6.1387647474424895e-12, 3.6773784454096365e-12, 4.237919770627541e-12, 1.9066652318095427e-12, 6.325313343794867e-12, 2.2299340356157374e-12, 2.1913663924721137e-12, 3.0073965444132528e-12, 5.182098450010639e-12, 3.5031690083114754e-12, 6.45257854678466e-13, 6.873113379861982e-13, 1.898709807913574e-12, 1.1882867555568317e-12, 1.267225015835158e-12, 8.064673230690278e-13, 5.009226175776193e-12, 3.707936659034806e-13, 1.866453594436343e-12, 3.027202208179907e-12, 2.0300119192112657e-12, 7.585526505336018e-13, 3.2535813098792296e-12, 3.3606026295122443e-12, 4.681656334247115e-12, 1.7776314544972731e-12, 2.1490770617246558e-12, 3.1091829198999262e-12, 6.813245536639371e-13, 4.961384635536072e-12, 3.9765871448808065e-13, 1.3405293134117236e-12, 4.103583626687131e-12, 1.4390451273421003e-13, 4.410043056858388e-12, 2.9516814716781277e-12, 1.002238164330055e-12, 9.980936868035983e-13, 7.05101884967194e-12, 4.963203177054553e-12, 1.510834040730587e-12, 1.7970455172406718e-12, 2.7799219706171618e-12, 6.031165237786011e-12, 7.706230377081824e-12, 5.0163285969522735e-12, 3.139978646712429e-12, 2.182836845630947e-12, 2.275792261594998e-12, 2.1860638780091485e-12, 9.490955256025931e-13, 7.178236033274848e-13, 2.6464005169759397e-12, 1.1546442985985796e-12, 3.2244134554420564e-12, 7.879085868941554e-12, 7.084054744642033e-12, 8.568119894998174e-12, 7.427468989980329e-12, 3.555768537542635e-12, 7.057201088944102e-13, 1.2550268846788726e-12, 1.0293654994790884e-12, 3.845171298615701e-12, 3.1750965312306573e-12, 2.545199915054162e-12, 1.4419116490011562e-12, 5.670102756607374e-13, 1.046679563997415e-12, 1.2089082748771541e-12, 3.689993323786555e-12, 1.2871571285738555e-12, 1.6849853912715096e-12, 1.0493291238255467e-12, 2.3370239170620537e-12, 1.2149967580138248e-12, 1.5818263554414756e-12, 3.4171099817327657e-12]","[4.041314666122593e-12, 5.672414170300513e-13, 3.0371672728765475e-12, 1.794438534237745e-12, 3.530993615836418e-12, 1.068406743415462e-12, 2.3215787527716076e-12, 2.4098253412950568e-12, 1.5845424186036113e-12, 1.0161488700632743e-11, 6.941387781045508e-13, 4.1333235100162254e-12, 1.821352186890981e-13, 1.9494024125116047e-12, 3.402592218232004e-13, 5.906598667952234e-13, 6.542615596844565e-12, 6.514191419269209e-13, 2.1895674704756865e-12, 1.3380653693178675e-12, 2.4106403439393407e-13, 6.641898260103548e-12, 1.0987397862436355e-12, 7.185969109053191e-13, 1.1043279131290476e-12, 1.9858267407999397e-12, 5.91181230505619e-12, 8.734483089058735e-12, 6.292706344695943e-12, 3.9963086380445785e-12, 3.737442351736396e-12, 1.4760345030864719e-12, 3.863920073286916e-12, 1.472303206243263e-12, 1.4534022289469016e-13, 1.4149661869934666e-12, 3.5161711319016123e-12, 3.2945726573640163e-12, 3.06076921799457e-12, 8.186207242517682e-13, 3.1306106456570115e-12, 8.586168218451698e-12, 1.1794721647951708e-12, 3.2305482854286453e-12, 9.519624491176514e-13, 3.2283162923513584e-13, 1.5950034418963163e-12, 1.7120746260301954e-13, 1.7223555036869251e-12, 5.586144891980222e-12, 2.382864882693473e-12, 1.1597462961092712e-12, 2.194918792154773e-12, 9.902617380125933e-13, 8.214516759335875e-12, 2.4929248099161242e-12, 2.47278181614516e-12, 2.4569799816774986e-12, 2.184914030559183e-12, 2.5526319383264032e-12, 3.482254623346768e-12, 1.2158756508936994e-12, 5.022008272823306e-12, 1.2523893479915719e-12, 5.171187360057533e-12, 2.290665673173913e-12, 7.076975142091101e-13, 1.480566035801544e-12, 2.4891281782019637e-12, 6.497105632277974e-12, 7.155133164629383e-12, 3.891303001837821e-12, 2.810987541884986e-12, 2.171874197675172e-12, 7.40280954296381e-12, 1.6773878372521687e-12, 6.937083849035107e-13, 3.5995252233410353e-12, 6.643195900796419e-12, 2.0669694959800155e-12, 1.037832969372624e-12, 1.983075665510801e-12, 1.6804605675663334e-12, 1.457068628674121e-12, 2.6022582249083332e-12, 8.992114534591039e-13, 3.295386187470934e-12, 1.899617439526254e-12, 4.402151840416915e-13, 5.105369738160943e-12, 3.6644158217026915e-12, 2.4835102524335685e-12, 4.408448884803539e-12, 4.537811606029453e-12, 3.0904735862097864e-12, 1.1855068316448671e-12, 1.137575993488324e-12, 2.3716824710366017e-12, 3.4203732213237065e-13, 3.8942028733067526e-12, 1.8217932659334406e-13, 3.192967941690156e-12, 3.399272548852827e-12, 6.585893063354025e-13, 3.892409676984441e-12, 2.2085984104077456e-12, 3.088731706932295e-12, 1.040336755142635e-12, 2.8513906414346962e-12, 5.720487253291765e-12, 4.4004328068554055e-13, 1.0903083898939929e-12, 5.519457657793159e-12, 8.219671860233424e-12, 9.633230940399647e-12, 5.742976573943432e-12, 4.019051435807522e-12, 2.2664971328181687e-12, 1.5812866095124455e-12, 3.6731467125964866e-12, 2.99416490467313e-13, 1.843740550355342e-12, 3.886891662924548e-12, 8.702792783852888e-13, 2.9323434233957643e-12, 4.15107376219778e-12, 7.29087564897199e-12, 8.505820201875504e-12, 5.244319495226049e-12, 2.6905615711975847e-12, 1.8630816836693354e-12, 3.7923321556442914e-12, 1.0754887541438748e-12, 1.1896209162414125e-12, 4.980493619326938e-12, 1.7449390414050806e-12, 2.8106933121143685e-12, 1.5639326877494498e-12, 1.5265033184268003e-12, 1.4686520090811403e-12, 2.854233073482699e-12, 1.6139638620400934e-12, 3.925037251787618e-12, 7.770078678993862e-13, 1.3437733329586792e-12, 5.812759682933906e-13, 5.0402414715026925e-12, 9.367203955824908e-12]","[3.174624427251045e-12, 2.5562917022372957e-12, 3.9153392210865985e-12, 3.2027811501335764e-12, 3.838199575651637e-12, 1.6454713231819766e-12, 3.1785260685353544e-12, 2.576234513669826e-12, 3.4534685424024973e-12, 1.8635072315632464e-12, 2.692622212494296e-12, 4.856648002956808e-12, 2.675263016344411e-12, 2.9419528379890144e-12, 2.309764409262724e-12, 2.69262917868027e-12, 2.5187955978802612e-12, 7.564009693913693e-13, 3.850188240560775e-12, 1.7014898082466502e-12, 4.2821048877656675e-13, 9.478612804165943e-12, 2.3727368176440614e-12, 1.9165394983311392e-13, 1.5436395490652787e-12, 1.4813836678459314e-12, 2.494188578128577e-12, 5.31558322479336e-12, 5.832221001523249e-12, 5.9023711184825865e-12, 2.1937975935028707e-12, 6.140933511361622e-13, 2.9241835340459638e-12, 2.6200765503215316e-12, 1.3698299916036647e-13, 4.985644695058813e-12, 1.8672873822031052e-12, 4.751693755695497e-12, 4.998579898040261e-13, 4.393269358256622e-13, 9.888794515321685e-13, 8.06874232521117e-12, 1.2178770557665604e-12, 2.655892928523173e-12, 1.2763425028862719e-12, 1.3726927816441601e-12, 2.3157118896120816e-12, 7.458249063190297e-13, 6.129096591463739e-13, 8.350358267468509e-12, 2.1127269697677396e-12, 2.0508034897406102e-12, 2.2151319417391205e-12, 9.89351114007785e-13, 3.3778901964369542e-12, 8.431296656071561e-13, 1.456362253296438e-12, 3.25316350476604e-12, 2.1603191923376246e-12, 1.7785793170027676e-12, 5.985126035518759e-12, 2.336326011023315e-12, 3.667298277879219e-12, 2.701137565125646e-12, 1.1660390506187697e-12, 3.1369296363701596e-12, 2.657038866407854e-12, 4.594861049860886e-12, 3.2017615737041137e-12, 6.707844184119488e-12, 4.231627640759463e-12, 2.99142933095334e-12, 1.1748906855945643e-12, 2.7642567692388966e-12, 7.527417746931673e-12, 2.2086393541680417e-12, 5.047031916503701e-13, 2.2619607217551407e-12, 8.582578059614569e-12, 2.0805975243718064e-12, 2.150607367244988e-12, 4.169751060938873e-12, 2.74596998752266e-12, 1.842211352607795e-12, 2.2656036101179368e-12, 1.0775762590099915e-12, 2.3958129220991876e-12, 3.668721004670509e-12, 2.3078553157643866e-12, 7.788520728523432e-12, 4.2502108967996395e-12, 2.279391939835738e-12, 2.8713765969193495e-12, 5.184109978828029e-12, 3.306902744872888e-12, 8.364921155404049e-13, 1.0493610704134746e-12, 2.4700547468615066e-12, 6.664165301219895e-13, 1.0273009886197346e-12, 1.7845471997665001e-12, 7.517071174742613e-13, 4.818796416838189e-12, 2.8173942459685968e-12, 3.113347980827889e-12, 1.1479708400910494e-12, 4.0628948592364375e-12, 5.705223702245205e-13, 1.5335814560997828e-12, 3.5073054482466184e-12, 8.036223971520176e-13, 1.2543640368769955e-12, 5.337090466272879e-12, 9.613945222564258e-12, 7.008401880378099e-12, 4.998287003226399e-12, 3.4173572140982413e-12, 1.4002132630673878e-12, 1.3059642261166424e-12, 3.2765734719482303e-12, 2.1270030354815136e-12, 2.9897363305201244e-12, 2.9980759784024675e-12, 1.1172460857364587e-12, 1.6158540601231231e-12, 1.8496069619036727e-12, 1.1058205946165031e-11, 7.482533815605754e-12, 4.228692289072757e-12, 7.309936704490849e-13, 3.945296038967803e-12, 4.0878349850658555e-12, 2.2252118505061835e-12, 5.885280902801573e-13, 1.5000479934551169e-12, 6.626344675535947e-13, 5.708266656956786e-12, 2.2876738735815326e-12, 1.0609246949870435e-12, 5.263358425987238e-12, 2.8902519086729176e-13, 2.701929277296647e-12, 7.598268669865791e-12, 1.2944428114098227e-12, 6.539191755571965e-13, 4.963970436424985e-13, 7.661456055917117e-12, 5.356501227970019e-12]","[3.4455498803078543e-12, 5.275402347820884e-12, 6.223359799027046e-13, 2.22048732191321e-12, 3.019349289508158e-12, 1.2541753709886468e-12, 2.429344165611332e-12, 3.244463204317308e-12, 5.031598949834066e-12, 3.856862110570822e-12, 4.679233711378359e-13, 5.559270995335609e-12, 4.3282548736428166e-12, 7.030617034056721e-13, 3.752276112019481e-12, 1.7298259915117882e-12, 1.4227010774132837e-12, 1.7292767422565295e-12, 4.201368322846635e-12, 2.758329925462303e-12, 3.3845357653210306e-13, 2.849465576187277e-12, 1.882838650473443e-12, 7.577505460209655e-13, 2.6136829120827915e-12, 4.577848687803298e-13, 5.6763819236591705e-12, 4.8581471485011025e-12, 4.970045501163627e-12, 5.561591951098708e-12, 1.5962288563040635e-12, 1.6539583781704987e-12, 3.82142162888333e-12, 2.205905710343027e-12, 1.0583951881703261e-12, 2.442427058810061e-12, 2.955580286874796e-13, 4.074450652855182e-12, 2.469603586712665e-12, 7.22820134071891e-12, 5.855809757108941e-12, 6.1448800545256614e-12, 7.891336907306192e-13, 2.5540436832254157e-12, 2.123893764109849e-12, 3.4107531145223075e-12, 2.237278374273142e-12, 4.640178347656835e-12, 1.7271193087249626e-12, 4.304577389640341e-12, 3.67244798146723e-12, 5.3766142340272325e-12, 3.721200148230244e-12, 4.812014033553351e-13, 1.58972901268996e-12, 5.814687995501754e-13, 3.051920340603078e-12, 5.331211831759184e-12, 1.4582211749638834e-12, 2.414615876888083e-12, 5.103923270070831e-12, 3.267741547575583e-12, 2.803829487664545e-12, 2.1888208486884305e-12, 8.502674468012283e-13, 2.6850381601388616e-12, 1.1889817710461173e-12, 3.190598574898711e-12, 3.1511573801332876e-12, 8.075238627743435e-12, 3.137788780355244e-12, 1.7769844914269518e-12, 2.6974084709624533e-12, 4.3820025850833846e-12, 1.2800749905842944e-11, 1.6898277628673443e-12, 2.492347769660531e-12, 6.11153616424347e-12, 8.396607043825275e-12, 9.499600322472694e-13, 4.3297544675468635e-12, 2.4908227443082494e-12, 7.4640220686859e-12, 2.3098833080504825e-12, 1.8583957200431575e-12, 5.856618122808395e-13, 1.5628472517849301e-12, 5.173891985213131e-12, 7.338464974902348e-13, 2.7780169585335076e-12, 1.446830913674681e-12, 1.0821161667202345e-12, 5.1127311382090045e-12, 7.072252636612186e-12, 6.667034278149732e-12, 7.189321269508976e-13, 1.5374497212338997e-12, 5.710836432953296e-12, 1.1485054178888471e-12, 1.7082229686640494e-13, 1.2157491079872865e-12, 7.66178110860602e-13, 4.4300088648056005e-12, 5.591902527081607e-12, 5.915946300673208e-12, 1.5396206182659717e-12, 4.168604293165086e-12, 3.794831961401618e-13, 1.5359005334183755e-12, 3.0444246312440184e-12, 1.8618907727374953e-12, 1.2017900517811385e-12, 2.9987906506563185e-12, 9.511369837442854e-12, 9.74534348102635e-12, 2.8541654638273013e-12, 1.6028591043529073e-12, 1.2369817559961844e-12, 5.035592096105876e-13, 2.607694176859921e-12, 1.5917799504911095e-12, 5.061415594642549e-12, 3.5953815423031652e-12, 2.46432816791332e-12, 4.833816515595366e-13, 7.329756608921497e-13, 1.0718865454418893e-11, 3.829554964244123e-12, 7.737453061945915e-12, 2.1250938345955217e-12, 1.7061887015930407e-12, 7.647607539864723e-12, 4.62738668123027e-13, 8.247347310133027e-13, 3.264900055243159e-12, 1.8037497191497533e-12, 4.712808277271547e-12, 2.2684249421142148e-12, 5.313006443408742e-13, 4.275582970510498e-12, 6.56426681096329e-13, 3.646404262560257e-12, 4.716039691417401e-12, 4.065496251144256e-12, 5.62712794678948e-13, 6.240334708586956e-13, 5.996319116011446e-12, 7.166966284795649e-13]","[5.553022619170323e-12, 5.732358185475436e-12, 1.7818349630948704e-12, 2.1776962645042826e-12, 1.436956298263575e-12, 3.263895594384361e-12, 3.5123370471664204e-12, 2.928678235421486e-12, 4.162799169216306e-12, 4.451036087768831e-12, 1.499559472238615e-12, 4.9645763026003635e-12, 5.651475132281538e-12, 7.088343646356088e-13, 4.765768064003778e-12, 3.1569537090216194e-12, 2.1258528623292655e-12, 5.3864458530215175e-12, 5.813583147529405e-12, 1.8966946450226127e-12, 1.3511006437076209e-12, 2.3761272410037585e-12, 1.3377208345572587e-12, 2.011281569910616e-12, 3.575864852422684e-12, 3.2135431501720386e-13, 5.405400194776387e-12, 4.2736431729290166e-12, 6.3086533984067404e-12, 3.753565974581794e-12, 2.4754571102970443e-12, 2.040016022491871e-12, 2.7661146088151467e-12, 2.2294367827505495e-12, 8.511676799584231e-13, 3.528730716619228e-12, 1.6685091536989377e-12, 4.2961570326807865e-13, 4.107534487416276e-12, 8.137705766402391e-12, 7.52529496117265e-12, 3.856568999134686e-12, 1.3984898437963917e-12, 6.651962946253288e-13, 3.3111461629186833e-12, 2.9637669433160243e-12, 7.310651017576119e-13, 9.145790291647618e-12, 2.3748479565262048e-12, 6.295448732463037e-12, 2.0508994704079506e-12, 1.0233815250711269e-11, 5.2755925113084536e-12, 3.019624554605214e-12, 1.1921434725134096e-12, 9.475915398430695e-13, 4.395854988063491e-12, 2.2895350878640047e-12, 4.971837708997177e-13, 3.4132056733730437e-12, 5.092902747653732e-12, 3.3150354866290113e-12, 4.138526464766048e-12, 3.403560480961818e-12, 1.109151788673504e-12, 2.0224428512975423e-12, 1.126822228208387e-12, 4.5565943951206855e-12, 9.650295254089502e-13, 5.013644977807556e-12, 4.406271104615174e-12, 4.187398673264861e-13, 4.362392477477516e-12, 8.111483980075094e-12, 1.5816647504413613e-11, 3.6114097260339807e-12, 3.102097268753061e-12, 5.132274648047125e-12, 4.602089984695538e-12, 1.0749077794687896e-12, 5.018093479905298e-12, 1.1890204919405028e-12, 4.739188355782354e-12, 2.711038167258472e-12, 1.0204011508517806e-12, 1.3078488383882983e-12, 3.196989185819267e-12, 8.537512850568528e-12, 2.521900220237727e-13, 1.0586054275683587e-12, 7.94919968159667e-13, 7.873446490303032e-13, 4.05112145177589e-12, 6.362805182516489e-12, 6.457243013842746e-12, 6.485289063452791e-13, 5.176978702914854e-12, 4.781470329879954e-12, 5.206024047879741e-13, 3.493338744497154e-13, 9.114624471800725e-13, 2.3076742587602943e-12, 5.006064233234623e-12, 3.1052370857232667e-12, 5.6981135563885e-12, 1.5515279392090674e-12, 2.090635622681137e-12, 1.2576307648373818e-12, 2.3768530792736735e-12, 2.5071061250150173e-12, 1.538343092081254e-12, 3.3066479060323203e-12, 3.5922416362481395e-12, 7.933750320186266e-12, 5.623349823444544e-12, 5.323333053761261e-12, 1.2675169881866812e-12, 3.729434107168484e-12, 1.4086537995511833e-12, 2.808560974042851e-12, 2.4996138539953453e-12, 5.2178442096120555e-12, 2.775017141369368e-12, 1.058179731862741e-12, 6.002822381025229e-13, 4.057919103197962e-12, 1.1173664724366068e-11, 3.831754878053885e-12, 5.054120359219655e-12, 2.2857371621371673e-12, 1.7459753653172535e-12, 6.374836194434353e-12, 2.2707222948336358e-13, 7.116362049589208e-13, 3.1479097914910066e-12, 1.4808587460208542e-12, 3.94228603258542e-12, 3.165606336646216e-12, 1.1655671224209003e-12, 1.0494292858622713e-12, 6.99648453998752e-13, 3.646206980344073e-12, 3.715992984635831e-12, 3.2098925343624854e-12, 8.020113175907256e-13, 3.943070111585693e-12, 1.809723730438323e-12, 3.3580555036739544e-13]","[3.1137763206276206e-12, 6.891055528786678e-12, 9.713809618639116e-13, 3.9438188346895684e-12, 2.2770633414417417e-12, 8.270377926916052e-13, 2.5868724919540575e-12, 1.4252407234559718e-12, 1.823746039733225e-12, 7.68521571424402e-12, 1.8421825867867268e-12, 2.5242994372179263e-12, 7.927031803385369e-12, 2.2654986578127007e-12, 4.068777283014946e-12, 1.8221159590230667e-12, 3.8816205226881656e-12, 2.5594147369946635e-12, 8.89116453923276e-12, 1.056375476673521e-12, 2.11175821033296e-12, 2.970469144182507e-12, 3.2727743820648887e-12, 1.3559018325094075e-12, 2.6476644683210136e-12, 1.268960231992889e-12, 4.462592409201017e-12, 3.947572080669331e-12, 2.1992261446990873e-12, 3.043538986857029e-12, 1.0115179054942062e-12, 9.795485682239808e-13, 2.141661314088786e-12, 3.321262544749769e-12, 1.7539197419550697e-12, 2.4257814329203584e-12, 2.2047778598879696e-13, 4.118760352313435e-13, 2.6702103622573445e-12, 9.598631252282107e-12, 7.116073699282509e-12, 6.0533490898898315e-12, 3.0767436432272323e-12, 3.587396613265205e-13, 3.669690188763611e-12, 4.185585396952858e-12, 1.4268197570018868e-12, 5.757159019521409e-12, 2.7350855896641586e-12, 4.24012920915123e-12, 3.927230445998019e-13, 8.035964992236786e-12, 1.4566976316459773e-12, 1.6436531434482875e-12, 5.3027210021103615e-12, 1.0032993337679224e-12, 4.053904314699365e-12, 4.5131628848691535e-12, 1.474953432040826e-12, 2.7414748246323315e-12, 3.511842735427362e-12, 2.923766830704801e-12, 4.18011325546359e-12, 2.1038796936839743e-12, 1.1925119200109258e-12, 3.0245775509198994e-12, 3.2748174548525724e-12, 2.779307520096538e-12, 8.019768106727283e-13, 5.690791372265972e-12, 1.1165072975016687e-12, 6.2702112131479e-13, 3.295533382814728e-12, 8.354529815549658e-12, 1.1263137404800777e-11, 2.677732245814538e-12, 1.955497143878845e-12, 5.762132760259289e-12, 4.683361409447908e-12, 6.489577522173132e-13, 5.562572750965978e-12, 3.446443007148165e-12, 4.3779608507820526e-12, 1.695607550124402e-12, 1.7598610662749398e-12, 2.2910404696074284e-12, 2.8957457216613343e-12, 9.40864483983215e-12, 2.533276206202352e-12, 1.1083002825816344e-12, 3.5440943947415936e-13, 2.6434499548983632e-12, 3.6012563355765594e-12, 6.48418726048118e-12, 6.3968601420817404e-12, 1.1362020282242742e-12, 3.2485244532931786e-12, 3.2532419570190995e-12, 1.6798706762225449e-12, 9.446083015009026e-13, 1.9447601633642716e-12, 9.373243757313733e-13, 3.047553822948656e-12, 2.9941254151576223e-12, 5.55733625219929e-12, 3.53562942063368e-12, 1.5422427536438874e-12, 7.700083486670077e-13, 2.0971397851741603e-12, 1.304667343707422e-12, 7.23509034744714e-12, 4.001333351111776e-12, 1.7237117315879737e-12, 8.148947759120402e-12, 7.389553386423821e-12, 7.307449987122139e-12, 2.0952124717086053e-12, 8.820149867323008e-12, 9.831835002291127e-13, 3.4291634803025128e-12, 3.109190808592731e-12, 8.08816681531464e-12, 6.520516641830451e-12, 4.063968418014155e-12, 1.7097815119404924e-12, 2.9844311889836792e-12, 4.5241759720626585e-12, 1.3081877811948845e-12, 4.3528943523711085e-12, 1.2230439619385944e-12, 1.064463736298182e-12, 5.107787055185619e-12, 2.4152845245829505e-13, 3.156071402051078e-12, 1.4284738363224683e-12, 2.0264714728944836e-12, 5.547180969226613e-12, 7.831746687458684e-12, 2.790539133651709e-12, 5.394523127545132e-12, 2.5544986205439e-12, 5.0975855386897124e-12, 4.900821372062558e-12, 3.734155770659928e-12, 1.7455230569039865e-13, 1.7100770294327422e-12, 3.8093856111848625e-12, 7.690984175403548e-14]","[6.861072933858551e-13, 1.3895085743982463e-12, 2.011365607536992e-12, 1.4619084896193215e-12, 1.9714782663963598e-12, 1.0394950986510954e-12, 1.6109514450025663e-12, 8.172517801104263e-13, 3.8783606550079926e-13, 9.149831596139679e-13, 5.671564845681272e-13, 2.6756117345249237e-12, 4.056494100353417e-12, 1.3164135174765109e-12, 2.060439400132709e-12, 4.803097323169887e-13, 1.6385141333772165e-12, 6.179972778659784e-13, 3.5230885484583684e-12, 2.2134303449659694e-13, 3.150005459424701e-13, 2.7559772965119435e-12, 3.0953967537527715e-12, 2.0667277759477753e-12, 1.0912873544682144e-12, 7.31553409552073e-13, 2.306128812256186e-13, 4.113948792948218e-13, 1.3524699850752783e-12, 1.5467151876131763e-12, 2.0747964537101566e-12, 3.201545235928263e-13, 1.8742409041677936e-12, 1.918942949214356e-12, 5.844511524716671e-13, 3.109001500275546e-12, 4.5292268681904097e-13, 5.424181609446651e-13, 2.458731765998311e-13, 3.559254832119201e-13, 8.922164393526276e-13, 4.912415861558572e-12, 3.273229714844795e-12, 9.949136971731565e-13, 1.397361374142097e-13, 2.89331663004285e-13, 5.913336958791407e-13, 3.8400566618422465e-13, 2.223610073568142e-13, 1.086353671501501e-12, 2.5728586223471486e-12, 7.015981968966396e-13, 8.872984536148325e-13, 1.002969441949814e-12, 2.6996442239890973e-12, 2.653361344975177e-13, 3.51004221338506e-13, 3.1810779696864778e-12, 6.46510687336985e-13, 2.4606408519470675e-13, 3.4714256848814695e-12, 2.093421961235723e-12, 1.0752610778766161e-12, 2.441969385818038e-12, 7.672255468025286e-13, 6.494333589428387e-13, 4.238166574785374e-12, 2.9846675379100544e-12, 1.6302629619242563e-12, 2.2225904398740225e-12, 2.99110007532669e-13, 8.648316393808298e-13, 3.831770672855086e-13, 1.3104520516334435e-12, 1.5944468983683333e-12, 7.661868498954874e-13, 4.0753722549744055e-13, 1.0327586239975074e-13, 3.805616257833662e-12, 1.1309948344375158e-12, 7.353429864087296e-13, 2.7868706221874936e-12, 2.1670586801627657e-12, 7.316874412757625e-13, 5.525821861764015e-13, 1.4237947629862746e-12, 9.72137899387067e-13, 1.800087050456878e-12, 4.4657807550288066e-12, 2.232708692546142e-12, 1.0949042441473322e-12, 1.5501946172391925e-12, 1.4018466304737122e-12, 1.1993637473985858e-12, 1.6213273114389983e-12, 5.612703049794162e-13, 3.9733099364718474e-13, 1.8699259382025845e-12, 1.0770206110619404e-12, 1.0891151093689925e-12, 2.310415254878162e-12, 1.2975523377522055e-12, 6.40033802634391e-13, 1.2984909893309629e-12, 1.0777928961623328e-12, 1.6792133297857019e-12, 8.083862127218109e-13, 2.700625353275207e-13, 1.8820500625901074e-12, 1.2551899129728456e-12, 2.3015823520694768e-12, 1.0940715691851427e-12, 6.81845622649873e-13, 2.8887879989501894e-12, 2.306596780881489e-12, 9.855217490758993e-13, 1.4992667704495905e-12, 1.5737925300498017e-12, 9.674671826340005e-13, 2.112112510802534e-12, 1.7821607084918884e-12, 3.6123579501828196e-12, 1.492820045798944e-12, 2.1594422850372434e-12, 2.2378992204263794e-12, 3.0383067238181725e-12, 1.1305713123092348e-12, 1.4486927612349476e-12, 1.2561596013498846e-12, 3.7252980249758827e-13, 1.1288948244131317e-12, 8.127208998263646e-13, 6.106883351440582e-13, 3.323159048279596e-13, 9.326266312559418e-13, 7.125782316482375e-13, 4.425355805962656e-12, 2.713584527807434e-12, 1.0879503060451286e-12, 5.952011635247273e-12, 2.211673771741154e-12, 6.500239354481896e-13, 3.935982430878861e-12, 1.0423695458455283e-12, 6.815468826542994e-13, 4.864595949837683e-13, 3.581480160272136e-12, 1.7770002105836155e-12]","[1.874427785889258e-12, 5.626595221880683e-13, 3.352676041534755e-12, 1.3950037061962518e-12, 1.767407119579216e-12, 1.0650963886245148e-12, 2.7801164371746604e-12, 1.0106663466531643e-12, 7.378375139655665e-13, 4.291612771246203e-13, 1.3061934755878097e-12, 3.2880470344216003e-12, 2.2506712197259647e-12, 1.290975537398498e-12, 1.2503736524599341e-12, 6.805875436850126e-13, 2.793120540644043e-12, 7.716316533493418e-13, 2.3587111180875877e-12, 6.655421812592618e-13, 7.446055778344539e-13, 4.049123445846459e-12, 2.6034245137047942e-12, 3.941542086591038e-12, 1.0885727133098525e-12, 2.6419667809159983e-13, 9.005723892898842e-13, 1.33172444645281e-12, 1.855134048641914e-12, 1.6305407021094744e-12, 2.9750450728623277e-12, 1.1156755762820203e-12, 1.9965385330414014e-12, 1.4642471883807746e-12, 1.2373462041577945e-12, 2.344281255584195e-12, 7.637935469335587e-13, 5.139141550866462e-13, 2.0283005726989492e-12, 1.7322991791350245e-12, 5.388603285049338e-13, 3.796109153914698e-12, 3.8741448828178175e-12, 1.8131640561495638e-12, 2.0304224868376382e-13, 4.3872544203832e-13, 4.357773754981121e-13, 3.6602848615693227e-13, 1.3759359757588712e-13, 1.1828349430290723e-12, 1.977864630854405e-12, 2.1765373093002683e-12, 7.426939912387339e-13, 2.1599404412170024e-12, 1.7755659395535095e-12, 4.263778422432325e-13, 1.9596631045070223e-12, 1.3432207167960209e-12, 8.176013374898645e-13, 5.193842224009562e-13, 5.188945417370317e-12, 2.3973148817539244e-12, 7.193440818203186e-13, 3.1396509142028922e-12, 7.670777398567637e-13, 2.678996175642505e-13, 5.360987748186956e-12, 2.142170883595122e-12, 1.3385602336574817e-12, 1.5564502750600393e-12, 1.3094707410589123e-13, 1.5345345596984246e-12, 7.197577989647554e-13, 1.7234231078371858e-12, 3.807167482693891e-13, 2.4773681759356626e-13, 1.3597871731089557e-12, 6.903351785806388e-13, 1.4489815068059286e-12, 2.3689494492251786e-12, 8.594984421113916e-13, 1.754641649771733e-12, 1.3363945461825448e-12, 1.8600494274542852e-13, 1.0596150746383012e-12, 7.42254187061777e-13, 4.523295825587892e-12, 1.5728956763575585e-12, 4.232024012711695e-12, 1.9461051191164817e-12, 1.7689391998080368e-12, 1.16885569534392e-12, 1.5320294964201178e-12, 1.6369420496396605e-13, 1.4085092702006032e-12, 8.373738483942565e-13, 7.451159004268782e-13, 8.58169574457226e-13, 1.201803362093459e-12, 9.218003599367898e-13, 2.705872083631306e-12, 2.7114851471677564e-12, 1.3030346420283356e-12, 1.5755757212448383e-12, 2.086708309168802e-12, 1.667170038036499e-12, 1.1016670757977622e-12, 2.2328110868724114e-13, 1.1537823075201313e-12, 1.3569337960339072e-12, 1.4168998777371565e-12, 2.9739054609028407e-12, 1.586635604326099e-12, 7.038707151268205e-13, 1.8949675204093788e-12, 1.9268579205684277e-12, 1.5366177702762713e-12, 1.850561639932561e-12, 1.4239582374306846e-12, 9.80853478786589e-13, 1.9904965130034356e-12, 3.6204989820929926e-12, 8.427800288760856e-13, 1.0075344728971064e-12, 2.6546023213114855e-12, 4.661475999233636e-12, 1.362396993828819e-12, 3.006677483274223e-12, 6.445962081820589e-13, 4.0435737020787887e-13, 1.3099378553850804e-12, 7.62613008791254e-13, 4.688495326093654e-13, 7.958495322757948e-14, 1.2086768185623005e-12, 1.7346543007059435e-12, 2.3678719236656583e-12, 2.130556098187179e-12, 6.129570715253386e-13, 2.36775819041918e-12, 1.568938408698523e-12, 2.9216566983777586e-13, 3.799346425899269e-12, 4.835737975547273e-13, 1.0971207358035567e-12, 1.6949767865357488e-12, 2.8356829472153166e-12, 1.4488562969468944e-12]","[6.874136294493696e-13, 1.4425400488886213e-12, 1.1838000605856049e-12, 1.3773689236643457e-12, 7.385389677452849e-13, 6.551009161286057e-13, 6.512067680392856e-13, 7.199403248156562e-13, 2.1963074710517704e-13, 1.0950181511862968e-12, 1.5053251272710861e-13, 5.842837631821266e-13, 4.4477304408974985e-12, 1.6913176869884314e-12, 1.862578566118229e-12, 7.655942530639001e-13, 1.1391505234288398e-12, 3.47704030864874e-13, 4.9871163248547496e-12, 5.330270875343283e-13, 1.8087591242211027e-13, 1.47144780709314e-12, 1.7888600281450951e-12, 1.4300473130330575e-12, 9.168262682210466e-13, 6.354612523704201e-13, 4.2684089303903325e-13, 1.813440014424503e-13, 3.937613841001996e-13, 1.0776009119814326e-12, 1.224101561071512e-12, 3.568342258094842e-13, 6.02377261819628e-13, 1.6984238909987264e-12, 9.14124988495451e-13, 1.1274055047178939e-12, 1.456953486748881e-13, 1.9464706344168647e-13, 1.65234804425125e-13, 7.649068495520347e-13, 1.995802173997148e-12, 2.3054217244136762e-12, 2.573124130512589e-12, 3.497173785610397e-13, 4.886940542857213e-13, 3.4074576535138887e-13, 9.241282464116243e-13, 9.354018288911078e-13, 6.238773847293746e-13, 3.556205069541888e-13, 3.5767564002079096e-12, 1.369968494572046e-12, 2.669728582950079e-13, 4.678722723403008e-13, 2.3728267958407128e-12, 1.079636119634135e-13, 6.671715426903084e-13, 2.904627477288514e-12, 2.752108178204899e-13, 3.8484760630197576e-13, 1.7884541024341452e-12, 1.4354490978982789e-12, 1.8072361086667284e-12, 1.5627018327823065e-12, 2.6759784909916663e-12, 6.857564403217758e-13, 1.8660241600918003e-12, 1.334931775950911e-12, 9.735514391059288e-13, 1.2897633776160715e-12, 5.272940947844699e-13, 8.434861626040702e-13, 6.922935217252275e-13, 1.1572092185827884e-12, 3.213100856987843e-12, 1.4662954605427347e-12, 5.716247929148579e-13, 6.053433508602773e-13, 2.083655619534738e-12, 5.668848251048161e-13, 8.043001842016233e-13, 1.196380284238111e-12, 2.2647881694354824e-12, 1.300766060834255e-12, 2.858026717826544e-13, 1.5769118786440435e-12, 1.862782131526629e-13, 4.304808855223909e-12, 3.4831738390406944e-12, 1.008150301268503e-12, 2.095740441698447e-13, 8.854066997240052e-13, 2.308315209731301e-12, 2.467219253351567e-12, 1.0747973753671708e-12, 9.306327519399286e-13, 3.9420529211443795e-13, 9.49743447570481e-13, 6.148531006068271e-13, 2.2592815488911516e-12, 2.140785860227392e-12, 8.894561639077139e-13, 8.20373139960136e-13, 7.416437301493619e-13, 1.3059393942311271e-12, 1.8906601021030837e-12, 4.82202314208059e-13, 5.954694593017911e-13, 1.5063377480473654e-12, 6.232944726885899e-13, 2.062667727768294e-12, 9.059931345316385e-13, 4.727515858431084e-13, 1.5832394224874008e-12, 1.2008142285070794e-12, 1.410367179090919e-12, 1.7932179278535848e-12, 3.1537966579629336e-12, 5.954880950029612e-13, 1.0275485099056033e-12, 1.6911363379300036e-12, 3.1792574900655266e-12, 1.837992435223823e-12, 8.730303969986252e-13, 6.109640100440278e-13, 1.226877485288928e-12, 4.778509887207463e-13, 1.45228041928186e-12, 8.423763924366367e-13, 4.671705170114903e-13, 8.524260465281871e-13, 3.615530261720079e-13, 3.9832004149258643e-13, 5.904748726624117e-13, 5.064846186323702e-13, 6.73176858516217e-13, 4.1519193365269625e-12, 1.960628755966772e-12, 1.7801548302913605e-12, 4.151132360939522e-12, 2.931672138657406e-12, 1.2983671121740963e-12, 1.8147239087462762e-12, 7.863975178407182e-13, 1.0465591825647378e-13, 7.56680448579095e-13, 1.0593294490168306e-12, 3.151103286413559e-13]","[4.305426232677677e-12, 6.575844450266794e-12, 2.0811314133797224e-12, 3.3658435033118564e-12, 1.2621921939134778e-12, 6.389065329998971e-12, 6.2111480262772774e-12, 2.306604813890558e-12, 3.4745777031737133e-12, 7.176237488508982e-12, 2.4862454177692508e-12, 2.9009182493309607e-12, 4.492411416312977e-12, 3.662355986175898e-12, 9.193546977475397e-13, 4.793762697674876e-12, 8.631107849455408e-12, 4.1841363940118985e-12, 8.266914864099719e-12, 8.122679757096191e-13, 1.1383050168200083e-12, 2.6744132265440125e-12, 3.2372145291010503e-12, 1.8166419469450323e-12, 1.4584204556387594e-12, 3.774835562812474e-12, 1.1563300919585563e-11, 5.639700500780838e-12, 4.765340637216806e-12, 3.6114897932371105e-12, 5.0495409913944876e-12, 2.3768954389482675e-12, 3.66299957253105e-12, 2.659351117908619e-12, 1.6613843785279663e-12, 2.1536974193010157e-12, 1.953562119819844e-12, 3.869007139034909e-13, 3.869453267959189e-12, 1.2054837960237778e-11, 3.465987179389765e-12, 3.1227180312751317e-13, 9.557048863516656e-13, 4.770894903722192e-13, 2.878657736690123e-12, 3.110093494094535e-12, 2.20444597312298e-12, 5.3308684705345735e-12, 1.277247034651211e-12, 1.683107346595178e-12, 9.751063112298033e-13, 1.2755701732928595e-11, 4.9365062878333605e-12, 5.578737651348154e-12, 4.934013836142972e-12, 8.846543371685942e-13, 5.714558531248524e-12, 1.1376541633005005e-12, 2.3167861839827542e-12, 5.614312094503631e-12, 4.980146281458218e-12, 4.860714759161151e-12, 3.360479178107495e-12, 1.2149818961033765e-12, 3.539692286070788e-12, 1.0045360573918836e-11, 3.2501646426567443e-12, 8.140139835266355e-13, 2.3782890872591266e-13, 3.2998119973826994e-12, 3.7513423140577487e-13, 3.7993416787735725e-12, 4.3979092464918226e-12, 7.782439077707305e-12, 1.1174396774767365e-11, 5.6542969351234605e-12, 4.143297956318713e-12, 2.9916809699158497e-12, 3.3437503205853265e-12, 8.551825039054999e-13, 2.6167219114156374e-12, 2.076565964805181e-12, 3.073586440473869e-12, 2.796700631158814e-12, 7.8555991887394e-13, 1.3947694576060425e-12, 4.483993145825845e-12, 1.7454221629842472e-11, 2.969640989350606e-13, 1.6439030750115753e-12, 7.038060183224149e-13, 8.051986683125617e-13, 5.723468145514808e-12, 3.783527576167869e-12, 5.0443648687287355e-12, 8.628206229234025e-13, 3.2455972572430473e-12, 2.4310124936067594e-12, 2.4813171487433537e-13, 3.310080027828794e-13, 1.6964418144835076e-12, 4.8610226796493404e-12, 2.013632216181783e-12, 9.725947711448376e-13, 7.898695185573766e-13, 3.6379690617239183e-12, 8.907376001703965e-13, 4.020031407442984e-12, 1.6790543684652763e-12, 1.2887417867122004e-12, 2.5486200128205306e-12, 1.4522080233025293e-11, 6.752771889273045e-12, 2.9503973419953564e-12, 2.3450730063777596e-12, 4.867895561464284e-12, 5.918520413705099e-12, 1.118612019727914e-11, 4.507881905142827e-13, 1.4819917538512013e-12, 2.3529498223882522e-12, 4.541605461004684e-12, 8.65295944749336e-12, 2.7713523311766875e-13, 1.4128482368596362e-12, 2.9364049967900787e-12, 2.0447252040486226e-12, 2.1627408051261055e-12, 2.9771235381338402e-12, 2.3859553320418453e-12, 4.189551073553898e-12, 3.3278617373664686e-12, 2.419449832465668e-12, 1.9738580866808864e-12, 2.7756276846254955e-12, 1.5821691305485676e-12, 1.843490901644809e-12, 2.9810997134481353e-12, 2.142266066233323e-12, 1.5187644721388607e-12, 1.4058284832579036e-12, 3.542670355496659e-12, 3.621411920699611e-12, 6.839361248612869e-13, 2.99951539262673e-13, 3.202023929997832e-12, 1.6852847214254789e-12, 9.482164511495788e-13]","[2.734097568850629e-12, 1.996195613624882e-12, 2.39991116162371e-12, 1.5474952486370318e-12, 7.353188116893096e-13, 1.5101278480771758e-12, 1.440980563493799e-12, 1.0560579735146802e-12, 1.964016389195414e-12, 2.076961868669287e-12, 1.4153074903981619e-12, 6.566141489345622e-13, 2.3509783357014193e-12, 1.5858919618139774e-12, 3.6278686116817905e-13, 1.1383376877852017e-12, 2.568121229085538e-12, 5.044555508282226e-13, 7.378521836892642e-12, 2.9451910894712435e-13, 7.632946038527512e-13, 4.795388191477014e-12, 9.95805587986199e-13, 7.121815697186081e-13, 8.639349526212067e-13, 2.565080435527461e-12, 9.917162685341263e-13, 3.0585437731296204e-12, 9.604174757432172e-13, 3.027703363011744e-12, 2.2170263673302463e-12, 5.051549671117795e-13, 1.2972492773189085e-12, 1.830618021578447e-12, 1.7601510220217333e-12, 8.433441100276595e-13, 1.5264125668118524e-12, 3.981241952337824e-13, 1.5058808748316103e-12, 2.820543097370167e-12, 3.390987867433747e-12, 1.2533219771495068e-13, 9.379836042215626e-13, 7.740905359193586e-13, 1.6160888627674338e-12, 2.1872877079156257e-12, 1.1685369957772097e-12, 1.5574225157718987e-12, 1.1381871591608092e-12, 5.242505355032269e-13, 5.496863785820913e-12, 3.3119794201757355e-12, 2.7918394538764387e-13, 2.6963562428301962e-12, 6.398627275300924e-12, 6.775288684079274e-13, 2.124912408034809e-12, 1.6599893353516636e-12, 1.7196118402474736e-12, 1.1904023615538163e-12, 2.4685558520579795e-12, 3.0441638332652834e-13, 7.622241225997118e-13, 1.7379176712336478e-12, 3.1212183199376075e-12, 2.588091637464189e-12, 2.980505748138211e-12, 3.7803916591719397e-13, 6.722317407399646e-13, 1.1865575209157605e-13, 2.0463713213338667e-12, 2.160941836338015e-12, 1.4414529764003019e-12, 2.901367824963392e-12, 5.070675636468135e-12, 2.2893369930870326e-12, 2.961210048552583e-13, 3.4215846678774058e-12, 2.5854866409166738e-12, 7.791748390741714e-13, 1.0957018148677945e-12, 3.218697822705123e-13, 3.05454265320875e-12, 2.1059129850261354e-12, 5.173653770015673e-13, 3.4142763429883876e-12, 1.123227978403835e-12, 6.610650994777941e-12, 1.583247484504342e-12, 2.993284393168224e-13, 4.381494714574924e-13, 1.0785949610393497e-12, 3.039117415605736e-12, 3.8252954016129736e-12, 1.7095540096767815e-12, 2.506795777236164e-12, 3.073959667110075e-13, 3.144081549697854e-13, 3.4703243674608695e-13, 1.3400110058071274e-12, 8.645665000679828e-13, 2.0446893638996287e-12, 1.9063493384199568e-12, 4.968917450991569e-13, 1.2450800194518222e-12, 1.6352979060233454e-12, 2.4286272330250187e-12, 1.1777020741261636e-12, 1.2306398250190827e-12, 1.5252656053417913e-12, 1.370967861686188e-12, 2.2621944213063593e-12, 3.441397759814298e-12, 2.772809046884103e-13, 2.8044423311206245e-13, 1.6594063704401958e-12, 4.1250323125027004e-12, 7.631293973885733e-12, 1.1495510429235798e-13, 1.025213137791289e-12, 2.472073017365148e-12, 1.6839694786391876e-12, 3.530830098770013e-12, 5.123810649514556e-13, 3.084700812013709e-12, 9.528295074154549e-13, 3.5814677427482667e-12, 4.227965736936343e-12, 1.0386537842919207e-12, 1.1129387981048474e-12, 1.4748334897910699e-12, 3.2794866282627097e-13, 2.753838342992014e-12, 1.497413216982429e-12, 1.6815533007254583e-12, 1.1295133299919999e-12, 1.3037218901705588e-12, 1.8639943273170443e-13, 2.965205256077631e-12, 2.1072194027661288e-12, 3.375124181689211e-12, 1.834878373424327e-12, 5.656342673378513e-13, 5.812584923705729e-13, 3.827994936808222e-13, 8.052552610183474e-13, 7.598838636649096e-13, 9.656217414041148e-13]","[7.931771400688292e-13, 3.9172706325274214e-13, 1.2905115675732928e-12, 7.199507670820253e-13, 3.850018998665494e-13, 1.4143192221866432e-12, 1.2198079458155312e-12, 1.1196677951523564e-12, 1.450300268296765e-12, 7.992096030837559e-13, 8.597831947137558e-13, 1.94893041187237e-12, 2.301668194265441e-12, 9.796161135950894e-13, 7.401312133530484e-13, 1.7844498265727087e-13, 1.0294422172653802e-12, 6.606095860564753e-13, 2.812126052863395e-12, 3.33043490985793e-13, 4.0966369428421944e-13, 2.963463835158183e-12, 1.1495182572869373e-12, 3.6016677735863054e-12, 5.895156172572004e-13, 1.2362819810683391e-13, 2.4200687387753327e-12, 2.9488082669674875e-13, 1.0230298775616463e-12, 1.1496806278907636e-12, 2.0192513262599773e-12, 1.5823781881378162e-12, 7.393776713300342e-13, 1.2951625143218164e-12, 1.49030523429802e-12, 8.0216956054443e-13, 1.5569794897871275e-12, 1.3693745389342584e-13, 2.449362568105366e-12, 2.206088209926391e-12, 6.401580299484781e-13, 4.560344102509243e-13, 4.474761587519013e-12, 9.942065971145623e-13, 6.193151664006507e-13, 2.809348402617783e-13, 6.577046952663293e-13, 3.9012436375880784e-13, 6.609103966268596e-13, 1.4149225105372424e-12, 3.236906751155416e-12, 1.2966430709017306e-12, 9.393230896850235e-13, 1.0476194933013315e-12, 5.965766769138589e-13, 5.045101249378863e-13, 1.4389821368941124e-12, 1.3535123918192008e-12, 3.5382773203559184e-13, 2.9174527600392523e-13, 4.7519997360219755e-12, 1.268701419806252e-12, 1.893781188590865e-12, 4.509498253056249e-12, 5.81088250489487e-13, 2.058953885857417e-13, 2.2070747371310715e-12, 1.8136833942766935e-12, 3.0945535386778615e-13, 1.319709902223729e-12, 4.788080374089734e-13, 1.1662467551074097e-12, 4.642973389150752e-13, 1.0207186719640916e-12, 2.8506548289749794e-12, 1.7408954694718465e-12, 2.479453200785184e-12, 1.3446509860104564e-12, 1.8392613996019097e-13, 5.383958023947488e-13, 2.116248833727371e-13, 9.962271086976016e-13, 5.181692412785731e-13, 7.12845474566704e-13, 4.075287072277418e-13, 5.751727461504471e-13, 2.401737506950606e-12, 1.6916510393164775e-12, 3.399706123833182e-12, 1.5262956402379912e-12, 6.671554110955779e-13, 4.550194936939955e-13, 4.2768402910142445e-12, 2.2077215456301884e-13, 1.6928334725420172e-12, 4.996627031745694e-13, 5.277998465872637e-13, 9.352527591363872e-13, 1.3742005955975772e-12, 2.5310420357514566e-12, 1.448082980611443e-12, 1.6268931725201416e-12, 3.4541073425256867e-12, 6.702401396142939e-13, 2.3395170067438993e-12, 1.225331854308014e-12, 1.8810178827146078e-13, 4.591516403913984e-13, 1.908226815021632e-12, 5.612062983971804e-13, 4.2615437150830323e-13, 2.2489586444543136e-12, 7.053596581665754e-13, 1.589329339575346e-13, 1.0657860746962385e-12, 1.0431469798513159e-12, 1.2712984918509744e-12, 1.3171306890201621e-12, 8.396004616751172e-13, 2.3188481425964174e-13, 8.454016269073323e-13, 2.6238066341563885e-12, 4.646627440143428e-13, 8.013497692887242e-13, 2.468836338519495e-12, 6.283380066884445e-12, 1.5462414709286452e-12, 2.599818739921702e-12, 1.2006581523144602e-12, 7.88138874932276e-13, 1.8401726323507356e-13, 7.455828483680779e-13, 6.950198756625772e-13, 2.70625445783533e-13, 2.507604100867904e-12, 1.5187060147064045e-12, 1.173277694620488e-12, 1.5671781742926072e-12, 6.418516486911556e-13, 2.4296827114952718e-12, 1.858610671331096e-12, 3.5974147976822976e-13, 5.355234662694448e-13, 7.364792209831111e-13, 7.603431028815792e-13, 1.4457964816913917e-12, 1.7927898782711334e-12, 1.1745708645238484e-13]","[1.8652287963180384e-12, 6.943847685566386e-13, 1.8797178391558528e-12, 6.001302296252825e-13, 8.882712754883664e-13, 1.536326227817678e-12, 6.085367590612643e-13, 6.720324426264922e-13, 1.557801447321011e-12, 2.9850055143085305e-12, 1.5162614741184287e-12, 2.516490048286563e-12, 1.879059349044919e-12, 1.0711944115330369e-12, 1.0800187170458776e-12, 4.4614369111870385e-13, 1.3918764766198817e-12, 5.567539667965728e-13, 2.7796491840855443e-12, 4.432661593842549e-13, 3.5287439193842433e-13, 3.6434862031816194e-12, 5.820409422877909e-13, 2.0961959778735144e-12, 1.8884263037212076e-13, 5.861944102645967e-13, 2.2887118529013385e-12, 3.2299711131418365e-12, 8.509771460171034e-13, 4.446847012370687e-12, 2.7503777885400324e-12, 1.708336204431403e-12, 6.312420537285905e-13, 1.345172427654799e-12, 1.3897933959355338e-12, 4.549049672474375e-13, 1.4413323057849274e-12, 7.829194352420127e-13, 1.8247863825692336e-12, 1.5215891370680664e-12, 1.4928083254352594e-12, 5.330316064657323e-13, 1.7638158306213165e-12, 1.7528503537358202e-12, 8.705826142208284e-13, 8.147404916311088e-13, 1.1064569663247488e-12, 7.326286498616176e-13, 1.289445408757364e-12, 6.471045559633585e-13, 7.518461157681208e-12, 9.961600872232955e-13, 7.020921266222368e-13, 4.2330472739903095e-13, 1.2543918450478673e-12, 4.717984241200986e-13, 8.128886667159794e-13, 2.231268109726572e-12, 1.2684183790781085e-12, 4.786562925564924e-13, 1.7493131721378755e-12, 2.5604415444011157e-13, 1.982003969611282e-12, 1.9676876505304396e-12, 1.7710582275797444e-12, 8.479894350932624e-13, 1.0441539617699253e-12, 1.4124146444265113e-12, 8.310736736138418e-13, 1.5042461924939184e-12, 1.5276443890504445e-12, 1.0458740828463198e-12, 4.743341206719302e-13, 7.332927937967436e-13, 4.080711338572697e-12, 1.868307775179623e-12, 2.4115602307177046e-12, 2.9823743837624273e-12, 9.662280723640722e-13, 1.4885819589627767e-13, 1.1325939838783914e-12, 8.138025252274927e-13, 1.3361184185457202e-12, 1.8307744083382923e-13, 4.801164877030021e-13, 1.206885280921111e-12, 1.7893199849499778e-12, 6.392391526706446e-13, 1.4799760513351003e-12, 1.2468501186439702e-12, 8.93773447327522e-13, 3.832829435911238e-13, 3.2843429168218913e-12, 2.039708099149753e-12, 1.3022000980375076e-12, 3.627680619938963e-13, 1.3235374497749931e-12, 2.275709391881572e-12, 9.71818532537385e-13, 2.13388976103583e-12, 1.8596412843952095e-13, 7.354842381209549e-13, 4.1363809132991776e-12, 7.047803419319145e-13, 1.9644301935397566e-12, 1.3747708340964758e-12, 1.24080325508197e-12, 1.2824542467563975e-12, 2.7885388951299054e-12, 1.3312536982056295e-12, 1.9006780681902666e-13, 6.885959886638774e-13, 6.119748723018769e-13, 1.857836993406524e-12, 1.868394470707945e-12, 1.6557563921619612e-12, 6.948293496866161e-13, 5.327423229033168e-13, 3.455236303147106e-13, 7.717651856644988e-13, 1.1662308567789413e-12, 1.2259885260040727e-12, 7.513004724554452e-13, 1.8168531273078192e-12, 1.455582196161401e-12, 4.689748107388228e-12, 5.480547998344151e-12, 2.9222415887428683e-12, 2.0816035386206762e-12, 7.811696009273501e-13, 1.2113291678601112e-12, 2.36238014210025e-13, 6.950850306256423e-13, 3.979443509021602e-13, 2.956608555692773e-12, 8.736620012454767e-13, 1.3632489514362958e-12, 1.3685956803675295e-13, 1.0527634013622847e-12, 2.116823219580192e-12, 1.7399272270533146e-12, 1.157823380246532e-12, 4.1794732747860523e-13, 1.6473068125917471e-12, 1.2288183743458778e-13, 3.3986964363627664e-13, 2.053024150671803e-12, 1.6382785254772965e-12]","[5.226826223651363e-12, 2.4207548036939573e-12, 5.866914556969575e-12, 3.005451547248949e-12, 2.051228859130787e-12, 4.860446685749972e-12, 2.6486387442146358e-12, 3.347136179522939e-12, 3.796222676860419e-12, 2.8075106433235494e-12, 1.851709290252496e-12, 1.5426496872379262e-12, 2.410626474445897e-12, 2.3122979198322777e-12, 4.1794100651529825e-13, 1.9749786898215533e-12, 3.060425271139711e-12, 4.262958836154073e-13, 8.095945385841429e-12, 1.4292610732099528e-13, 9.258465529164494e-13, 1.4360516018693731e-11, 2.7466570080305717e-12, 7.978523313386157e-13, 2.890447922580728e-13, 2.255136513151574e-12, 7.191792491189444e-13, 1.0363907072465143e-11, 1.4536913317107665e-12, 7.949772655815069e-12, 1.2017223544461277e-12, 1.3505083622373931e-12, 5.680341903806013e-12, 1.9250726765679434e-12, 3.793511552009877e-12, 2.8324138810363427e-12, 2.510643565618209e-12, 2.5137463950058286e-12, 2.338264859191228e-12, 2.830533182382942e-12, 4.601179810067204e-12, 1.3006316652778183e-12, 1.2080303794960627e-12, 3.951941602608347e-12, 3.9123084438853224e-12, 5.012526168879761e-12, 3.642653750096355e-12, 1.8227581333427845e-12, 3.636821073645313e-12, 1.4524115911944568e-12, 1.0177589270413195e-11, 1.403845030474442e-12, 9.452539296026402e-13, 4.521595382410114e-12, 8.221184601247294e-12, 1.6812126978861052e-12, 3.0574282671691737e-12, 4.549499947262595e-12, 6.065027466090822e-12, 2.4647541855971974e-12, 4.8791792686352715e-12, 3.739797797827072e-12, 1.4180157901830969e-12, 2.6821053808474572e-12, 3.575691670064669e-12, 4.442622256465834e-12, 6.326576175630908e-12, 5.089811043145996e-13, 1.7865075580043705e-12, 6.079010122718728e-13, 2.9829168882267947e-12, 1.21687618628866e-12, 1.0749917771692517e-12, 3.3036327826015868e-12, 5.336970912077115e-12, 2.8734540409335996e-12, 1.400337049589866e-12, 5.424297455051327e-12, 3.2352886086776703e-12, 1.1681607414278606e-12, 4.010452841838812e-12, 1.319022583549384e-12, 5.416829415323722e-12, 1.0956343093509041e-12, 6.342310679991904e-13, 6.232178473340575e-12, 1.7740211074153981e-12, 3.293107568297281e-12, 8.547107620252402e-13, 1.4380055499995443e-12, 1.3251320233590332e-12, 6.800960316589505e-13, 4.9611981127028035e-12, 7.49404515086935e-12, 2.0788908172692398e-12, 1.1733669754431515e-12, 9.745272281652705e-14, 7.081839108629655e-13, 1.1106670779114371e-12, 3.4397463939466366e-12, 1.4133127689956574e-13, 1.0726791303279064e-12, 3.6049669955750963e-12, 8.511507438620177e-13, 9.96878558062659e-13, 1.982919074839833e-12, 7.002320320644389e-12, 4.40963773246224e-12, 1.6360981809816278e-12, 3.743069776659155e-12, 1.1824958618805127e-12, 1.0089852118536597e-12, 3.0056684398581683e-12, 1.387864562308016e-12, 1.6479909278241817e-12, 1.3679747840454462e-12, 3.8421039758245806e-12, 6.159575519842891e-12, 5.466960613860797e-13, 5.903066374212657e-13, 3.1505447241620034e-12, 5.467215705830788e-13, 4.897277973992036e-12, 6.021813694359437e-12, 6.8001399506418034e-12, 2.0913647761627498e-12, 9.501709428463135e-12, 4.475199393296151e-12, 3.5040511910524415e-12, 1.821067827668154e-12, 1.1792322035734415e-12, 2.0231389584624632e-13, 4.2990154133528125e-12, 1.836958375840519e-12, 3.6480141452602655e-12, 2.3265231767475906e-12, 1.0342943437800785e-12, 2.3577301642158682e-12, 4.488691673586357e-12, 1.1024868268320801e-12, 2.9534200174034598e-12, 1.7584697572661911e-12, 1.070031131145054e-12, 1.9860178438100972e-12, 1.1709552356953762e-12, 1.1731707621412566e-12, 3.3179582452532716e-12, 1.763161566098991e-12]","[7.483749502632141e-12, 1.4170453003918752e-12, 5.791808848834783e-12, 2.217748324542851e-12, 1.8916938947670957e-12, 6.67176850182878e-12, 7.42314773757647e-12, 2.7369024775605e-12, 4.688274662971424e-12, 6.293535848757188e-12, 4.292496355993689e-12, 2.7628439884813087e-12, 5.3064682253275925e-12, 8.247400451411785e-13, 2.555472076438322e-12, 2.9757149971633466e-12, 5.915818337660049e-12, 6.826173733727134e-13, 7.488657733820257e-12, 2.85006208601373e-13, 1.0615962701866133e-12, 1.943725069724926e-11, 4.204259878087254e-12, 1.0242260536556325e-12, 4.761343198945238e-13, 8.430669677849082e-13, 1.3045559876420292e-12, 1.3771528684262617e-11, 2.261367603568176e-12, 1.2451960951233069e-11, 6.237937627849388e-12, 5.575973409081304e-12, 7.116841891275139e-12, 2.9544644338868045e-12, 3.2268718710151517e-12, 6.51496909231097e-12, 3.5609612764056078e-12, 3.089519769277972e-12, 5.811188690106069e-12, 2.2577186193780276e-12, 5.8380133098723356e-12, 2.382275567216809e-12, 2.822663684100039e-12, 6.421732059977533e-12, 5.067542716464928e-12, 5.493102980174411e-12, 3.964719602102779e-12, 1.062463076632381e-12, 7.324412494780976e-12, 1.5436507766976063e-12, 1.3563768965802262e-11, 1.1069795882624004e-12, 6.905486889659122e-13, 5.239613380119953e-12, 1.0277451018934863e-11, 1.7503344102266435e-12, 3.486986710866324e-12, 7.95345971736313e-12, 3.679009733902672e-12, 2.5396517641717363e-12, 6.681608096022618e-12, 4.839751393941593e-12, 4.3940292809400446e-12, 2.843041080355849e-12, 6.473240723005388e-12, 2.897507455584915e-12, 8.419200195196357e-12, 1.1710678166760721e-12, 4.6510424621873945e-12, 2.136874710690395e-12, 2.631748480713438e-12, 2.103236714359148e-12, 1.836575109144732e-12, 8.836536592207113e-13, 7.712618851837103e-12, 1.892660421684808e-12, 3.2622455138566893e-12, 7.662757576774492e-12, 5.456161001874662e-12, 3.317766559485454e-12, 6.438502591730296e-12, 3.5604211824362686e-12, 5.717382950494614e-12, 8.288658568642199e-13, 1.2748397139138018e-12, 4.7661545222075974e-12, 3.778394747939461e-12, 4.091046597563033e-13, 9.193296481469239e-13, 2.5858977545341603e-12, 1.3691174787137545e-12, 1.159937241601316e-12, 3.4314379071031043e-12, 8.219149692362723e-12, 1.509162296456014e-12, 1.9989078969273132e-13, 3.162842143855969e-13, 3.862826784725592e-12, 1.6676197633011393e-12, 4.824459125155718e-12, 1.4172396195235127e-12, 7.818064395441938e-13, 3.722760698295765e-12, 2.164189222436328e-12, 8.851096295237999e-13, 3.88256939159396e-12, 9.366477396190655e-12, 5.534757850120353e-12, 1.233233776583505e-12, 3.305450066390674e-12, 5.22183352042428e-13, 1.053273532682709e-12, 1.7693449606180026e-12, 6.347619730797483e-12, 3.2617607537498016e-12, 2.055572678128875e-12, 2.8307902760140734e-12, 6.7901740119197835e-12, 2.5801945657923484e-12, 1.0016660098243317e-12, 4.288482054348129e-12, 4.3446821668422653e-13, 5.649489592166841e-12, 9.403800298812478e-12, 5.8514994751170565e-12, 4.114517508836563e-12, 1.0396806360552315e-11, 7.351638161899363e-12, 4.841856688912574e-12, 1.5012632644914225e-12, 3.2795150003943875e-12, 3.012415453328494e-13, 2.7006492202779447e-12, 1.2455232343621354e-12, 6.046340683925295e-12, 2.7832975797536005e-12, 1.2240499319393005e-12, 4.734571427806572e-12, 4.186338954748974e-12, 3.576114188996392e-12, 9.30535800371597e-13, 3.124017004558782e-12, 4.437529864038642e-12, 5.486645534922445e-12, 2.644102770949023e-12, 1.3007499366256802e-12, 4.099951567573982e-12, 4.035481284395804e-12]","[6.754479382827053e-12, 8.037340067704669e-13, 6.216185604110091e-12, 1.3967638081569403e-12, 7.550179361512607e-13, 4.830816549108559e-12, 7.78961788737391e-12, 1.34620304517194e-12, 3.646255179851738e-12, 6.2987112751388365e-12, 9.109484433336371e-13, 4.025395563816974e-12, 6.767287693426973e-12, 5.071001575176139e-13, 2.8216036621559107e-12, 5.749535248566454e-12, 8.721642073758422e-12, 2.4921412319489365e-12, 2.5053689726486612e-12, 6.555860827743314e-13, 3.3678291154665157e-12, 1.6631486836742074e-11, 5.24263346750502e-12, 1.0473430856822807e-12, 6.242223782782016e-13, 4.129783073335324e-13, 2.920687840538844e-13, 1.2154713606670089e-11, 2.258850768699773e-12, 9.445954124245127e-12, 1.9454905318190535e-12, 5.083239250500571e-12, 8.285164105822661e-12, 1.68765001928722e-12, 4.332024906036537e-12, 5.586795173808016e-12, 3.805399517498365e-12, 5.701564157038521e-12, 6.069215539548172e-12, 8.5064497070465e-12, 7.003867249524348e-12, 2.699298803520329e-12, 5.1579964904838655e-12, 3.5042737820786956e-12, 2.8033378346794345e-12, 3.562897346756963e-12, 3.237089583347349e-12, 5.370217568280095e-13, 8.908855444477096e-12, 1.3560090678840482e-12, 6.310609597716786e-12, 6.570947862536348e-13, 2.992025012048369e-12, 2.7785339272927323e-12, 5.213315793905572e-12, 9.275313132340102e-13, 6.243701316164891e-12, 8.371388201338484e-12, 2.2671515791605737e-12, 2.8271096392541446e-12, 1.7036946231473384e-11, 4.4956578520390025e-12, 8.158933780972625e-12, 6.719077869966516e-13, 3.667753753238719e-12, 4.975241183054634e-12, 6.516461755271215e-12, 1.8984458062704724e-12, 3.310209825255227e-12, 1.370614452806641e-12, 3.940162512437245e-12, 1.4816407625820187e-12, 2.630033849517839e-12, 1.086479239420276e-11, 4.087692100496307e-12, 7.349162508452674e-13, 1.89607031449836e-12, 5.733567137545026e-12, 1.1978225413334326e-11, 3.2900407822768577e-12, 4.124333686156121e-12, 6.597705348335884e-12, 6.754699856249624e-12, 6.96835810740598e-13, 2.772432829794007e-12, 2.3668996807302664e-12, 4.8197210445434374e-12, 1.5422867055538835e-12, 2.250417611253505e-12, 2.27679345789757e-12, 2.5501537752417077e-12, 1.5973885001042664e-12, 5.005753086302914e-12, 7.358249637238717e-12, 2.908195853173999e-12, 5.896344307812618e-13, 5.807316692798095e-13, 4.6364285846662455e-12, 1.6930226476903903e-12, 6.280864953125475e-12, 4.0484037638071075e-12, 3.3441222638780944e-12, 2.5738144073886386e-12, 3.4415464944016186e-12, 1.7418155723602217e-12, 3.938943255778498e-12, 7.97942038258176e-12, 3.977773723526633e-12, 1.8201539521909594e-12, 3.0007263025417178e-12, 1.56987777966159e-12, 1.0236383114450433e-12, 2.383659965588162e-12, 1.3223692356046682e-11, 5.7580533207957014e-12, 3.6687425784382286e-12, 5.987806084722761e-12, 6.545704578675972e-12, 1.4362004545282798e-12, 4.099233590152133e-13, 5.6695557192652815e-12, 3.2240715198408237e-12, 7.60033793841752e-12, 1.0736447563390603e-11, 4.328727212372673e-12, 5.89693987845021e-12, 9.596387030129892e-12, 6.315020708078278e-12, 3.398328019247908e-12, 1.7827089857182328e-12, 5.865612164673444e-12, 1.064600967421908e-12, 1.9895816769766703e-12, 2.230009653676615e-12, 3.4350312522944476e-12, 2.3796879397852516e-12, 6.539441910756174e-12, 1.1011576904408503e-11, 4.534567852734334e-12, 7.923183499667988e-12, 5.698672957241917e-13, 1.8818875938146503e-12, 1.5348905423269013e-11, 9.812037917678775e-12, 7.62539298003002e-12, 3.6672515108489594e-12, 4.960366886381391e-12, 6.473754119828494e-12]","[2.4445104039195217e-12, 1.4691613140936159e-12, 5.083144114428618e-12, 8.840141718092125e-13, 1.8942478492477304e-12, 2.0679132794257516e-12, 4.3449875863901775e-12, 7.521722794232131e-13, 1.7850233631890816e-12, 6.26952930660777e-12, 3.6103319960064747e-13, 5.135678194025286e-12, 3.650517834593273e-12, 1.7097514012159362e-13, 1.656036122854203e-12, 2.0710735369578166e-12, 4.863152644280522e-12, 9.200034126658676e-13, 2.1106760646493757e-12, 6.613974369477157e-13, 1.6884168368258088e-12, 7.738292585099398e-12, 2.054337415810174e-12, 1.2835247769157417e-12, 8.396487790091828e-13, 4.794656011707872e-13, 1.9926237928764016e-12, 9.200255502836315e-12, 2.3140983940209595e-12, 1.2150522258465603e-11, 2.305354117928002e-11, 2.5761419627842697e-12, 4.421800165188816e-12, 2.4024674660724603e-12, 4.52986483626467e-13, 2.9696745374970596e-12, 1.2721125958224207e-12, 2.6794508244252144e-12, 4.3717888148303455e-12, 3.3047050525081844e-12, 3.0122039036405142e-12, 4.1555542591386074e-12, 3.3966032949307332e-12, 4.129759460477511e-12, 1.1575660539146614e-12, 2.830887687358461e-12, 1.8051261909684513e-12, 1.1097871038229964e-12, 4.8781498977429425e-12, 8.937791274112379e-13, 4.995266569777248e-12, 2.8984820697264e-12, 1.428337800409262e-13, 2.458757039330315e-12, 6.841724313734807e-12, 1.0543046661658338e-12, 2.0757136815857224e-12, 5.9819346588312165e-12, 9.909888998076247e-13, 8.84384359124552e-13, 8.515306874669155e-12, 1.3405654171552192e-12, 6.276155389172005e-12, 1.8423315049565647e-12, 3.0758379852022926e-12, 2.1796782640161135e-12, 5.506710180600043e-12, 1.6716810395012882e-12, 2.5578208974852088e-12, 2.7924547323695364e-12, 4.574759398258141e-12, 9.462673332273268e-13, 1.9529473558534315e-12, 4.99456913139683e-12, 2.3837372860975994e-12, 7.088758608215451e-13, 1.8378684792766094e-12, 4.3210255158496134e-12, 8.313622013589001e-12, 6.874566070199084e-13, 2.8336926390279376e-12, 2.228733208949653e-12, 2.9702588139105385e-12, 3.006687373237156e-13, 4.882043335477669e-13, 5.82503718922208e-13, 2.751916083644393e-12, 1.4014203037477698e-12, 3.0644500577125853e-13, 4.404664691851039e-12, 2.0957276989522286e-12, 1.7188655523176534e-12, 1.5492475538398313e-12, 4.150161797946126e-12, 5.761835833715331e-13, 2.13750476308071e-13, 9.946807284073253e-13, 6.435134896952424e-12, 6.187686750078755e-13, 2.950417225445021e-12, 2.826955471157881e-12, 1.6582965920684504e-12, 2.683075952447905e-12, 2.0301569975022278e-12, 2.230241257772307e-12, 2.107854866261297e-12, 3.4533899895806073e-12, 1.7136580146274127e-12, 1.3852010000368723e-12, 1.975066507452495e-12, 1.2433641417421829e-12, 3.1164869719211854e-13, 3.957161767830497e-12, 7.910377183571506e-12, 5.574606831818276e-12, 2.6431351595839864e-12, 3.535932960691632e-12, 2.3504926720943483e-12, 1.7501186428669567e-12, 1.9899623912248604e-12, 2.8697428000268307e-12, 1.6158969143208314e-12, 1.6739097130004686e-12, 3.748000493626635e-12, 2.140894060724098e-12, 2.231165990809043e-12, 8.946142634404308e-12, 3.4456105759405704e-12, 3.0577748925837594e-12, 1.3344791891157454e-12, 4.787759994615917e-12, 1.028175555415129e-12, 1.4240550366341704e-12, 1.461542502882362e-12, 2.7948986215860695e-12, 1.2123246029633734e-12, 1.8289112853224964e-12, 2.831650603124009e-12, 2.3108315357276943e-12, 4.0694486340004806e-12, 7.275655319578569e-13, 1.9559097863206006e-12, 1.038109854890638e-11, 6.9292469877638044e-12, 2.304070112682653e-12, 1.0575451121616798e-12, 2.5109598949731717e-12, 3.716195485171527e-12]","[2.173901076370233e-12, 7.351622294384284e-13, 1.6558124738201927e-12, 6.042492681872984e-13, 1.1456316976228635e-12, 2.107901362977176e-12, 2.2519536889716056e-12, 8.198544749674378e-13, 2.6030205221133055e-12, 5.715941798837636e-12, 4.942087114250733e-13, 4.329712931130615e-12, 2.750749503197776e-12, 1.0069699957091992e-12, 2.39838014011433e-12, 3.067313435241592e-13, 4.868740318994563e-12, 1.320248441756457e-12, 1.5702082018042083e-12, 1.5263204732112966e-12, 7.286633450850646e-13, 4.11103861825654e-12, 8.057736425332511e-13, 1.7890685046083511e-12, 3.709421939864378e-13, 4.4465437227422943e-13, 3.992346195289802e-12, 6.274714076428181e-12, 1.3189175135290088e-12, 8.558174031125e-12, 1.1191602790886035e-11, 2.1952897466389898e-12, 8.422340480772302e-13, 1.980975134630459e-12, 5.049945811080551e-13, 4.5181216763703405e-13, 7.200220101512724e-13, 1.6960878934124268e-12, 3.752874668524876e-12, 2.4854340070185816e-12, 1.4601861430779273e-12, 3.0885630794536867e-12, 9.875475607653802e-13, 2.029322619610848e-12, 1.0649296708775338e-12, 1.7580727463567579e-12, 8.899775123218523e-13, 2.3819613624007743e-12, 2.1540539908208454e-12, 2.5425101546065033e-12, 4.1885753062185924e-12, 3.2553592134826105e-12, 8.695714994746254e-13, 4.911800731104426e-13, 2.387992863666236e-12, 8.550535507499395e-13, 1.6005337265043432e-12, 3.2259970961441454e-12, 1.4286773254798956e-12, 6.284935966018406e-13, 4.730026209369176e-12, 9.919679751634204e-13, 2.9007923233569535e-12, 1.5816370036168777e-12, 1.914109114720189e-12, 8.972435384193157e-13, 1.589313204303794e-12, 1.9733349813768517e-12, 1.131483618478757e-12, 3.570995829161711e-12, 2.741875573301242e-12, 1.092429527314979e-12, 1.0730273849391621e-12, 2.2351355493882203e-12, 7.475506674666835e-12, 2.312543154053596e-12, 3.000419949525977e-12, 4.2297651818101446e-12, 4.210445011575177e-12, 8.272353073939544e-13, 1.5336587880288609e-12, 9.125298902411977e-13, 7.332218758937036e-13, 4.765818001000287e-13, 6.118474543810741e-13, 4.196092795913236e-13, 3.299272614867309e-12, 1.6047206936697821e-12, 8.206111184689669e-13, 2.749010969630036e-12, 1.0904206319001386e-12, 8.17201485813534e-13, 2.4027857728940184e-12, 2.9556371246384943e-12, 2.200503586911702e-12, 1.3311575940859762e-13, 2.5150057604406714e-12, 5.150083593739454e-12, 8.400865188011276e-13, 1.1603442189478748e-12, 2.5722723851964083e-12, 4.830149252262209e-13, 3.6267619504265987e-12, 1.0931460497536284e-12, 1.4607745927618646e-12, 1.2303178201157585e-12, 6.399045600367823e-13, 1.3013259750529947e-12, 3.422044908857357e-12, 1.5840976849481556e-12, 1.3255328915885564e-12, 1.133905216293543e-12, 2.6195807278676054e-12, 4.783772740236871e-12, 3.0485423928969876e-12, 3.425696837805784e-12, 6.500485152796105e-13, 1.607408604441519e-12, 8.899601354105084e-13, 1.8026405636427654e-12, 1.3837075066881122e-12, 1.7753244500855557e-12, 6.76201372433254e-13, 2.5227854520108827e-12, 1.6468180252470791e-12, 3.5041514552407286e-12, 6.277613944640935e-12, 1.5937695081222174e-12, 3.41556145155738e-12, 1.4780052471417333e-12, 3.1065384902204744e-12, 1.142275067146334e-12, 1.815420635661187e-12, 9.68470692559891e-13, 2.6082953218165464e-12, 1.3249751484255622e-12, 8.900562073788968e-13, 6.313319399126986e-13, 1.013730416531714e-12, 1.8660696788224256e-12, 1.4323950030455655e-12, 1.447821240095814e-12, 4.35174898111252e-12, 3.135557338389478e-12, 8.799345760302143e-13, 2.2047421803859991e-13, 3.0543428883369114e-12, 3.1708081197581795e-12]","[6.456611570247933e-05, 6.456611570247933e-05, 6.456611570247933e-05, 6.456611570247933e-05, 6.456611570247933e-05, 6.456611570247933e-05, 6.456611570247933e-05, 6.456611570247933e-05, 6.456611570247933e-05, 6.456611570247933e-05, 6.456611570247933e-05, 6.456611570247933e-05, 6.456611570247933e-05, 6.456611570247933e-05, 6.456611570247933e-05, 6.456611570247933e-05, 6.456611570247933e-05, 6.456611570247933e-05, 6.456611570247933e-05, 6.456611570247933e-05, 6.456611570247933e-05, 6.456611570247933e-05, 6.456611570247933e-05, 6.456611570247933e-05, 6.456611570247933e-05, 6.456611570247933e-05, 6.456611570247933e-05, 6.456611570247933e-05, 6.456611570247933e-05, 6.456611570247933e-05, 6.456611570247933e-05, 6.456611570247933e-05, 6.456611570247933e-05, 6.456611570247933e-05, 6.456611570247933e-05, 6.456611570247933e-05, 6.456611570247933e-05, 6.456611570247933e-05, 6.456611570247933e-05, 6.456611570247933e-05, 6.456611570247933e-05, 6.456611570247933e-05, 6.456611570247933e-05, 6.456611570247933e-05, 6.456611570247933e-05, 6.456611570247933e-05, 6.456611570247933e-05, 6.456611570247933e-05, 6.456611570247933e-05, 6.456611570247933e-05, 6.456611570247933e-05, 6.456611570247933e-05, 6.456611570247933e-05, 6.456611570247933e-05, 6.456611570247933e-05, 6.456611570247933e-05, 6.456611570247933e-05, 6.456611570247933e-05, 6.456611570247933e-05, 6.456611570247933e-05, 6.456611570247933e-05, 6.456611570247933e-05, 6.456611570247933e-05, 6.456611570247933e-05, 6.456611570247933e-05, 6.456611570247933e-05, 6.456611570247933e-05, 6.456611570247933e-05, 6.456611570247933e-05, 6.456611570247933e-05, 6.456611570247933e-05, 6.456611570247933e-05, 6.456611570247933e-05, 6.456611570247933e-05, 6.456611570247933e-05, 6.456611570247933e-05, 6.456611570247933e-05, 6.456611570247933e-05, 6.456611570247933e-05, 6.456611570247933e-05, 6.456611570247933e-05, 6.456611570247933e-05, 6.456611570247933e-05, 6.456611570247933e-05, 6.456611570247933e-05, 6.456611570247933e-05, 6.456611570247933e-05, 6.456611570247933e-05, 6.456611570247933e-05, 6.456611570247933e-05, 6.456611570247933e-05, 6.456611570247933e-05, 6.456611570247933e-05, 6.456611570247933e-05, 6.456611570247933e-05, 6.456611570247933e-05, 6.456611570247933e-05, 6.456611570247933e-05, 6.456611570247933e-05, 6.456611570247933e-05, 6.456611570247933e-05, 6.456611570247933e-05, 6.456611570247933e-05, 6.456611570247933e-05, 6.456611570247933e-05, 6.456611570247933e-05, 6.456611570247933e-05, 6.456611570247933e-05, 6.456611570247933e-05, 6.456611570247933e-05, 6.456611570247933e-05, 6.456611570247933e-05, 6.456611570247933e-05, 6.456611570247933e-05, 6.456611570247933e-05, 6.456611570247933e-05, 6.456611570247933e-05, 6.456611570247933e-05, 6.456611570247933e-05, 6.456611570247933e-05, 6.456611570247933e-05, 6.456611570247933e-05, 6.456611570247933e-05, 6.456611570247933e-05, 6.456611570247933e-05, 6.456611570247933e-05, 6.456611570247933e-05, 6.456611570247933e-05, 6.456611570247933e-05, 6.456611570247933e-05, 6.456611570247933e-05, 6.456611570247933e-05, 6.456611570247933e-05, 6.456611570247933e-05, 6.456611570247933e-05, 6.456611570247933e-05, 6.456611570247933e-05, 6.456611570247933e-05, 6.456611570247933e-05, 6.456611570247933e-05, 6.456611570247933e-05, 6.456611570247933e-05, 6.456611570247933e-05, 6.456611570247933e-05, 6.456611570247933e-05, 6.456611570247933e-05, 6.456611570247933e-05, 6.456611570247933e-05]"
beta,"[9.133150979666976e-12, 4.746117381485267e-12, 5.614138571929736e-12, 5.914090927498008e-12, 6.3085992977414734e-12, 8.901099292303635e-12, 9.792201260322096e-12, 2.0922529519545396e-11, 7.128245688180643e-12, 6.988501844389946e-12, 3.9685715542009575e-12, 5.939661639398142e-12, 7.207366285176976e-12, 6.16339174662754e-12, 1.282373004213305e-11, 3.2088430638481037e-12, 7.887500145920262e-12, 3.3929319722311923e-12, 5.773712279708116e-12, 3.55839693331609e-12, 1.6118895347607696e-12, 8.661489165578264e-12, 4.331736519406426e-12, 2.1992397225326487e-12, 7.931645159943217e-13, 3.3238645899254605e-12, 3.4401517887709003e-12, 1.317636069448612e-11, 2.7854969024373442e-12, 2.31039886613069e-12, 1.3162102360058403e-11, 7.22649456842188e-12, 6.942955723590191e-12, 2.602512676332277e-12, 2.132191423654481e-12, 7.162141701879169e-12, 2.3696008819411884e-12, 1.027932101854772e-11, 3.229962097659426e-12, 8.492008188448496e-12, 3.853430562024946e-12, 4.749699157863158e-12, 7.811250373711474e-12, 5.434239855313138e-12, 6.067453421992421e-12, 8.44229785277949e-12, 8.867363389724055e-12, 4.8415169296862896e-12, 6.768982687111161e-12, 2.1188738081261787e-12, 5.184888020570437e-12, 9.744644999917863e-12, 5.7462991134444296e-12, 8.0353560363038e-12, 5.151773754582389e-12, 5.813841380175923e-12, 4.076877641344033e-12, 8.117505579839272e-12, 4.885825023020726e-12, 6.218403024303729e-12, 7.095759161139353e-12, 8.526509555689993e-12, 2.092265690770192e-12, 5.460292518361498e-12, 6.772619709535431e-12, 6.3653552704697325e-12, 8.306992401165579e-12, 6.498312424119608e-12, 7.395240589830833e-12, 5.721761803935807e-12, 1.5054531730084108e-12, 2.9192133948747412e-12, 3.979458102371326e-12, 2.3578647050990887e-12, 6.3695374377495845e-12, 2.341664770102337e-12, 6.876610549025982e-12, 8.98166251931694e-12, 4.03460969124762e-12, 4.331185626940643e-12, 2.60646643050747e-12, 7.504677811531856e-12, 3.220225231165219e-12, 2.9525387879020715e-12, 1.0786194218084139e-11, 9.259947462264312e-12, 5.024228145631598e-12, 1.6435354042805626e-12, 8.228622398884628e-12, 2.8809520511250825e-12, 3.7816090062177675e-12, 3.112389286338109e-12, 6.73069877497477e-12, 2.056172961984809e-12, 7.1843470938691644e-12, 2.4562514670731987e-12, 2.812209259782129e-12, 5.330395888361899e-12, 1.3461418166332293e-12, 6.029570505962371e-12, 1.415365008837919e-12, 6.645957617376993e-12, 6.426707799450641e-12, 4.849946519728629e-12, 4.902347670901671e-12, 5.381284045740063e-12, 3.851147732649942e-12, 3.6360076951608358e-12, 4.528718682752555e-12, 1.2823749386737069e-11, 3.8983981881586294e-12, 7.35381694185999e-12, 6.716714929446861e-12, 8.711784881603583e-12, 1.990582452592024e-12, 8.4763331798407e-12, 3.771398179081675e-12, 9.874924503668302e-12, 4.091281113338887e-12, 2.815846564700503e-12, 6.2997807363224075e-12, 2.3586250059194797e-12, 4.411252648689659e-12, 6.3939813055489676e-12, 5.027442968233838e-12, 2.5686759777558665e-12, 6.2542923785390775e-12, 5.727678813275189e-12, 3.2114365506263255e-12, 5.462915375194024e-12, 3.436026009954907e-12, 2.309759043939742e-12, 4.429042916416338e-12, 8.285359378051562e-12, 4.8341871864932e-12, 8.870984886887312e-12, 8.572488872855431e-12, 2.198821390732839e-12, 6.0269560658250885e-12, 1.0008640476035516e-11, 3.183335732848449e-12, 2.7270727160399327e-12, 1.0737370786672535e-11, 1.0427965693698456e-11, 4.47623525813509e-12, 3.3527018845714696e-12, 9.420037888383068e-12, 2.2051037852570013e-12]","[2.413055382765645e-12, 2.39110282265494e-12, 2.678105364362939e-12, 4.8033740044600785e-12, 3.4110067720591926e-12, 4.9657836184367224e-12, 7.440098453720755e-12, 8.36264649145311e-12, 2.4419408452508827e-12, 5.1189722749905e-12, 5.373655685786636e-12, 9.11910738374111e-12, 6.42769066492886e-12, 2.140719969896112e-12, 5.2795291795763975e-12, 1.2261733478247005e-12, 4.405142868709452e-12, 5.741804642569193e-12, 4.505142419816097e-12, 3.4560620255350357e-12, 1.7606752966556686e-12, 4.103764022375092e-12, 3.269064558764905e-12, 3.989701223504779e-12, 1.7711069009740362e-12, 2.1683960454161234e-12, 5.933512755806336e-12, 6.0260505802885515e-12, 3.483709881940168e-12, 1.5211532797027584e-12, 1.0472302830046724e-11, 2.821054814320623e-12, 6.986746248185393e-12, 3.9693452341203855e-12, 3.3953309756355574e-12, 6.03800286389631e-12, 2.6485450828182955e-12, 3.816880482609598e-12, 4.117340392926707e-12, 3.366329650201725e-12, 6.671995337154598e-13, 6.9221852849234185e-12, 3.484199641389392e-12, 2.195814361110044e-12, 5.166696626960615e-12, 3.105659725785272e-12, 5.9184445558890835e-12, 6.927935895061029e-12, 2.1496341714611287e-12, 4.0211407844203145e-12, 4.4893764226691e-12, 1.1890290816988607e-11, 4.351253075188623e-12, 1.8897840253812567e-12, 1.1296717254780837e-11, 5.218139809000809e-12, 2.1514399902044246e-12, 5.3792345015868774e-12, 4.59253858388795e-12, 3.0575344669122213e-12, 4.204763981909855e-12, 4.609005352437544e-12, 2.4637299727844157e-12, 5.317489828208283e-12, 6.434826543114943e-12, 2.9344181220514816e-12, 6.8979140325657545e-12, 6.702509629970999e-12, 3.967716608540858e-12, 4.641600558086227e-12, 2.748409739068459e-12, 3.1668711978652622e-12, 5.4238245813426634e-12, 3.7286859855958505e-12, 4.795340004239688e-12, 3.763128141451856e-12, 5.7011559227160166e-12, 8.094566953160188e-12, 3.3923877891629608e-12, 2.91053539976006e-12, 3.2788396582820283e-12, 8.730377284124719e-12, 1.8598911005593323e-12, 2.735666634844228e-12, 5.071481738588134e-12, 6.387246177016916e-12, 6.632280111256696e-12, 1.2782759075557633e-12, 7.779607930010432e-12, 4.366613609189195e-12, 3.183556662675069e-12, 2.173098462507302e-12, 6.204033572493453e-12, 2.403506747515168e-12, 2.71470462713164e-12, 6.045859406273805e-12, 2.3464570569663564e-12, 2.9946193494842756e-12, 1.6484621578453522e-12, 4.9719867811703e-12, 5.785127716136578e-12, 2.260641999059488e-12, 3.753471661836766e-12, 5.198670532827287e-12, 3.818375022819764e-12, 4.89898703437914e-12, 2.3510591424480593e-12, 7.383139741239619e-12, 3.72369133708049e-12, 7.267100006620924e-12, 3.683279869210439e-12, 3.936607371108503e-12, 7.540064940616962e-12, 6.597513835077444e-12, 3.917297448940072e-12, 1.8577692182188457e-12, 2.3675704812328496e-12, 7.413138628011992e-12, 3.1186551641199306e-12, 2.684467560786925e-12, 4.527054692006463e-12, 4.72272515057661e-12, 7.1220288672185095e-12, 3.1097969020954797e-12, 7.207931304036007e-12, 7.545134712293781e-12, 7.088041006404087e-12, 4.218939028811445e-12, 4.7440688120740736e-12, 5.61345881619082e-12, 3.2211347044059976e-12, 1.416417259139036e-12, 4.024558394170874e-12, 2.379424420578646e-12, 7.264453421725825e-12, 4.383499001747551e-12, 1.0359138224449223e-11, 2.780615751049576e-12, 1.962551938813938e-12, 4.995722753461279e-12, 5.293592335767096e-12, 3.3112084507996e-13, 4.295671162692976e-12, 3.7619321932812464e-12, 4.363469324920322e-12, 3.5434912777075708e-12, 3.195435538211611e-12, 6.912893375686325e-12]","[3.5966504028211337e-12, 4.393791517416991e-12, 3.206021208357533e-12, 5.0366970738032095e-12, 2.845102341010802e-12, 6.175040209371682e-12, 7.573635659078034e-12, 1.2073030512142442e-11, 3.1503162930751405e-12, 6.35548037497122e-12, 9.462090380595505e-12, 7.42446898660061e-12, 1.2250547841156868e-11, 5.790348418466331e-12, 1.0895693285739777e-11, 2.792831145110094e-12, 7.0238797326880816e-12, 3.901860755631274e-12, 5.364107470111345e-12, 5.309313277847851e-12, 2.050369410069395e-12, 6.038431269701701e-12, 2.066909554359932e-12, 7.584373662497218e-12, 2.3444600899976564e-12, 1.703213106932875e-12, 6.2115651065961724e-12, 7.956519942247773e-12, 5.541766973881019e-12, 2.020783101785174e-12, 8.320872734748873e-12, 3.066308635641986e-12, 5.2042891899449595e-12, 2.696506159820938e-12, 1.6334595962575338e-12, 5.356775980045134e-12, 2.784353362501548e-12, 5.207027663825903e-12, 3.813656971067299e-12, 5.281973866804369e-12, 1.0580636547759073e-12, 5.6283340595443585e-12, 4.492222277866463e-12, 2.1797791517041433e-12, 4.343345335605184e-12, 7.188590020317998e-12, 6.940629919336945e-12, 2.7575662166875233e-12, 2.446249635709038e-12, 2.4693454266852888e-12, 2.974945712364643e-12, 1.2565971764961577e-11, 2.5800652419241307e-12, 1.5983588692824434e-12, 8.318368009233037e-12, 5.574804843715523e-12, 2.4286926142141405e-12, 4.930173547338198e-12, 5.721785201672914e-12, 1.7404167896366771e-12, 4.507862281183563e-12, 8.290050015914618e-12, 3.191754226769245e-12, 5.381238395408572e-12, 7.484817622417645e-12, 6.553219946453826e-12, 8.555617156706634e-12, 7.00299443995275e-12, 5.808155176914656e-12, 3.892616101276418e-12, 2.231610273372451e-12, 6.178511801646192e-12, 4.884302157502726e-12, 5.220923210986098e-12, 7.616425370321244e-12, 2.855230101599706e-12, 7.189249359014979e-12, 6.111913431962536e-12, 4.795686101213604e-12, 5.03818786813415e-12, 3.922043342232635e-12, 8.535571854182804e-12, 1.8815918271322803e-12, 3.317370571003793e-12, 4.541582193032572e-12, 3.759583004137642e-12, 6.558120551993945e-12, 2.195127622798838e-12, 8.421370372245507e-12, 2.83913202106646e-12, 3.784341652875888e-12, 1.9161326852965485e-12, 7.358555384694573e-12, 2.422326509904338e-12, 3.063825586668612e-12, 3.76914855248832e-12, 1.949064129661638e-12, 3.3660712181779336e-12, 2.7684054594669316e-12, 3.983639151950964e-12, 4.363813090645323e-12, 2.5013810223883155e-12, 3.919779666006696e-12, 7.954494492077116e-12, 3.8355663947051906e-12, 5.731831671345287e-12, 3.242397783378081e-12, 8.236526468453374e-12, 4.744514134117062e-12, 1.1212600596208793e-11, 3.462425468199832e-12, 7.540348092033407e-12, 4.409261868859165e-12, 7.051813958908032e-12, 8.021752497328974e-12, 3.07477079139809e-12, 5.754714444103742e-12, 5.743922523436999e-12, 4.037415683664821e-12, 3.322037454761853e-12, 4.339221614082958e-12, 4.844797599140943e-12, 8.154515218220851e-12, 3.731131772147092e-12, 8.574112953669882e-12, 7.435887138525617e-12, 7.878272193181182e-12, 2.654215912694486e-12, 7.457231494676882e-12, 9.894487003700851e-12, 4.149318331550286e-12, 1.3126285866243407e-12, 5.823186824950427e-12, 3.409390767441498e-12, 9.984401199549427e-12, 6.025502863493069e-12, 1.6218895192807427e-11, 2.2437577498062055e-12, 3.885775986979025e-12, 3.4919243438153317e-12, 3.44299344081373e-12, 8.706458447630293e-13, 3.8055418678747674e-12, 5.3975016134775955e-12, 7.310726596397347e-12, 4.594413524640073e-12, 8.782023179688489e-12, 7.529897867188018e-12]","[8.033485289458611e-12, 1.115503456925535e-11, 1.1749467136655883e-11, 8.587009616181774e-12, 1.2854941434307743e-12, 1.0816703519124062e-11, 7.388164310072499e-12, 1.644399824755833e-11, 6.098303728881183e-12, 5.6984523710795544e-12, 1.5192679329194387e-11, 6.192887555189175e-12, 2.2443492879276866e-11, 9.506937180488666e-12, 2.0920972957957715e-11, 4.787001787298989e-12, 1.1910062135862759e-11, 1.2156617242364235e-11, 8.553634694007225e-12, 1.3777767004467384e-11, 2.241263872191769e-12, 8.373247608651928e-12, 2.009076200986609e-12, 8.573558539009146e-12, 1.7953919059352458e-12, 1.3951781964412793e-12, 3.726487328185824e-12, 9.37144152875748e-12, 3.2888774466646565e-12, 1.1258739556944979e-11, 1.2214357574834973e-11, 6.219105072161098e-12, 8.141533707104388e-12, 1.7607589042990849e-12, 2.244815274739259e-12, 6.2002101436022156e-12, 2.8615771950953978e-12, 7.006918847857942e-12, 3.3298835686039083e-12, 5.937923521725409e-12, 4.1845979944981546e-12, 4.49287708301402e-12, 4.459315555934366e-12, 4.682000462812441e-12, 4.76196837641652e-12, 1.2262513952308758e-11, 9.168854743968285e-12, 6.977532863976412e-12, 3.5254286910127585e-12, 1.4348059732491982e-12, 4.8303692909289235e-12, 1.6426364139162733e-11, 5.278995875783026e-12, 6.0951609031228776e-12, 1.9509423826614833e-11, 7.515418665134951e-12, 4.632765007696004e-12, 5.452544374299114e-12, 9.658683352774507e-12, 5.007568393268699e-12, 5.1944486715524465e-12, 2.2200884348445543e-11, 1.1597623716609587e-11, 6.398530779307665e-12, 1.5115894019972034e-11, 9.801745786690592e-12, 1.0583140404823654e-11, 9.45816729989089e-12, 9.733405236883674e-12, 7.493443610902249e-12, 6.66425718028263e-13, 5.397656502294712e-12, 5.539328664330874e-12, 4.72584714230524e-12, 1.5504794546963677e-11, 5.575114155721738e-12, 1.2973788044533802e-11, 6.875637910531613e-12, 1.082111818241814e-11, 8.288008638603132e-12, 5.221556839867832e-12, 8.879881909538434e-12, 2.215739623127304e-12, 4.038995078472422e-12, 7.61546790059523e-12, 4.418211207996995e-12, 8.549756285082347e-12, 4.382777908613358e-12, 9.460331733815348e-12, 4.060200344714747e-12, 4.478811125729521e-12, 2.965840515308143e-12, 1.169323733059954e-11, 5.312181145848937e-12, 6.688964999353173e-12, 2.678396372404324e-12, 2.4187676375170586e-12, 3.09921093650641e-12, 2.1058726869288117e-12, 5.756737979955393e-12, 3.154853408392369e-12, 3.789653833652394e-12, 7.215635375381964e-12, 9.038143731339195e-12, 2.5171013060941403e-12, 7.821145603886438e-12, 2.6940988817364516e-12, 3.4974214038430135e-12, 6.020131265815838e-12, 1.57136175726296e-11, 4.926438644746342e-12, 1.9815260015698288e-11, 1.9410456309500337e-12, 9.303757548550853e-12, 1.5054754067306562e-11, 4.458313186106917e-12, 1.2593712655639024e-11, 3.3107337187987434e-12, 1.1532500247349877e-11, 4.9497672600253945e-12, 9.351353304461009e-12, 5.4032140198231696e-12, 1.2709214703973497e-11, 7.023419705385975e-12, 9.806845282381626e-12, 9.008030791425388e-12, 1.0838519158460747e-11, 4.076852936899885e-12, 1.2098560708940895e-11, 1.301146998995901e-11, 1.2538999633992936e-11, 1.0329311544686066e-12, 6.790964293473323e-12, 3.9869663154632455e-12, 1.4818974204235923e-11, 9.52342853171157e-12, 1.7583585729042403e-11, 3.8789124958662904e-12, 9.600344197947491e-12, 3.7516858847989526e-12, 5.858313459205251e-12, 1.0144776691793528e-12, 3.896752969986812e-12, 9.285509923040362e-12, 6.1148900205381684e-12, 9.116239665689201e-12, 2.165784227245663e-11, 1.120709809263323e-11]","[7.138536650991093e-12, 6.267883342789034e-12, 1.646817163488157e-11, 9.271979103884572e-12, 5.041420882060259e-13, 8.513658507043038e-12, 4.648282751975775e-12, 8.430506003237386e-12, 6.467770955216071e-12, 6.150519759489708e-12, 1.2485329731262663e-11, 6.373387492598801e-12, 2.228932515572928e-11, 7.0400213960853065e-12, 1.8415460560255092e-11, 6.485450725869388e-12, 8.510153201098788e-12, 2.3340941691017056e-11, 8.339157383842951e-12, 1.796819963899199e-11, 2.2681916084582642e-12, 7.986315145452804e-12, 2.469112191183126e-12, 6.430336137445288e-12, 1.2399106767607231e-12, 7.3163613081133e-13, 1.229976734367768e-12, 4.6160097147728355e-12, 1.975043338223187e-12, 1.4637173100764648e-11, 2.5701398078099206e-11, 6.795097455281513e-12, 1.0365527949074671e-11, 9.508446857753853e-13, 2.123088792336554e-12, 5.379988372276416e-12, 3.324685118840837e-12, 6.721534734637187e-12, 3.0935724948248753e-12, 5.746584902391071e-12, 3.274131953878071e-12, 3.0444151512910275e-12, 6.061140523752555e-12, 1.3425721399779011e-11, 3.978769394565088e-12, 2.0368091158317034e-11, 9.136837761287045e-12, 8.919915114523855e-12, 6.142484492799803e-12, 2.009201618975331e-12, 5.809366778984466e-12, 2.04970452416438e-11, 8.383909226890111e-12, 1.2262643564543096e-11, 1.340219001800466e-11, 6.681129972703478e-12, 6.120885966098531e-12, 3.0619129895787614e-12, 1.162079811574047e-11, 6.9552714824706075e-12, 5.796507472779346e-12, 2.0422116634732845e-11, 1.5293730407755527e-11, 7.964485687864445e-12, 1.1381750599092456e-11, 1.0180951386385522e-11, 9.007440758206981e-12, 1.0704240547421274e-11, 9.241205683680621e-12, 1.1956848022995356e-11, 1.6370276975728798e-12, 4.449065743816229e-12, 5.158724167713455e-12, 9.175630592800715e-12, 1.0770511587104282e-11, 4.994604117526303e-12, 1.5209389243743913e-11, 1.4880215589785993e-11, 9.363184172251047e-12, 1.6864053956669037e-11, 9.85399794095597e-12, 7.706344688415137e-12, 3.641739925579056e-12, 4.9688967420067895e-12, 1.047856236261809e-11, 1.0508434105786355e-11, 6.522352167541281e-12, 6.0639855745209e-12, 1.6400505492483708e-11, 1.4378773423015746e-11, 3.1105415058987173e-12, 2.464788920521735e-12, 2.7507429427616433e-11, 7.277205411542013e-12, 9.032476315587025e-12, 4.018523852551085e-12, 8.970369779526895e-13, 3.4104008194605392e-12, 2.092654633850759e-12, 5.213373231316858e-12, 4.597401908854314e-12, 3.253458543552867e-12, 5.107336708520075e-12, 6.662048103209817e-12, 1.846632511467582e-12, 6.296556329900016e-12, 1.7157354790919976e-12, 4.1571811404501285e-12, 3.4608993470100914e-12, 1.1488046406761456e-11, 5.471861608296134e-12, 1.53769828460193e-11, 6.44487540791538e-12, 9.325493270888438e-12, 1.5667477248201705e-11, 3.4186589906298678e-12, 1.6479979596490795e-11, 4.616871571821024e-12, 8.185575520129813e-12, 5.0955257665939234e-12, 1.6668575024982377e-11, 6.4712693504060364e-12, 1.4371049847028371e-11, 3.56848979698147e-12, 1.341424287346022e-11, 7.1395556639281215e-12, 8.333551143944448e-12, 5.7820638384404715e-12, 1.3199805176790405e-11, 1.0471462717665154e-11, 1.6396349375010634e-11, 2.4435494467615206e-12, 5.404065404681136e-12, 2.7058934795501556e-12, 1.1364994612173996e-11, 8.665405257630676e-12, 1.0637563398873212e-11, 5.20057355462915e-12, 1.1184947085558924e-11, 5.703467668201216e-12, 4.387254708333251e-12, 1.6903217118496187e-12, 3.077846171489092e-12, 9.220606573243973e-12, 1.0138002712746379e-11, 1.1092936136686936e-11, 2.193862912626587e-11, 1.2035006291129384e-11]","[5.457179346770326e-12, 7.0931040403792675e-12, 6.037464962264112e-12, 4.646491214585022e-12, 6.864222892771515e-13, 6.773555806942233e-12, 4.575257709326853e-12, 1.0526294711232873e-11, 6.0346831202156944e-12, 9.413288328050471e-12, 1.851433321730805e-11, 6.025142358949335e-12, 2.4122835897982357e-11, 1.4131434426870498e-11, 2.9455319627501274e-11, 6.766262878958079e-12, 1.210743545045149e-11, 1.3545293895282048e-11, 7.510018938052403e-12, 1.2566040967093895e-11, 2.8423708426207874e-12, 1.1334425121882163e-11, 2.7818306038609374e-12, 9.719257482801203e-12, 3.1139611477812395e-12, 1.2978933944093475e-12, 2.024763252077897e-12, 5.44525131501613e-12, 2.5850961500276114e-12, 5.804199565285071e-12, 2.2071375460375415e-12, 5.9077937248744446e-12, 3.1682030298796106e-12, 1.2483523001623026e-12, 2.4221041569638606e-12, 4.053642567957823e-12, 1.8657111873247896e-12, 4.50341382538937e-12, 3.137243681313474e-12, 3.987435104953783e-12, 3.500250038989965e-12, 3.8547958068556916e-12, 4.541342971355958e-12, 7.406476447869233e-12, 2.9767391209157905e-12, 1.5908236494767643e-11, 8.955149420936861e-12, 7.639056310648186e-12, 6.61037887417904e-12, 1.7255795148368871e-12, 6.015080528151112e-12, 1.6507681191963645e-11, 1.885904925583608e-12, 2.343847227464941e-12, 1.7260325285568866e-11, 1.184608161177965e-11, 5.404703903730748e-12, 4.95094883521578e-12, 7.220005675785201e-12, 6.624524758065244e-12, 4.3938913828593705e-12, 1.510154880899176e-11, 1.1966413108270789e-11, 5.551603305122294e-12, 1.671531930752145e-11, 1.1677296010327995e-11, 1.093100477261767e-11, 1.158371286654961e-11, 4.044569471269523e-12, 3.415827610879364e-12, 2.527156512551557e-12, 7.702812526513581e-12, 6.438232241445826e-12, 4.480324721602642e-12, 2.0636619554854168e-11, 4.265633072444954e-12, 1.4773716687325885e-11, 7.871064192534013e-12, 1.0758997802516175e-11, 1.1118652517204934e-11, 1.0914620661640208e-11, 7.79132166329839e-12, 3.3338582804086068e-12, 4.2125113385030794e-12, 1.0254362195715587e-11, 6.425075424047465e-12, 1.1040990782185326e-11, 3.4855380530546772e-12, 1.4795398311888033e-11, 6.36303965710795e-12, 3.443852863842581e-12, 1.9669071278499184e-12, 1.346607246736908e-11, 4.104862704896943e-12, 7.0726368288650085e-12, 3.544016919205968e-12, 9.861265625903828e-13, 1.6808841040818751e-12, 2.9585731057020146e-12, 4.813376237457715e-12, 4.058358265459148e-12, 1.8126012303768376e-12, 5.310454516338892e-12, 8.395104429510513e-12, 1.501152995619531e-12, 6.163747302124881e-12, 2.5068669300380837e-12, 6.978903565688386e-12, 6.6840007700868895e-12, 1.0769421996450716e-11, 5.958180301440295e-12, 1.833474670657193e-11, 1.4976548875163834e-12, 9.410186684510217e-12, 1.880791134521692e-11, 3.0377145133699684e-12, 1.6030169054095727e-11, 3.4216503819958072e-12, 5.785910222614973e-12, 3.867635843354201e-12, 1.2460019122065529e-11, 7.435726712915213e-12, 1.635372791046844e-11, 3.2898651617574536e-12, 1.489295012771333e-11, 7.825736575038479e-12, 9.495879766482709e-12, 3.7144443579959714e-12, 1.2356578720541975e-11, 1.3360996848461723e-11, 1.3705516085519712e-11, 1.906116370511544e-12, 6.836494088187402e-12, 3.423003994932052e-12, 1.2991569507109055e-11, 9.80000917328524e-12, 2.7074057864697492e-11, 3.9511514823880475e-12, 9.157392450346777e-12, 6.3710804667714195e-12, 3.54961738680138e-12, 2.6075276746560946e-12, 3.1332456660319983e-12, 1.1318332126964322e-11, 1.1662440085188782e-11, 1.1342200550295139e-11, 3.1159493731369384e-11, 1.706447504034445e-11]","[2.653032455577294e-12, 1.8966414621813936e-12, 1.5239080417666226e-12, 5.350249950777308e-12, 4.774484037865423e-13, 5.680904698446065e-12, 2.323136119936608e-12, 5.405170081666066e-12, 3.0932238060247488e-12, 4.5069981461961225e-12, 5.293578584531153e-12, 6.99362606699253e-12, 5.628611716473623e-12, 2.4914255412375856e-12, 2.9655129225063486e-12, 1.5768123600740069e-12, 4.4258659129940785e-12, 3.0988041132220233e-12, 3.868214498699705e-12, 3.941560324914857e-12, 1.9587652057444052e-12, 4.17133015205278e-12, 8.375492162377718e-13, 4.4238532827866314e-12, 2.725081025778161e-12, 1.1508887137226354e-12, 3.622414997959356e-12, 3.0484882093048503e-12, 3.1593596610126374e-12, 8.317076071225594e-13, 7.58115857467588e-12, 3.2123408426724473e-12, 4.437837076434021e-12, 2.380339375580892e-12, 3.248536451406719e-12, 5.037253759818637e-12, 1.3567534365612278e-12, 2.798920888213772e-12, 3.242313351258047e-12, 2.0260001587471156e-12, 6.352171092242698e-13, 5.561738041002507e-12, 2.408087332224212e-12, 3.9151071322291e-12, 3.953316077309611e-12, 3.696064024252127e-12, 3.211246981523334e-12, 2.170880757590709e-12, 3.0765730501154432e-12, 2.751124171871407e-12, 2.747880672587393e-12, 6.312937138183836e-12, 4.173893087066455e-12, 3.448846641490218e-12, 1.0772380787738887e-11, 4.641088850350161e-12, 1.5683983293887306e-12, 3.1107403369335395e-12, 3.5843898428514528e-12, 2.3286190219421605e-12, 4.039136690635276e-12, 5.5583203526663265e-12, 2.1485296325718446e-12, 3.0550545412897855e-12, 6.247418713511727e-12, 3.3782062891073835e-12, 4.0790666405325475e-12, 5.884248624049133e-12, 2.223366404562152e-12, 2.3917501401847296e-12, 1.289195760253229e-12, 3.513560749915637e-12, 3.5583304052082192e-12, 2.9135722021540386e-12, 4.086563555344062e-12, 3.541758493352571e-12, 4.300162853828104e-12, 4.015654737886958e-12, 3.262604463299897e-12, 2.704928386127609e-12, 9.694761683750267e-13, 8.647200875881588e-12, 3.713202206810568e-12, 3.1078399593312615e-12, 3.344616144481796e-12, 4.936885229655332e-12, 3.751001008135852e-12, 2.5556829725040176e-12, 6.1811099420732826e-12, 4.436456579959522e-12, 2.707473171322289e-12, 1.823648590351118e-12, 4.970549238157758e-12, 2.427996058929894e-12, 2.6877518315279595e-12, 5.20325667134575e-12, 1.5992160580822683e-12, 3.706646308986029e-12, 2.2727604591225008e-12, 3.8993065512003436e-12, 4.423796723955776e-12, 3.194890629706565e-12, 5.0744769357385494e-12, 3.923931916781385e-12, 3.595804183460796e-12, 5.4259742985942795e-12, 1.3180694061231753e-12, 7.479167907361601e-12, 3.746903964586284e-12, 2.2420612784860515e-12, 5.70719256656024e-12, 2.1095593136001516e-12, 3.2948189790784464e-12, 2.8324549387004504e-12, 7.600966045815644e-12, 6.703386454449907e-13, 2.0200140166351986e-12, 4.740113163715872e-12, 2.07252396744192e-12, 2.493125586310935e-12, 3.9515633947149146e-12, 4.130876774216467e-12, 7.164195667796752e-12, 2.4468121951836615e-12, 4.360444263993877e-12, 4.145902916472767e-12, 4.370853235600788e-12, 3.425344747843562e-12, 4.653683235134273e-12, 5.04551563099551e-12, 3.0259325373531214e-12, 1.3438177108453727e-12, 1.574202275717805e-12, 2.187684048783597e-12, 7.48906274789146e-12, 3.795679910987222e-12, 6.8140475846683825e-12, 2.493850921740393e-12, 2.2169917487598604e-12, 2.2722521725091477e-12, 4.405449244547941e-12, 1.187121781388263e-12, 1.4575598317978319e-12, 3.1632820055355013e-12, 4.0544142467590065e-12, 2.6928898524275963e-12, 4.358325283157683e-12, 5.604350923059322e-12]","[3.66689774517651e-12, 4.137539865138455e-12, 2.2200989160860335e-12, 3.4824652702651704e-12, 1.682068297414343e-12, 4.44064103107185e-12, 1.0271158797540647e-12, 3.683893379022359e-12, 2.6102480398058736e-12, 5.907566987904687e-12, 7.767362810310789e-12, 2.2720394868766594e-12, 9.325218533534409e-12, 5.2289654522498035e-12, 6.4370363064190145e-12, 4.9273501347416104e-12, 6.597223177349058e-12, 5.063100027643775e-12, 3.756070401850876e-12, 4.400907631441203e-12, 1.4696811044554675e-12, 3.1491411764736654e-12, 1.0363087362292455e-12, 4.710535402637118e-12, 1.3405767107465773e-12, 1.3522815282279559e-12, 1.0429872244679353e-12, 2.049265450176609e-12, 3.0080779557782995e-12, 1.2636955158056312e-12, 2.616322658617586e-12, 2.7917843651573223e-12, 2.289552687588015e-12, 1.9925928218146176e-12, 4.351880585509191e-12, 5.632490229135761e-12, 4.586002103792293e-13, 1.6278333064484293e-12, 2.3397146982691046e-12, 1.669157549731022e-12, 3.0983840551611073e-12, 3.8038900382557994e-12, 2.3974285927799046e-12, 4.908006607367064e-12, 1.5054365932060415e-12, 6.66887863882799e-12, 1.9790507263373428e-12, 2.6819439253410295e-12, 3.3598060984905204e-12, 2.7993180731003873e-12, 2.9233456055305723e-12, 5.389237946039241e-12, 2.4048179516758177e-12, 2.3634062951951665e-12, 4.8332206183204025e-12, 4.63414829138968e-12, 2.3143184543185404e-12, 2.0853222877423166e-12, 7.381549418139889e-13, 3.4909706659943078e-12, 3.1071115376971927e-12, 8.468797851996292e-12, 5.229480356597854e-12, 1.7626441940277185e-12, 7.259513377767359e-12, 5.4772302564640286e-12, 3.986411563787455e-12, 6.486021363978808e-12, 2.183307277098526e-12, 1.3010508945746931e-12, 1.6120789486937543e-12, 3.4487779239901884e-12, 2.682020992678882e-12, 2.368853623975415e-12, 6.876843943377402e-12, 2.872062981656663e-12, 4.8044233413097315e-12, 3.6198147259113353e-12, 6.091707087618424e-12, 3.67857493161756e-12, 4.477999836024983e-12, 5.11156116796777e-12, 1.880435028030373e-12, 2.8152441184060393e-12, 2.249669946604006e-12, 2.7067493422604167e-12, 3.932699790945602e-12, 1.6706013669210103e-12, 4.708018312778694e-12, 2.5713190084851664e-12, 1.2867508536318952e-12, 1.341594471809003e-12, 6.631220082603793e-12, 3.36775891369708e-12, 4.243852309126236e-12, 3.8202116620655194e-12, 9.37184733817837e-13, 1.6212569412831699e-12, 2.5944139332763567e-12, 3.08046425264432e-12, 2.1743950205569456e-12, 3.4774068565284184e-12, 5.569052493505924e-12, 2.9699642573330062e-12, 2.0786465901228418e-12, 5.64880546228132e-12, 1.7861237352850123e-12, 5.102920221850748e-12, 3.1270757086382407e-12, 3.364030943337829e-12, 4.09501448402467e-12, 4.866043364105607e-12, 2.387955092017891e-12, 5.437086015508612e-12, 1.1612165599766986e-11, 7.765293015751233e-13, 6.8610228433405315e-12, 3.14341870435983e-12, 2.2737414932863126e-12, 3.3810484920344058e-12, 7.118683134332588e-12, 3.890323454694574e-12, 7.617738010869567e-12, 2.462733064700874e-12, 4.976861700340061e-12, 3.909928477973761e-12, 5.663861011280104e-12, 3.061890961045893e-12, 6.731347783674499e-12, 3.6264373320634917e-12, 3.4202200241419958e-12, 2.5821432881688697e-12, 3.0145180776923938e-12, 8.471354539104478e-13, 5.56898657266091e-12, 4.9294523363682896e-12, 1.0226754462997693e-11, 3.062852379708719e-12, 3.932836486735947e-12, 4.369638884561901e-12, 2.6815530611272604e-12, 2.148964612146896e-12, 6.754107648881321e-13, 3.983426843525364e-12, 4.301230907282641e-12, 2.9430014729705717e-12, 9.089268138978536e-12, 7.938616210915711e-12]","[8.771791389238945e-12, 4.85339652923529e-12, 8.811641507948636e-12, 3.3985849123164227e-12, 2.948334866419916e-12, 8.718595512150516e-12, 5.5430838139428134e-12, 7.46434604952325e-12, 1.2112568443569093e-11, 1.4740488090217368e-11, 1.6611237501505606e-11, 6.414998511849951e-12, 2.9225352477548904e-11, 1.3336912576086267e-11, 2.4541087934658345e-11, 9.574388109595651e-12, 9.3420114594358e-12, 3.194165897801066e-11, 1.336844716114221e-11, 2.3077759010278183e-11, 6.6522498065597765e-12, 1.862673918984759e-11, 5.777096391050811e-12, 1.0567827886925978e-11, 1.8609619977086682e-12, 1.835464529771893e-12, 3.3412544916486305e-12, 4.580747845441334e-12, 1.7319472800707165e-12, 1.5380391872112917e-11, 8.210774807322038e-12, 8.31370863826531e-12, 6.0007756842875966e-12, 1.7859731651117775e-12, 3.6185278632912394e-12, 3.782795455873637e-12, 3.22342411877555e-12, 8.364186134955848e-12, 2.8108650873883954e-12, 5.112640043661868e-12, 3.766383216701576e-12, 4.718779882348087e-12, 1.7503885691963254e-11, 8.18350993619318e-12, 5.438294778809335e-12, 2.519060788958843e-11, 1.3937220782018093e-11, 1.7066918017850703e-11, 8.811905286567855e-12, 1.3055209503857225e-12, 1.2921631759129504e-11, 3.4781166895084776e-11, 6.952098152413444e-12, 3.1815719094066503e-12, 1.4643073555586454e-11, 1.0902748481661423e-11, 1.2201229221155885e-11, 5.1057457310494954e-12, 1.6746969301209857e-11, 1.5437215283738077e-11, 1.1931534325089097e-11, 2.5620034830110614e-11, 2.610698873295021e-11, 1.5205685772765627e-11, 2.5233521943854047e-11, 1.3746129551065038e-11, 1.2653642169673964e-11, 1.8048693770287188e-11, 6.06159397541729e-12, 8.975303207659006e-12, 8.769827163120309e-12, 8.686705915053543e-12, 1.3205555997500925e-11, 1.112000485523141e-11, 2.4652071220416078e-11, 4.383387220535501e-12, 1.979927877714675e-11, 3.075073097846433e-11, 1.0044097822627796e-11, 4.157534091678648e-11, 2.6378557340247013e-11, 1.266814245890017e-11, 7.912295159559954e-12, 5.757187001911403e-12, 2.000114504763008e-11, 3.0222554272168886e-11, 2.0016949044214538e-11, 8.606382224988689e-12, 3.5884806932907115e-11, 1.5668157284741825e-11, 3.654081660314938e-12, 1.8300676467601367e-12, 2.2938283251234098e-11, 3.3427859473837616e-12, 1.790853852862392e-11, 7.862161436862903e-12, 8.839649498439442e-13, 1.99577071137953e-12, 4.724305085593754e-12, 5.155520381624348e-12, 1.367709632686069e-11, 2.32898835578379e-12, 4.229706238182523e-12, 1.0086672768702813e-11, 2.6078095998597228e-12, 4.823878445076386e-12, 3.157718795416001e-12, 7.849525464391936e-12, 8.236156873088312e-12, 1.2072285332911967e-11, 1.1055273983279049e-11, 3.150493658803883e-11, 5.638754601828311e-12, 1.7115705628261906e-11, 2.114048150339007e-11, 5.326285464024643e-12, 2.2551647567198938e-11, 9.085691675832646e-12, 8.911551871446002e-12, 4.787493354014373e-12, 2.939256493814852e-11, 1.6310822454479478e-11, 2.227111200252785e-11, 2.454361424856786e-12, 3.098240587061672e-11, 8.092042062514749e-12, 8.410397987503636e-12, 1.3237398645545377e-11, 1.5781999851237212e-11, 1.609985096543663e-11, 2.736689961312159e-11, 1.6886765190317217e-12, 1.1840730842163927e-11, 6.105573418363624e-12, 1.3498580782548072e-11, 1.545409132127089e-11, 2.1956165433494854e-11, 5.543684157521447e-12, 1.585549439753171e-11, 1.4798713490246397e-11, 8.178408209808433e-12, 5.704927162785032e-12, 6.027683727136621e-12, 1.896032129860604e-11, 3.283072872907739e-11, 1.8940339081793134e-11, 3.528472075412745e-11, 1.9313574745368418e-11]","[4.770170240845717e-12, 2.540789939904971e-12, 3.8681561257351436e-12, 2.034234907227384e-12, 3.805367741140295e-12, 3.5600631395486314e-12, 4.851882773530415e-12, 1.7171699256981263e-12, 5.899611082577115e-12, 9.621442906779436e-12, 8.293805054502513e-12, 5.494848322267986e-12, 1.5830439089024638e-11, 7.524164323407205e-12, 1.2581864580654417e-11, 5.5869224933940646e-12, 6.237805475784096e-12, 8.960659519085516e-12, 4.3326969933509055e-12, 8.336984781511658e-12, 4.40530881345839e-12, 2.970003357559523e-12, 2.2315421235792115e-12, 2.233998480928978e-12, 1.7340294709352467e-12, 1.7430934054622403e-12, 2.6793009566790184e-12, 2.432696811432204e-12, 2.351034648059744e-12, 3.4273361908889978e-12, 3.93390592929241e-12, 2.5654141213788905e-12, 3.1759276141675477e-12, 2.0607738460170592e-12, 3.6043158008955403e-12, 2.9360831817835438e-12, 2.158080892862669e-12, 1.4755846005418014e-12, 2.6484369682986357e-12, 3.2931188720885833e-12, 1.3010871438741005e-12, 1.976674219593921e-12, 1.1217886853588592e-11, 4.2388229240604016e-12, 3.863350257952881e-12, 9.03207930314496e-12, 3.170687281413666e-12, 4.94714594565654e-12, 4.843624208092429e-12, 1.3160678519019575e-12, 5.168142530328104e-12, 1.2037437075099707e-11, 3.661544113290929e-12, 1.4158789609481557e-12, 5.825209588085448e-12, 5.996286513862712e-12, 7.405149681233713e-12, 2.7888892272608888e-12, 2.9463761615565537e-12, 8.992821965565854e-12, 4.757072824274738e-12, 1.1715137085291055e-11, 1.134561122170194e-11, 4.1134614267481846e-12, 1.6175311240396603e-11, 3.5104554732391015e-12, 7.286023386366727e-12, 8.85727723143331e-12, 3.7779150667201544e-12, 3.905938641046462e-12, 1.8177236828182855e-12, 4.074657577329843e-12, 4.523813927318427e-12, 3.8097592338020015e-12, 6.2491311539009946e-12, 2.360607745468581e-12, 5.636276621959717e-12, 1.1672382411011847e-11, 8.725204585847863e-12, 1.6034591997736882e-11, 1.2498109557764607e-11, 5.126117061391064e-12, 2.674218875802813e-12, 3.446367769426401e-12, 3.853467640819313e-12, 1.0795974388618577e-11, 9.85144439276982e-12, 2.1697380447890583e-12, 2.3210210564151102e-11, 8.540866365621897e-12, 1.9864500125279144e-12, 1.0428417103103257e-12, 8.13258113468686e-12, 4.642396373008637e-12, 9.25017942816326e-12, 7.738486161419767e-12, 9.17162305976718e-13, 2.7382069632648324e-12, 2.804193728678032e-12, 3.4501323169048338e-12, 6.377227847834636e-12, 1.8758508595073607e-12, 5.9902122191737476e-12, 3.719808273136832e-12, 2.796484733665028e-12, 3.608201556087133e-12, 2.833023696160402e-12, 3.879034412265777e-12, 4.605366797265809e-12, 6.768119138642283e-12, 4.3437056546054555e-12, 1.4844111536510446e-11, 4.415938685140583e-12, 1.3831847721026233e-11, 8.905850680026476e-12, 2.1376925621654977e-12, 9.174968744510467e-12, 6.390389040433422e-12, 6.239973740615099e-12, 7.312589557692659e-12, 1.8377318867369847e-11, 5.023717564820105e-12, 1.0415728778701822e-11, 3.1645139504679125e-12, 8.553416365357288e-12, 3.59772148178478e-12, 9.992578167959642e-12, 5.3410275531388246e-12, 5.132962395261373e-12, 3.695778068043793e-12, 7.673281790654829e-12, 3.270632719995346e-12, 4.3692364959372706e-12, 1.880054453535077e-12, 3.802281368642133e-12, 7.472889378547085e-12, 9.304257230150378e-12, 3.7649505934292076e-12, 7.180952581223829e-12, 5.571886115627131e-12, 4.0677963915994635e-12, 1.8221329282117526e-12, 5.01922860714226e-13, 5.7289505783517335e-12, 1.2490331018716796e-11, 3.638672404356747e-12, 1.4650043671355884e-11, 6.378306170351333e-12]","[2.7427343239553444e-12, 8.39665115093031e-13, 7.947961119852259e-13, 1.916827672548179e-12, 2.410342385993194e-12, 2.242412087478141e-12, 1.165683666094024e-12, 3.123391203036528e-12, 9.74806730956515e-13, 1.6284691407998825e-12, 1.528004585167098e-12, 3.1031247887177607e-12, 1.9649558279097744e-12, 2.3149651792653336e-12, 2.204551531854207e-12, 2.347112490147929e-12, 2.9864817336230103e-12, 3.335866360218378e-12, 1.5471730441239627e-12, 7.445731042044297e-13, 2.3073791010416446e-12, 5.565697606284701e-12, 1.0406606715564616e-12, 1.4878382389344817e-12, 4.830200094858831e-13, 4.552984389175546e-13, 9.9070714003344e-13, 1.4355543018073363e-12, 3.359277721893718e-12, 2.3249406491311105e-12, 3.4995124690701035e-12, 4.6012196322112655e-12, 1.6337426606399469e-12, 7.664968922699327e-13, 1.3499153791100706e-12, 1.7618599953025275e-12, 1.2139749627569026e-12, 7.626842157727628e-13, 1.919467113291248e-12, 1.7878949514002484e-12, 1.844456210631802e-12, 3.1044952873862894e-12, 2.831603807862799e-12, 3.058492226730615e-12, 1.2049870767732977e-12, 5.821572251509649e-12, 4.490973199019791e-12, 3.872584313881439e-12, 2.4010892330209896e-12, 1.7590545864302362e-12, 3.7627812943044065e-12, 2.6493234324067976e-12, 4.436999568498515e-12, 2.488855222112965e-12, 5.034400368125278e-12, 1.6214975934899643e-12, 2.2818274162955662e-12, 3.2919202363410474e-12, 2.0036805798962353e-12, 3.019740244409239e-12, 3.4802765126067538e-12, 6.185713155947945e-12, 1.9845289628938426e-12, 4.1153057795970835e-12, 3.697010614338931e-12, 1.9450078334736608e-12, 5.793158381777704e-12, 1.548819988195321e-12, 1.959551881721169e-12, 4.012280911363576e-12, 2.6025546131728265e-12, 2.182754211625597e-12, 1.977055222060912e-12, 4.716349107564912e-12, 1.7932690062557128e-12, 2.2079423217462997e-12, 1.2014012467813902e-12, 3.278821099788111e-12, 3.386197784132309e-12, 1.4704900921623102e-12, 3.4067798743805747e-12, 2.613745002306706e-12, 2.467743250083898e-12, 3.3762350795611956e-12, 3.874278906364635e-12, 6.022282998987335e-12, 4.319747468242768e-12, 3.448928765113993e-12, 3.7354558007454355e-12, 3.1909433432455473e-12, 1.0700247701540418e-12, 1.93597578984626e-12, 2.9216806782286464e-12, 4.281553233098572e-12, 1.7265181158639215e-12, 4.029431598440142e-12, 1.867931482289431e-12, 2.840351351557036e-12, 3.1540437280781037e-12, 2.3428383370121145e-12, 2.4505868675093155e-12, 4.683938021938532e-12, 2.07899232451946e-12, 2.3106268419966956e-12, 2.351335771513853e-12, 3.680865652733824e-12, 1.4584794085131493e-12, 2.4195285907847397e-12, 1.3024408874137621e-12, 3.31588148396458e-12, 2.0748682893187915e-12, 2.4200254559470844e-12, 3.001996423044839e-12, 5.376362034434568e-12, 4.171242155300776e-12, 9.498262681236688e-13, 3.818884746579104e-12, 4.29667304012235e-12, 1.522011267685178e-12, 4.697608182929775e-12, 7.656499560474531e-12, 2.7520057932854766e-12, 3.3321114572275315e-12, 2.101539253166665e-12, 4.703928160380815e-12, 2.010388939776044e-12, 4.185706408648081e-12, 7.461366966238455e-12, 1.3658948739338255e-12, 1.5428313609401835e-12, 8.735543940779298e-13, 1.3290171745348136e-12, 1.7347371975056328e-12, 1.5244250463164688e-12, 2.424197660779211e-12, 4.373490755331385e-12, 3.0005289093426844e-12, 8.661489864332984e-13, 2.7421870366720225e-12, 3.066891736485692e-12, 2.7974975305005838e-12, 3.8695909479425845e-12, 2.293544138531951e-12, 3.137215585424158e-12, 4.419007234819745e-12, 2.2611015823102347e-12, 3.915619917033471e-12, 2.0185048296567275e-12]","[4.255159230518541e-12, 1.0234748922527598e-12, 1.7176025054963025e-12, 6.2633905501557236e-12, 2.9557371044136847e-12, 4.337489548865431e-12, 4.128375387299351e-12, 4.513267775256767e-12, 2.4909782686945142e-12, 3.873797856380909e-12, 4.563412279990596e-12, 5.881168191166732e-12, 6.864096667332601e-12, 5.505413670730355e-12, 8.064425823371064e-12, 2.7301861600548726e-12, 1.7164053407745547e-12, 4.603079802384175e-12, 4.548148684967207e-12, 4.234740975909649e-12, 2.946954067459445e-12, 6.453059926727087e-12, 1.848298183078601e-12, 3.0561256223790557e-12, 7.909608589593102e-13, 1.2811332773377288e-12, 2.314518385509439e-12, 5.453121967037184e-12, 1.2170428435398877e-12, 2.6908672065208407e-12, 3.8985237425368235e-12, 3.781307800906953e-12, 2.544400738306004e-12, 6.552449523552443e-13, 1.6282950928281876e-12, 5.150095143122713e-12, 2.033276447515055e-12, 6.01274481829097e-12, 2.3084314673963205e-12, 4.4522587622524544e-12, 1.9710039254494432e-12, 4.852528790334108e-12, 3.12433330774494e-12, 4.5978497814145725e-12, 1.4762162377954818e-12, 7.286824535183973e-12, 1.1118807325879014e-11, 8.677907283596995e-12, 8.822261741185247e-12, 3.147646003777216e-12, 5.398629068256735e-12, 6.4339781561628685e-12, 4.794932747452282e-12, 2.7513621260706538e-12, 1.3708383751121753e-11, 5.479572008523265e-12, 3.577041959132743e-12, 5.1986254320964465e-12, 3.905597406527544e-12, 1.2961066707354848e-12, 7.0085578702937015e-12, 7.502014292994817e-12, 4.28026730130596e-12, 5.802003557656174e-12, 2.5454051509409916e-12, 5.9329149012866544e-12, 1.01152060585685e-11, 5.476984624334233e-12, 3.526191581848664e-12, 4.562689742598184e-12, 3.659284992881052e-12, 5.7205476510239286e-12, 5.13399882876701e-12, 4.9547384627651335e-12, 9.14649093807666e-12, 3.977751501948558e-12, 2.8921722400603504e-12, 2.932331531469103e-12, 3.5652497208476614e-12, 2.2707099887073942e-12, 3.9654206252217884e-12, 5.821417299026686e-12, 2.026916556865231e-12, 4.169441122715387e-12, 1.0852334168913322e-11, 9.951396384012502e-12, 8.576016408598541e-12, 2.4381739251197034e-12, 8.732438316356294e-12, 5.570808944600021e-12, 5.229155107845709e-12, 2.8832089456156115e-12, 5.902491641898589e-12, 5.162694322359475e-12, 2.757925989182913e-12, 6.4005613669446926e-12, 1.2732124259497554e-12, 3.977274599142999e-12, 5.988067609384366e-12, 5.258170114518025e-12, 6.19953549679092e-12, 4.28672578322418e-12, 2.95438679295845e-12, 5.486888611743064e-12, 5.6155923891580776e-12, 3.213237645668353e-12, 2.5550870351620524e-12, 2.5705998143743067e-12, 4.042813297379507e-12, 6.803252827492799e-12, 2.0331112643258953e-12, 4.4985674106870265e-12, 6.555410118088659e-12, 8.39516411132774e-12, 2.9809331564074966e-12, 2.229130877152094e-12, 8.469172899146613e-12, 8.824895287441697e-12, 1.7957504738849237e-12, 4.228714618666152e-12, 1.3393144551944916e-11, 5.0744262812686405e-12, 4.9124629562196655e-12, 4.5457101811386545e-12, 9.128898186714152e-12, 1.4132336233520091e-12, 4.7217459930479644e-12, 1.2483292956717018e-11, 1.026680076497273e-12, 3.511852814199884e-12, 3.0243993051354276e-12, 1.7660110335752225e-12, 3.717145652661234e-12, 2.2611467949792916e-12, 2.719259160708631e-12, 3.90447821803682e-12, 1.3292988707510916e-11, 1.469625447434247e-12, 1.3412362943614316e-12, 9.613714452340409e-12, 2.940673236473832e-12, 4.449358996298692e-12, 4.070070924441097e-12, 7.677623152812937e-12, 7.938215915469051e-12, 6.8793680042189144e-12, 1.0160732441151932e-11, 7.663329799927567e-12]","[3.596437257704862e-12, 2.1777649024944615e-12, 1.623037045019136e-12, 1.3922726355036763e-12, 4.744614370565058e-12, 3.1822894947000695e-12, 6.192447586868626e-12, 2.4898585313900122e-12, 4.185676490099213e-12, 2.763335369150486e-12, 6.5890535093425434e-12, 3.93704146761625e-12, 4.7571436550555136e-12, 3.2419058721796933e-12, 4.863435363961464e-12, 3.1776549126771054e-12, 5.183679599119963e-12, 5.54415997011427e-12, 4.39046100732954e-12, 2.0720611672192373e-12, 2.5632213864592206e-12, 4.204845171066915e-12, 2.0223631240975597e-12, 2.8177358508997016e-12, 1.327164241435342e-12, 1.0818778616746212e-12, 3.106104587509689e-12, 4.112330246937183e-12, 2.2510473473116774e-12, 1.7230168880318944e-12, 4.698289401789103e-12, 1.3766129836636305e-12, 4.219041043755255e-12, 2.0028688705850056e-12, 2.677326267437769e-12, 2.5678185520301034e-12, 4.5149316544635516e-12, 1.7067260916049178e-12, 3.5518311142149264e-12, 4.160411669608323e-12, 2.9156380120680558e-12, 2.7541132131404503e-12, 1.1251355917935604e-11, 4.266093920171138e-12, 3.139333142364772e-12, 6.787669595756722e-12, 9.292283340424658e-12, 3.2304947567684177e-12, 3.085063900586135e-12, 2.079836854855077e-12, 4.629238191303269e-12, 5.1839146523794995e-12, 4.337815259279393e-12, 2.2651303638221483e-12, 3.9273758064810265e-12, 4.755947289322643e-12, 1.8947651549927863e-12, 4.023349686172082e-12, 1.4404685813192715e-12, 5.265242852491384e-12, 3.83939168497257e-12, 7.037475222741441e-12, 3.229638160105898e-12, 3.0624448121627825e-12, 1.0023995614569937e-11, 3.256134118384058e-12, 1.3614436613421287e-11, 4.384058639494865e-12, 3.1769850813556743e-12, 7.90074651786836e-12, 1.3920287043532294e-12, 3.996968755494589e-12, 1.5759984403152608e-12, 5.636678920908524e-12, 6.8412390575297075e-12, 1.7629888208334295e-12, 1.27171714986417e-12, 9.208080491024596e-12, 6.1089362620029895e-12, 3.747670395083948e-12, 4.509959741822232e-12, 7.64091158947166e-12, 2.5470041054456554e-12, 4.686340566355599e-12, 2.890131628190586e-12, 5.154129844387079e-12, 4.327099061090232e-12, 2.6932984450988153e-12, 7.433393911109502e-12, 7.731430974229869e-12, 3.273255419398142e-12, 2.581774728326282e-12, 5.1305448403295805e-12, 4.701325815421244e-12, 3.1257206030514205e-12, 6.0646805368537295e-12, 1.0546800843451214e-12, 3.487636563277541e-12, 5.448228633394244e-12, 4.513267400968321e-12, 4.24730371666174e-12, 5.503291705045572e-12, 2.194038682968572e-12, 3.4546741870141593e-12, 3.963007026549112e-12, 3.9214950566006094e-12, 3.0402139997056004e-12, 2.3370042709449755e-12, 1.86199319126885e-12, 7.145850228432725e-12, 1.893314893767574e-12, 4.904112432827337e-12, 6.92492905958491e-12, 6.63262864652618e-12, 3.9261038135534765e-12, 2.578100608938297e-12, 7.726347457771183e-12, 6.705996540538629e-12, 3.2720831039234587e-12, 5.684165329797589e-12, 1.5729686196312584e-11, 2.0327900856743234e-12, 4.498425607058981e-12, 5.169367543977759e-12, 7.477886059542599e-12, 1.6933758157866121e-12, 8.556941795605292e-12, 4.727463981178784e-12, 5.968805687751689e-13, 2.060824783351064e-12, 8.107486510542633e-13, 2.3673501108337077e-12, 3.6342850542880565e-12, 1.3016023156442524e-12, 3.2428461603502136e-12, 4.320346108505947e-12, 6.591524886267285e-12, 2.681630162760693e-12, 5.412022719506205e-12, 4.45419054908533e-12, 2.709757602877944e-12, 3.3717561087742217e-12, 1.478177491567831e-12, 2.7462138224405203e-12, 2.5155110508027253e-12, 2.9338245769433263e-12, 8.001905473007516e-12, 4.701220875540989e-12]","[2.442942904526002e-12, 5.03214853749655e-12, 5.1642278445973725e-12, 4.700424854903805e-12, 3.5392741092044935e-12, 4.326395350802351e-12, 5.281342526401842e-12, 2.2486781585605804e-12, 3.027240963370437e-12, 6.0731045364692876e-12, 1.3065821731491837e-11, 8.57971737169971e-12, 7.621662652069618e-12, 7.35307347715176e-12, 2.872586053045376e-12, 4.567680991917908e-12, 1.2826995354122781e-11, 7.839612517316365e-12, 2.8398486792022107e-12, 1.1082018776383448e-11, 4.517169978429194e-12, 4.6917689296179164e-12, 5.359274232056694e-12, 3.9741497971101176e-12, 1.5881662182348863e-12, 3.870536353526851e-12, 7.739414990065017e-12, 3.5071208383480897e-12, 2.0020961438289066e-12, 1.460733366603015e-12, 1.230831306882208e-11, 4.533230740089211e-12, 5.45741451355528e-12, 3.9444583206291564e-12, 5.052091333672193e-12, 3.316546803049111e-12, 3.52908317850114e-12, 2.3168042919621847e-12, 4.881859193998747e-12, 4.951554656843835e-12, 1.196579002866409e-12, 1.4622220729940549e-12, 1.735599489735323e-11, 4.64518814939536e-12, 5.737824743152966e-12, 3.7496185325096e-12, 3.967613712107818e-12, 3.3606072392230243e-12, 1.2001950157968911e-11, 1.6947266721500995e-12, 2.0310271877007234e-12, 1.4059170570956476e-11, 8.63782349096193e-12, 1.805940266740117e-12, 8.761885903071306e-12, 3.2427280078688863e-12, 6.839051722900302e-12, 6.962298790524544e-12, 2.379506231991064e-12, 5.8771160540223984e-12, 4.951655211080702e-12, 5.896052355227668e-12, 4.819687178899268e-12, 4.2302502408293145e-12, 1.025861473633838e-11, 7.554077602575894e-12, 2.2418978515698402e-11, 4.069656872736288e-12, 3.5546576166802275e-12, 9.58534258667183e-12, 5.442773697418873e-12, 6.090461529177626e-12, 4.098144333940869e-12, 4.29916056423328e-12, 5.383682314592491e-12, 1.3923344204173917e-12, 2.013468158514114e-12, 2.004364717066859e-11, 6.560939513465691e-12, 8.957611504522739e-12, 1.0086118588681526e-11, 9.573171296493167e-12, 2.912294911206288e-12, 3.8440293930373075e-12, 1.0693998730477156e-12, 3.993387830935301e-12, 6.2949109913010315e-12, 2.704535111432455e-12, 3.0236436614760245e-11, 4.6062467821304066e-12, 3.598822747417688e-12, 9.906620460539445e-13, 8.072600185406635e-12, 3.879481020099208e-12, 6.519853492394703e-12, 5.978417717016475e-12, 2.9435106250841493e-12, 5.53585619063349e-12, 5.906204102386543e-12, 4.794996795759075e-12, 4.133190039114627e-12, 4.77034844327787e-12, 3.863167677716136e-12, 3.3302392766911677e-12, 3.3824723311467278e-12, 3.355341935581596e-12, 2.291111288163111e-12, 6.449352227429679e-12, 7.651637751538983e-12, 7.285668103390126e-12, 5.1712487633836146e-12, 7.120758255250783e-12, 5.220316429060762e-12, 5.128238659731266e-12, 3.006155358361754e-12, 3.1401114391196964e-12, 5.254644891697781e-12, 6.548536702875283e-12, 5.091567618216696e-12, 4.460600519253253e-12, 7.698945288914237e-12, 2.026171495677808e-12, 3.5018164522007537e-12, 4.7122666657597194e-12, 1.1249225918003234e-11, 5.70384595651247e-12, 8.31652779765524e-12, 6.47665620769218e-12, 1.884015258344746e-12, 5.884616884664428e-12, 6.875385192221932e-12, 1.4502994985114886e-12, 3.8981662755690764e-12, 2.5833471111140902e-12, 7.900860703584737e-12, 4.5383203304139005e-12, 7.481521603858509e-12, 2.253074355481651e-12, 5.246895423655051e-12, 6.936168092545838e-12, 6.647112839735968e-12, 2.3942440898140225e-12, 3.916663113674324e-12, 1.521652423656123e-12, 1.1359021181515735e-11, 6.870416947434117e-12, 1.0896376201237967e-11, 6.11941807577237e-12]","[8.88574844373492e-12, 1.5739863563767129e-12, 7.240200094559008e-12, 1.3217080991601117e-11, 5.2546844026974345e-12, 1.4175861160080228e-11, 8.015613911944677e-12, 1.2299935347437451e-11, 8.922872858676091e-12, 4.957401042968469e-12, 1.3020899991745463e-11, 9.99370860026383e-12, 1.0576341046349498e-11, 9.526725343537992e-12, 7.682314723889171e-12, 4.224179680207554e-12, 1.4373063860523916e-11, 7.31375776385094e-12, 1.693129507936549e-11, 1.0418674591606208e-11, 2.7118693211554562e-12, 1.6037243867701656e-11, 3.300916303211803e-12, 1.1371489421306805e-11, 3.751167504208905e-12, 5.8324870567586975e-12, 2.1769758678085797e-12, 5.032736924716175e-12, 2.816396162609356e-12, 4.275330544802444e-12, 6.767199462871288e-12, 5.489147457418102e-12, 6.505339119916529e-12, 4.415943939372098e-12, 6.560466759163066e-12, 1.3923089701987324e-11, 6.292699792780814e-12, 9.706606516404372e-12, 3.0054441093930883e-12, 1.1524536050227524e-11, 2.3941117389756967e-12, 4.456811574269806e-12, 1.5457373721371475e-11, 6.574030905803576e-12, 1.2863335513947185e-11, 1.0780961353145144e-11, 1.0699756616966692e-11, 4.497314824546308e-12, 7.451501064016992e-12, 3.3358972475288973e-12, 8.015885691861325e-12, 1.320927746062971e-11, 4.277275070149942e-12, 5.681434846983457e-12, 1.760943343015763e-11, 3.724812597334506e-12, 6.996572574506766e-12, 9.240536909925865e-12, 5.082466045807929e-12, 2.7807588546820116e-12, 1.0011316445182735e-11, 6.188383512119709e-12, 4.198406247470042e-12, 6.246181176106209e-12, 7.65392458522011e-12, 6.694847928362929e-12, 1.6360063675427072e-11, 7.365864557878942e-12, 1.837455586200235e-12, 1.2072270836221157e-11, 4.288217664528753e-12, 7.289267193870787e-12, 9.337795477091434e-12, 1.4992049777818853e-11, 1.677734714779446e-11, 5.739188776009231e-12, 4.508297692186305e-12, 5.163228879169238e-12, 4.8670888622726475e-12, 4.829498171434537e-12, 4.4002064723976925e-12, 1.4221534777528254e-11, 6.554689607189027e-12, 6.3318376898439484e-12, 6.753679509284022e-12, 7.126120910686509e-12, 7.201527543144247e-12, 4.4419956706330855e-12, 2.6774432939327847e-12, 6.079649814915926e-12, 4.508607080231186e-12, 1.8135097341400564e-12, 6.927028278037359e-12, 1.0075364919809433e-11, 7.1452754723336865e-12, 4.986268400209893e-12, 2.2695505853795355e-12, 6.660338251315746e-12, 8.635826574479798e-12, 3.813828945819925e-12, 2.4712321570531334e-12, 6.266933427013323e-12, 3.0938598832117707e-12, 6.400528063983202e-12, 7.135705746600464e-12, 8.250178564353447e-12, 2.4220073583800292e-12, 1.0043398963200391e-11, 1.206030652326249e-11, 1.2797960536801984e-11, 6.939545860795192e-12, 4.995978866276441e-12, 1.0165908398711235e-11, 3.805652821173394e-12, 5.650718659355548e-12, 3.115651446638709e-12, 1.3165625071167437e-11, 1.1420135322316911e-11, 2.145087575200453e-12, 7.028833562394244e-12, 5.590694749174437e-12, 2.220109960101e-12, 9.462101878740845e-12, 6.486915397903144e-12, 1.093835943960395e-11, 1.3238977273291369e-11, 8.593557715299663e-12, 1.0139696334383632e-11, 9.26411608942596e-12, 5.166097934430173e-12, 4.242696873360173e-12, 4.0787101385044454e-12, 5.950257400477817e-12, 1.5842577332910313e-12, 1.1285785540358689e-11, 6.559355769837876e-12, 1.2435699173243357e-11, 6.121714973739965e-12, 9.778930537880937e-12, 8.676989021139435e-12, 3.8814927794750134e-12, 1.8634131973374864e-12, 4.779263225499675e-12, 3.151959612408553e-12, 4.889469728030271e-12, 6.749687644822647e-12, 1.3695281473799155e-11, 1.547394453027064e-11]","[9.212939335369935e-12, 3.7180129026085055e-12, 8.993532684947334e-12, 8.908589363730067e-12, 2.0767815294692843e-12, 1.210313586195145e-11, 5.911687736486664e-12, 1.6903696200456318e-11, 6.975450090151915e-12, 4.277710700591978e-12, 1.1918143121904126e-11, 4.7967079303980854e-12, 9.179554985395373e-12, 4.468287484129766e-12, 6.567907271571193e-12, 6.490911955229431e-12, 7.68320293927819e-12, 5.801659720274092e-12, 7.251873373384235e-12, 1.523674037297545e-11, 2.5577528035850445e-12, 1.386935102137917e-11, 2.180526383709946e-12, 1.051230822614618e-11, 3.1178993228990193e-12, 3.4477290553361827e-12, 3.2031086347275306e-12, 6.749677488671038e-12, 3.989001733053983e-12, 2.2494480883010505e-12, 9.117356954539337e-12, 6.817130983730873e-12, 7.425894633654936e-12, 2.7321704280456143e-12, 7.230794745973771e-12, 1.768465725299662e-11, 5.284133033950069e-12, 1.239659861161433e-11, 2.451070529209465e-12, 1.22813604542547e-11, 3.619985958228594e-12, 6.902015484406623e-12, 1.2478384521900983e-11, 5.763525982452346e-12, 9.109527717283765e-12, 1.5348056255699815e-11, 1.035384877234159e-11, 3.9494154476933925e-12, 6.8716656769777604e-12, 3.663719263642176e-12, 8.024955582088258e-12, 1.4128224877486222e-11, 5.216200117432183e-12, 8.094909448863995e-12, 2.4447267146367864e-11, 3.89544868611956e-12, 8.35513767882673e-12, 7.251356692378499e-12, 5.756337783034935e-12, 5.8518187048955296e-12, 1.2386470290717652e-11, 7.489333804436664e-12, 5.2573710341825215e-12, 5.043631487601851e-12, 1.5418302239431702e-11, 8.254127242473917e-12, 1.3294414128109609e-11, 7.617590311390164e-12, 1.215382767807793e-12, 7.610323476584142e-12, 5.9902012047798865e-12, 5.278353910200656e-12, 8.629346502268764e-12, 1.5381586642573245e-11, 1.717744765964121e-11, 7.613602736470088e-12, 6.6281130747214795e-12, 3.0800311932925984e-12, 7.165913605534429e-12, 7.345806134948113e-12, 4.779397222781706e-12, 1.2041657355759743e-11, 7.122583592203119e-12, 7.296817830052811e-12, 1.072433399392894e-11, 1.214244953742335e-11, 1.3317114345875993e-11, 5.973331825077339e-12, 7.665202963577638e-12, 3.051229752137441e-12, 5.175779341291724e-12, 2.4585045276821176e-12, 6.64350903224588e-12, 1.0157776994531397e-11, 1.0160047824771485e-11, 6.4289950019399975e-12, 2.3886282872485625e-12, 6.331745136731994e-12, 6.757134512426225e-12, 6.2813055437096015e-12, 2.2104767014987242e-12, 7.993104370892795e-12, 3.834050378942449e-12, 9.51928507375997e-12, 9.709259663313661e-12, 1.034131681719475e-11, 5.165654134322832e-12, 1.2838185238458984e-11, 1.0025155572044913e-11, 1.4012676583538556e-11, 6.656694622310447e-12, 7.1621832041829485e-12, 1.135940624419374e-11, 7.375729885335246e-12, 7.618416899258298e-12, 2.535288243500483e-12, 1.582242991780677e-11, 1.0064199324709077e-11, 1.971494708328588e-12, 1.1179090325170433e-11, 6.986053945228505e-12, 4.167996166244907e-12, 1.1777115607119278e-11, 4.226958309163796e-12, 6.30558808106275e-12, 1.6711878446288353e-11, 7.588869545716217e-12, 9.759914360760721e-12, 9.759807047709127e-12, 5.357273152758864e-12, 6.0323827885520035e-12, 4.1595046196972925e-12, 5.5675614032470015e-12, 1.1130706530695194e-12, 8.877387982691125e-12, 6.911276111056414e-12, 1.5444170606381418e-11, 6.313166900716891e-12, 1.5271187121379242e-11, 9.719011943432283e-12, 6.170708985371783e-12, 8.229511719072061e-13, 4.154600604167437e-12, 7.007533299031187e-12, 9.526091585003578e-12, 8.825564684402712e-12, 1.8083656207653593e-11, 1.493201425718302e-11]","[9.419027685851209e-12, 3.639077357586949e-12, 9.316774225216734e-12, 9.065667189195031e-12, 1.9655376640344507e-12, 1.1407049223607116e-11, 5.789263877027421e-12, 1.6266448148307322e-11, 7.377133003283733e-12, 3.8638705071149295e-12, 1.1644917414735227e-11, 4.7614393077147585e-12, 8.652776687159285e-12, 4.134641961802029e-12, 6.071055514779394e-12, 6.463285831553867e-12, 7.692486489361645e-12, 5.503335519504902e-12, 7.27731971082878e-12, 1.6474947858376988e-11, 2.5409953594342384e-12, 1.3764638722824303e-11, 2.3818038854326346e-12, 9.826622497802086e-12, 3.199384749946697e-12, 3.147036949524074e-12, 3.0283675080286325e-12, 7.1496712850211995e-12, 4.081987426637336e-12, 2.4510963481507483e-12, 9.296988104168654e-12, 6.2198560548502655e-12, 7.745064829730896e-12, 3.1359829098345965e-12, 7.135894152866545e-12, 1.6580825176525613e-11, 5.3913497820835296e-12, 1.2288873934170656e-11, 2.4970347186564095e-12, 1.2639155228474369e-11, 3.4744942291156186e-12, 6.810329659004273e-12, 1.2412075202170767e-11, 5.731048156827393e-12, 9.730520964142158e-12, 1.5659791670503712e-11, 1.0713640497203411e-11, 4.080229238250156e-12, 6.899528265469691e-12, 3.846663087441555e-12, 8.358204329875969e-12, 1.3742544867452914e-11, 4.81136440458964e-12, 7.816565692303427e-12, 2.5198150906889057e-11, 4.003952670670994e-12, 8.406118487305004e-12, 6.963311549856912e-12, 6.1563684287774764e-12, 5.934674055375607e-12, 1.1855552920258338e-11, 7.784790311208723e-12, 5.323850466509231e-12, 5.936680036640186e-12, 1.4775270713980574e-11, 7.931695539553187e-12, 1.295830354714228e-11, 7.728458530436399e-12, 1.2845557151680324e-12, 7.728647261911598e-12, 5.733007403155864e-12, 5.318964831090869e-12, 9.386038747560213e-12, 1.503865689339707e-11, 1.591775542883745e-11, 7.201127953005734e-12, 6.7549767187001994e-12, 3.4077459620233137e-12, 6.525334776681112e-12, 7.228492619333479e-12, 4.389074263300862e-12, 1.2610588751293395e-11, 6.9245493176030735e-12, 7.035718305191643e-12, 1.1082222961354892e-11, 1.0819315228156309e-11, 1.3545376157877676e-11, 6.047490859845714e-12, 7.773025514775153e-12, 2.8753951247694445e-12, 5.324141901218177e-12, 2.514883244359977e-12, 7.20872630472477e-12, 1.0459974923252876e-11, 9.62992714108304e-12, 6.375783468937706e-12, 2.462156815794105e-12, 6.224178609485873e-12, 6.704263691228537e-12, 6.389089778705195e-12, 2.1818904493526483e-12, 8.03316061303322e-12, 3.4868447048138123e-12, 9.697255474155125e-12, 1.000408245971353e-11, 1.0074323834812086e-11, 5.3479763866585545e-12, 1.231436142854746e-11, 9.177100696770387e-12, 1.4797830846830354e-11, 6.1908552373985216e-12, 6.727088768625306e-12, 1.0403213154693576e-11, 7.186255070923892e-12, 7.398497206406375e-12, 2.6784232417837843e-12, 1.595398689465466e-11, 9.624737729514545e-12, 2.0749107468059213e-12, 1.023914654356714e-11, 7.088196292970181e-12, 4.10181630603065e-12, 1.1211532474803124e-11, 3.904172346988624e-12, 5.61322447646335e-12, 1.653064639916087e-11, 7.475856732989967e-12, 9.615292356735352e-12, 1.0145305806184949e-11, 5.094290216722562e-12, 6.012940380842992e-12, 4.356249640625393e-12, 5.54858238401722e-12, 9.363276149312736e-13, 8.503392026473358e-12, 7.279390920200917e-12, 1.4768616144262713e-11, 6.3576935436659995e-12, 1.6630941058298784e-11, 9.815348292565287e-12, 6.33142456537401e-12, 1.0166076711723155e-12, 3.970507880599828e-12, 7.22028882809273e-12, 1.0330153754841853e-11, 8.749473326519698e-12, 1.7359215394107496e-11, 1.560143181456693e-11]","[5.9314869984735e-12, 5.3782860748594975e-12, 5.6496686552814155e-12, 9.849671498415648e-12, 1.8362276337598645e-12, 7.919390517477792e-12, 1.4996736860985396e-11, 1.6323330098799378e-11, 6.374528377932879e-12, 9.238206325229045e-12, 6.643782276312139e-12, 5.561828324284572e-12, 8.33647680692278e-12, 5.4337909155925154e-12, 1.4712824462352085e-11, 5.053225079321686e-12, 9.513866007551898e-12, 8.593777949863172e-12, 4.537748204070349e-12, 1.4734339122533125e-11, 1.6081088824259682e-12, 6.785744102000553e-12, 3.57051006430528e-12, 7.045508940260385e-12, 5.656682377613257e-12, 2.6668430485736612e-12, 3.6294825912360435e-12, 1.2122764050021704e-11, 5.2694108285457015e-12, 2.096347271853342e-12, 8.617336007422562e-12, 3.892554506753001e-12, 1.3335337579943522e-11, 1.1888166020505943e-12, 5.069397469520131e-12, 5.461843563278069e-12, 2.9977982431441657e-12, 7.47909496291197e-12, 3.954127571935324e-12, 5.57819025274999e-12, 2.3745775210393978e-12, 2.7581072398192943e-12, 5.3099334489936404e-12, 9.670428729747233e-12, 7.375792313115337e-12, 1.7928595831648367e-11, 8.617375590311565e-12, 8.32572790993915e-12, 5.941591646758129e-12, 6.383455082729903e-12, 3.324270016674801e-12, 8.768527882177527e-12, 3.877038233152278e-12, 2.211526013081144e-12, 1.0477105100680474e-11, 6.943342638779789e-12, 4.619889669459919e-12, 7.851941316287542e-12, 8.496255865025082e-12, 2.6991316584811266e-12, 2.1162080347642742e-12, 7.381305988032489e-12, 8.492907617468356e-12, 4.684281017620647e-12, 7.82075189217121e-12, 1.8383756275771284e-11, 8.880986552633346e-12, 1.715991032584278e-11, 3.736488861249072e-12, 1.8998933798250728e-12, 3.3240808036088446e-12, 6.2473929582699645e-12, 5.938946473323317e-12, 6.8426368745869794e-12, 8.459802225785754e-12, 3.46169364185958e-12, 1.1849345768440882e-11, 1.7852103810898952e-12, 2.0818545723457708e-12, 5.188840606557835e-12, 3.639727622188571e-12, 9.76928649953431e-12, 7.248816706659706e-12, 4.5978983858117715e-12, 1.8611881550940876e-11, 7.308021164311986e-12, 1.174595228904122e-11, 4.180033160193144e-12, 1.0038887642748443e-11, 6.7891777619987284e-12, 5.7941591328895674e-12, 3.6023080254161893e-12, 1.0987656480637104e-11, 5.795504500670998e-12, 1.1995049064947083e-11, 9.538558086177227e-12, 1.6942631903405145e-12, 4.1949663787224054e-12, 8.325863310097732e-12, 1.717909799565064e-11, 3.730504706416457e-12, 8.19232448982059e-12, 4.515201442813938e-12, 9.378885792161451e-12, 9.161429811431123e-12, 9.553195352775149e-12, 6.979459014426391e-12, 1.066556080210052e-11, 3.942067201035692e-12, 7.6623288918394e-12, 7.531380819964889e-12, 2.573349257284411e-12, 7.306826147468524e-12, 6.430787775183914e-12, 9.156122910503884e-12, 6.4310046891090434e-12, 1.0636047552160983e-11, 5.847129641280048e-12, 6.6911039559373e-12, 6.842509052800914e-12, 1.3552129554236172e-11, 5.443709133413967e-12, 1.2960374378912923e-11, 3.666653218521681e-12, 8.02285002168276e-12, 2.5791520258223257e-12, 2.9614053460194305e-12, 7.371471127812748e-12, 8.904656827919853e-12, 4.832918208930926e-12, 8.199492792492185e-12, 2.513528506570454e-12, 3.964236429920295e-12, 2.2505853312974566e-12, 6.5031505169240625e-12, 1.1610826446574202e-11, 1.6786389388613142e-11, 7.724088249431759e-12, 6.104027183922703e-12, 1.0841456021236492e-11, 4.433839665539603e-12, 3.0583957670129075e-12, 8.32593701244087e-12, 1.883679996594401e-11, 1.8034783866116918e-11, 1.1729539968507501e-11, 1.6828370200848262e-11, 1.343340914378873e-11]","[3.0505493464932754e-12, 4.088910075140322e-12, 5.2376383396809935e-12, 1.0678283266776943e-11, 8.479533658298311e-13, 3.912872226499839e-12, 6.323222774981555e-12, 2.1260915820549077e-11, 5.677230528033562e-12, 1.0134912843022504e-11, 9.098584745006938e-12, 8.983624270866054e-12, 1.2183296050352123e-11, 2.4907792056929477e-12, 7.691906969593542e-12, 7.537265343476605e-12, 4.858808887834458e-12, 4.44750409672177e-12, 6.260602695088805e-12, 9.326910165484275e-12, 4.075404680601812e-12, 5.991602309621776e-12, 3.7405391322090075e-12, 7.754228634501531e-12, 5.985080091792453e-12, 3.2273702462845187e-12, 3.908094245335656e-12, 1.2787901316546726e-11, 8.215004934691939e-12, 1.849833839596624e-12, 7.873714477139376e-12, 6.623922296537103e-12, 8.6204539831344e-12, 4.47829743712553e-12, 3.052229310620979e-12, 5.566865545348872e-12, 2.2990134138978123e-12, 5.075177740308155e-12, 7.06519878543444e-12, 3.116336871002274e-12, 1.5775485745659805e-12, 3.852473812672021e-12, 5.820128392253847e-12, 6.955228253658034e-12, 7.142946064134491e-12, 1.3646251567253957e-11, 4.116479262114746e-12, 5.903885834724886e-12, 1.7520470553536172e-12, 4.356466886804047e-12, 3.570704243293414e-12, 1.1115016977146061e-11, 5.955864960175616e-12, 6.774525906982912e-12, 9.902085325951715e-12, 4.192051955017859e-12, 4.370197625287607e-12, 3.9931490343609445e-12, 8.79606838110446e-12, 3.253274810200735e-12, 4.056641550355195e-12, 8.327878098743369e-12, 5.996900749400458e-12, 7.037445268266834e-12, 1.4412647830319782e-11, 1.126647711424556e-11, 4.3821819982576205e-12, 1.7486288040476873e-11, 2.4729263161420172e-12, 4.414566572378068e-12, 2.664280981758199e-12, 5.672916021505892e-12, 6.0982327121788285e-12, 3.916167892842972e-12, 5.764024501117463e-12, 3.0585585151730986e-12, 1.144526944489054e-11, 5.5815653911736216e-12, 6.3731469607926605e-12, 4.3520255345783955e-12, 2.738107648946604e-12, 1.1872514055988552e-11, 1.2036365629243436e-12, 4.9067491059319236e-12, 8.828796026031503e-12, 2.3083497918077933e-12, 6.860088518158268e-12, 4.770154456892643e-12, 1.0112616386816637e-11, 6.520149787445158e-12, 5.382812128520697e-12, 9.292166863093256e-12, 1.0058692698617132e-11, 6.456003076807294e-12, 7.067354370601137e-12, 9.377390281627333e-12, 4.833959571471264e-12, 4.302300198175451e-12, 4.067023111506571e-12, 8.125778866798e-12, 2.3049820091263524e-12, 5.7662637041159916e-12, 6.039124824736901e-12, 9.861978273039383e-12, 5.490940558195499e-12, 9.959828668203389e-12, 2.0942494614300867e-12, 1.154419953719169e-11, 3.5122163595428718e-12, 7.703497313254942e-12, 4.981947087952339e-12, 6.674303247096161e-12, 3.15107078515396e-12, 7.147120907029906e-12, 2.0588570364326164e-11, 5.237800958216432e-12, 3.7398785832988074e-12, 6.315289335502866e-12, 1.0864034425093961e-11, 7.430418994321859e-12, 6.5588707668748096e-12, 5.088026426022299e-12, 1.953255325658692e-11, 6.570286449876116e-12, 8.616519361680712e-12, 1.0236315262908388e-11, 1.0731797949023963e-11, 5.4151179356206316e-12, 1.0768937444516314e-11, 6.656869635378882e-12, 6.795443528838127e-12, 5.393818384263718e-12, 3.905101150689372e-12, 2.304832191073874e-12, 7.367469284319222e-12, 1.1959201947412585e-11, 8.07174198528637e-12, 6.177806707073729e-12, 9.067018723142797e-12, 2.9867663531059373e-12, 3.053759106850185e-12, 3.304105202102302e-12, 7.668129609908621e-12, 8.343826203995685e-12, 1.033370861361045e-11, 7.154969456130463e-12, 9.914634543401304e-12, 1.0675098613959573e-11]","[1.6506056112488542e-12, 3.2830061352141736e-12, 2.119765182977552e-12, 4.724370760340485e-12, 3.7043263362896985e-13, 2.3489143913020263e-12, 4.155989709162493e-12, 7.760632937937797e-12, 3.5337091524879022e-12, 7.496773882667297e-12, 5.424840704593635e-12, 4.666613315503549e-12, 8.432631704937466e-12, 3.897362362082446e-12, 1.170119609866536e-11, 3.36085045428446e-12, 6.47243132447775e-12, 3.572546077910414e-12, 5.2571302064210605e-12, 3.2398842454015795e-12, 2.5970696825022137e-12, 3.8859851973327575e-12, 2.9292082855602914e-12, 3.661549455945951e-12, 4.843252566400266e-12, 2.4380413217228174e-12, 2.708469305305708e-12, 6.940486042244726e-12, 3.552750506813477e-12, 1.9619050853001415e-12, 6.3361362496154135e-12, 2.6774523498325547e-12, 4.5912913987411995e-12, 1.2688907804479978e-12, 1.9909321853851528e-12, 3.3551645439634635e-12, 1.2655275235383484e-12, 2.818351788956738e-12, 7.817510872523462e-12, 2.3527267205393206e-12, 4.615003608627446e-12, 4.6687602133273225e-12, 7.089703590854009e-12, 5.277233309300388e-12, 5.61594830167316e-12, 7.00295916877148e-12, 3.6146716305983016e-12, 4.967919866568363e-12, 1.1659614187319792e-12, 3.8419103142651666e-12, 5.098176654590306e-12, 1.3137987507063393e-11, 2.7874115248792916e-12, 3.1065401546323115e-12, 4.275086699262266e-12, 4.126837562122783e-12, 3.4752265542124257e-12, 2.4147363801081983e-12, 6.24370628215777e-12, 2.551882573019765e-12, 3.818427653983561e-12, 7.154919916070101e-12, 4.221387725623061e-12, 5.8879902947572614e-12, 8.887562410863317e-12, 7.442695178816086e-12, 3.860042543911366e-12, 9.309249421302425e-12, 4.639933218086688e-12, 3.27148546046879e-12, 2.9324701174916307e-12, 4.3850912850376515e-12, 2.7810702384850535e-12, 4.372081383823128e-12, 5.632882468017565e-12, 3.122874560445691e-12, 8.638191673120209e-12, 5.3275676340127684e-12, 6.957485624575145e-12, 2.647184359365921e-12, 3.21798257405263e-12, 7.700956432071823e-12, 2.710520767351403e-12, 3.0857043445540595e-12, 7.148816816983226e-12, 4.9772412673535624e-12, 6.7507242264203965e-12, 3.4865894955428137e-12, 5.040617476903461e-12, 2.9609352663861153e-12, 3.1983168430538645e-12, 5.512239005476369e-12, 7.1839657564916825e-12, 4.196131427886678e-12, 8.564311716338299e-12, 4.9388805814472585e-12, 2.0626020713834207e-12, 3.022484625479261e-12, 4.493736709543001e-12, 1.2146229299092185e-11, 2.8845281537817556e-12, 6.349364370456668e-12, 3.2784147989024064e-12, 6.3792673768119135e-12, 2.179620558553039e-12, 7.054111558450263e-12, 2.404293590901777e-12, 4.5909895276469446e-12, 4.466289244362102e-12, 5.00603428831956e-12, 4.352964230646298e-12, 1.3475063785157432e-11, 1.7242446714293572e-12, 6.021284009248658e-12, 1.3001910062015029e-11, 3.2403507055704197e-12, 2.722497370542823e-12, 3.1903885346930984e-12, 7.105433992031481e-12, 3.5275576932897746e-12, 7.613835156280471e-12, 3.689284308598133e-12, 1.338462719660499e-11, 5.6590137605475325e-12, 9.903015016906182e-12, 7.430726294506743e-12, 6.787740132839283e-12, 2.8560094601795348e-12, 6.1803867126407425e-12, 6.806886556147617e-12, 8.189832060826844e-12, 1.4891004843742348e-12, 3.232586709591174e-12, 2.226066858557818e-12, 6.408213940430458e-12, 7.400608781409256e-12, 5.846839351690311e-12, 3.743849089337601e-12, 6.441638727511004e-12, 1.3557861957648337e-12, 2.8684851250652027e-12, 1.6126083205695364e-12, 5.508388878849065e-12, 7.778311845949527e-12, 6.064557481695106e-12, 2.513748455448076e-12, 2.8364613331580217e-12, 4.3116853860339976e-12]","[2.7956879394455653e-12, 1.792671745994298e-12, 1.4759542512939345e-12, 4.103412454982545e-12, 1.462406777349019e-12, 2.8700706329873207e-12, 3.6273115391951272e-12, 4.3944582505648315e-12, 1.9059763077327847e-12, 2.502586742241659e-12, 3.0288638257061253e-12, 3.2024017055708986e-12, 4.684609393022799e-12, 3.911434097379838e-12, 6.837822272801758e-12, 1.6159925723048173e-12, 2.9687988079905677e-12, 3.999126185988413e-12, 1.0712321290734385e-12, 3.0338156782206366e-12, 2.361727169400445e-12, 4.9747100118295745e-12, 1.906624382553136e-12, 1.5844970399340867e-12, 1.4761700321493628e-12, 1.360419898809355e-12, 1.4196252746230776e-12, 2.5372889793373504e-12, 1.5278993671598941e-12, 1.862177389068398e-12, 2.7010115285293403e-12, 1.6070834988125375e-12, 2.484706623641068e-12, 6.577513404145813e-13, 1.0146730259021502e-12, 1.5151107170705305e-12, 1.4535402731847374e-12, 2.8518873788461422e-12, 1.4781752242696734e-12, 2.1859792091422892e-12, 1.067389578538019e-12, 2.0886005714413956e-12, 1.3569790960493561e-12, 2.4884884323602163e-12, 2.527812197304954e-12, 6.242906061362166e-12, 5.64075159061826e-12, 4.714517115327702e-12, 5.211243906152037e-12, 3.5780443361405323e-12, 2.4805202260557803e-12, 3.606700391980121e-12, 2.6275610336480064e-12, 1.0479384474247648e-12, 7.007951403276466e-12, 3.71210037977706e-12, 1.9497347816242856e-12, 3.5813869029736987e-12, 3.697263790653522e-12, 1.4468587667084436e-12, 2.6581003489793233e-12, 3.3684687921152956e-12, 4.125594080681336e-12, 1.99076166769119e-12, 1.986741791294799e-12, 5.993169976154249e-12, 4.842297989535897e-12, 5.40246565792777e-12, 1.9901641362994253e-12, 2.2966407324879784e-12, 2.4117863518484818e-12, 3.128852511695482e-12, 3.638792293411671e-12, 3.0753850894885675e-12, 5.095893615355976e-12, 8.916138269777522e-13, 3.4053353143271097e-12, 3.3314341149535643e-12, 9.997952300004388e-13, 2.503798019197661e-12, 3.570296767480561e-12, 2.8244345507631986e-12, 2.3180928957303626e-12, 2.290166671000742e-12, 8.230465010341028e-12, 5.886781443337812e-12, 5.911990397017477e-12, 2.8690838953383586e-12, 7.209129907211426e-12, 4.030107596053653e-12, 2.4936004354872967e-12, 1.2721895458208772e-12, 2.615698779833331e-12, 3.4497917957481784e-12, 2.743824436400885e-12, 3.605692037075784e-12, 1.2147488411560945e-12, 2.4519773459705507e-12, 3.3431638868868967e-12, 5.138432102095708e-12, 3.0866746893663393e-12, 2.6490718573097696e-12, 1.815615989372074e-12, 3.0028040006347044e-12, 2.4199586921089278e-12, 4.054209600248743e-12, 2.2488294429494327e-12, 1.9498018366140394e-12, 2.772790392110494e-12, 3.202373100708312e-12, 2.055189475281628e-12, 2.5494368320852974e-12, 4.007117363461813e-12, 5.140769634895942e-12, 1.6916336698551242e-12, 2.4077215880647635e-12, 6.07936325841189e-12, 5.206150925038101e-12, 2.1904782497508086e-12, 3.1127800537246392e-12, 7.205004249273889e-12, 4.977602269346109e-12, 2.9691387997848374e-12, 1.4706324572669008e-12, 5.9559020829025355e-12, 9.288254060330725e-13, 2.6861016935025377e-12, 6.6465185373397166e-12, 1.1334148558026741e-12, 2.100302365373913e-12, 2.5233565556096807e-12, 1.3005940288648937e-12, 2.3468784733408636e-12, 1.8019124403529216e-12, 3.322678870604584e-12, 3.5401652051703178e-12, 8.166662705737267e-12, 1.7689698844077485e-12, 1.542526661631133e-12, 7.212672458389064e-12, 2.2412804545307402e-12, 2.505244156135972e-12, 3.6335498178634446e-12, 7.43803554811354e-12, 8.457707197325667e-12, 4.8204515851380304e-12, 8.63788511249594e-12, 4.764483906786952e-12]","[2.5596763315117368e-12, 2.0300281919286844e-12, 2.1805231382936025e-12, 6.524035034648087e-12, 1.0455332221203592e-12, 5.423007014582263e-12, 3.0019925844863327e-12, 5.710653981717975e-12, 2.2660878069625307e-12, 2.828502803228586e-12, 2.8446939841560016e-12, 8.419721695094975e-12, 2.6997632812294274e-12, 1.9635987019310094e-12, 2.3025142852696187e-12, 1.3240215134992739e-12, 2.651572325671329e-12, 3.0836643799869e-12, 4.4587944981052875e-12, 3.94145030619578e-12, 2.932777464790527e-12, 6.484737670871331e-12, 1.5252565555008932e-12, 2.5780753355030777e-12, 2.6066358859153594e-12, 2.2871480124514743e-12, 5.3439251581393185e-12, 3.307926411256476e-12, 2.6028947126896848e-12, 1.2850439428006293e-12, 9.944649798288926e-12, 5.032599625711538e-12, 4.6141495791985735e-12, 3.2011852597134e-12, 4.1130905720939914e-12, 6.01981326133698e-12, 2.755948450425202e-12, 3.61260194033928e-12, 2.4857960292600766e-12, 3.076512655123323e-12, 1.3917207495800894e-12, 6.200381799289579e-12, 2.6353738293400067e-12, 3.3642910946240193e-12, 4.409840200052631e-12, 3.105192695797015e-12, 2.9954241408368883e-12, 4.588392497001315e-12, 4.249292896409406e-12, 1.8115572507186905e-12, 5.176148861995593e-12, 4.905970772828774e-12, 5.04115428588666e-12, 4.0462684067950555e-12, 1.2879323607235267e-11, 5.367175372761357e-12, 2.609999823439875e-12, 3.975935195347124e-12, 3.2404605342630387e-12, 3.4418838031630272e-12, 4.844675048945329e-12, 4.179810667725601e-12, 1.9057108073397388e-12, 5.2516282640741155e-12, 7.581312946313529e-12, 1.5639703031172609e-12, 3.799477977546703e-12, 5.128416581604807e-12, 3.1706444833710646e-12, 4.457432432319765e-12, 2.015788728174353e-12, 2.8548211272828957e-12, 4.2040728896149004e-12, 3.483914400695722e-12, 2.974589080960726e-12, 2.7053538575081e-12, 5.802881094655608e-12, 9.708163085507557e-12, 2.8794686939223528e-12, 2.7307289740187185e-12, 2.127457801483687e-12, 6.801559040925572e-12, 6.089148825903785e-12, 3.0809600701903073e-12, 5.4422674680614924e-12, 9.405029874500361e-12, 5.977246557481576e-12, 3.2177734634561876e-12, 1.0133162484275122e-11, 8.424039244806145e-12, 2.6489615737316116e-12, 1.4636262623561978e-12, 6.009593496707116e-12, 3.110236601102785e-12, 3.641183906258792e-12, 6.222839332978818e-12, 2.9294962697425707e-12, 4.139654679273523e-12, 3.4489159733899454e-12, 3.3552981627226075e-12, 5.382637965420434e-12, 3.2610292282865766e-12, 4.600064507763802e-12, 3.751535745307945e-12, 4.1222071533550095e-12, 4.645828037388378e-12, 2.526819822448661e-12, 6.713174597120021e-12, 2.7152299618805757e-12, 1.032142958226528e-12, 6.37155098596674e-12, 2.071179129432339e-12, 4.880261656303731e-12, 1.5975149014061516e-12, 4.046284769244363e-12, 1.3051168055557248e-12, 2.224260517076288e-12, 1.1869935489093176e-11, 1.4989134318621832e-12, 3.2177087105853023e-12, 5.063961749522445e-12, 5.280942057887311e-12, 4.871424194804437e-12, 2.9629539285163103e-12, 3.536358306008781e-12, 4.612056974934472e-12, 4.029615529350113e-12, 5.3095533949695185e-12, 4.2071030010973325e-12, 3.3080110745067604e-12, 3.849116922075513e-12, 1.5145782077867055e-12, 1.0352663474965874e-12, 2.9754027256464356e-12, 3.881572811657099e-12, 5.140531616636132e-12, 3.560169735698433e-12, 3.6183914687357175e-12, 1.4689363615128281e-12, 1.8759003573894313e-12, 6.476734315270595e-12, 1.4022068752745237e-12, 4.171050596855238e-12, 1.5686782483832855e-12, 4.503848280792158e-12, 3.8394884925924265e-12, 3.835082455267711e-12, 3.918858544380729e-12]","[1.5989923307548857e-12, 9.52092772971422e-13, 1.2826147913849176e-12, 1.061313089785172e-12, 5.821262975646427e-13, 1.7338690327129455e-12, 8.704723523874596e-13, 1.870128250317172e-12, 1.6829534246780882e-12, 2.6289299703478366e-12, 2.067931945814228e-12, 5.472255633245101e-13, 2.8234319387738494e-12, 9.315339497297367e-13, 3.93803266290579e-12, 2.034585805958742e-12, 2.848281781973952e-12, 1.877958125763305e-12, 2.3838398772551064e-12, 2.6332662788962622e-12, 2.2571742625095915e-12, 2.1109778861469982e-12, 1.0352568178548643e-12, 2.1171433181551324e-12, 2.0028792921956075e-12, 6.473081621087888e-13, 1.030999411756444e-12, 4.770607945655561e-13, 7.38963206463351e-13, 2.0045688409091622e-12, 3.869906419588104e-12, 1.6915117218461436e-12, 1.0068458345828501e-12, 9.026918555851978e-13, 1.1612140215945341e-12, 9.036268830510514e-13, 1.6091834275695447e-12, 6.26516301722634e-13, 1.360448903632073e-12, 2.5474211866126545e-12, 6.854810460062711e-13, 6.820621033383e-13, 5.620126034123594e-12, 1.7820345498273269e-12, 1.7427342392087793e-12, 2.2794345524267673e-12, 1.5033951554198522e-12, 1.7286492117886205e-12, 1.58730671244627e-12, 2.4366956733212384e-12, 4.771377784977815e-12, 5.279214323146494e-12, 1.451592066545799e-12, 1.5054561547891067e-12, 3.5978894206120207e-12, 2.5962123621139696e-12, 2.0785981525459684e-12, 1.4951416590747083e-12, 1.705964529767098e-12, 1.6573959466953475e-12, 1.023214717002165e-12, 3.7024721166875325e-12, 2.4100921225172387e-12, 3.3107882571443602e-12, 2.8819876276957907e-12, 2.0537485582506013e-12, 2.182305632214242e-12, 2.5741869921402048e-12, 1.5659464461358407e-12, 1.3035974727852148e-12, 1.3278796040666535e-12, 1.86986664586444e-12, 9.044988830838509e-13, 2.769776864572148e-12, 3.5543152723272076e-12, 1.080368801063773e-12, 2.413869419570778e-12, 6.424906189665765e-12, 4.14814241374329e-12, 2.385136107062252e-12, 2.4472344723122774e-12, 2.933183145438372e-12, 3.5512573743510595e-12, 2.055671728325131e-12, 3.0475243880070747e-12, 2.2468851248391533e-12, 3.697192822708974e-12, 2.007663519174058e-12, 3.953258472223417e-12, 3.790220206170014e-12, 1.1704105829647117e-12, 1.0608183581513875e-12, 2.6700425507247686e-12, 1.2710211672379498e-12, 2.6989368096791126e-12, 1.2837741795510804e-12, 1.8495833096538583e-12, 1.3066712287038745e-12, 1.603747275323757e-12, 2.5457020975657298e-12, 1.8431836858637967e-12, 4.740731607039754e-13, 4.929102813881059e-13, 2.556887509674548e-12, 1.8163204316193044e-12, 3.228281087642565e-12, 7.884311304107623e-13, 3.118889703321574e-13, 1.88084705200921e-12, 2.98191237105229e-12, 1.509777901154281e-12, 5.660695406869128e-12, 9.354983797160203e-13, 2.167308646493429e-12, 2.779817388215043e-12, 1.94209990538985e-12, 1.85988426716943e-12, 2.5616256626812985e-12, 2.3096697271389784e-12, 1.923943318125885e-12, 3.305314965824766e-12, 1.8845483468911385e-12, 3.969947330385521e-12, 2.071554727355878e-12, 3.881227835409361e-12, 1.8484990865486154e-12, 1.91727420835496e-12, 8.992906082284423e-13, 1.7930720529757054e-12, 2.198810351288714e-12, 2.533957120429777e-12, 1.2550536821978937e-12, 1.6360262421062044e-12, 1.314389012533311e-12, 3.3318395170640468e-12, 2.9496518215572576e-12, 1.9266757957003592e-12, 1.9451760635545007e-12, 2.413471388862015e-12, 1.854662807289925e-12, 1.4236577102785888e-12, 7.34778047709818e-13, 1.2212256962347419e-12, 2.9727475942832494e-12, 3.412660055413804e-12, 8.209147401978623e-13, 1.7290272492904729e-12, 1.463335443540632e-12]","[2.6367865642410468e-11, 5.1485491584518365e-12, 1.5854320773269504e-12, 4.961554728183426e-12, 1.5440642651890824e-12, 1.8019064422168318e-12, 1.0306891222709234e-12, 4.436791766367246e-12, 4.47214413777844e-12, 3.722089878946739e-12, 5.4533322968447566e-12, 1.3096554937140187e-11, 1.608439399958374e-11, 1.0813360110294064e-11, 2.0823565635832533e-11, 1.009909360266114e-11, 7.039115478056829e-12, 3.883527783061025e-12, 6.944289868407667e-12, 2.6023009569833238e-12, 4.399554185463748e-12, 2.1176938186025535e-12, 2.662330546561384e-12, 5.697527450159499e-12, 1.897967608863125e-12, 6.555535957840244e-13, 2.501828985466123e-12, 4.5273268611926706e-12, 2.694987779410654e-12, 1.832492409496445e-12, 4.636593045983661e-12, 3.991665577332153e-12, 3.2760920396700982e-12, 2.7604079595197018e-12, 3.1001973639270006e-12, 3.681042219869566e-12, 3.439570166641889e-12, 8.85726274799381e-12, 1.56935076086811e-11, 6.028483094090225e-12, 2.7043125589894767e-12, 1.7298897343392222e-11, 2.7041194755335222e-11, 2.1845504278616354e-11, 1.3002679698100266e-11, 2.3834114702615323e-11, 2.098715345523372e-11, 1.9327952180937684e-11, 1.1393192002112758e-11, 1.868809615812224e-11, 3.128697125630866e-11, 2.621986534704184e-11, 6.008349825893658e-12, 4.441102930617709e-12, 2.0272350131126103e-11, 3.809821625315115e-12, 6.786573466938025e-12, 6.910494824736672e-12, 9.571731416490308e-12, 4.5609383302134056e-12, 1.5901528009716423e-11, 2.5429725658868095e-11, 5.032781905546451e-12, 1.7658880522325763e-11, 2.6051507764610352e-11, 7.74351508633471e-12, 2.8252263185361524e-11, 1.6525063442575135e-11, 2.0967532845528978e-11, 8.479297154560739e-12, 1.071173533042017e-11, 1.1487962576702906e-11, 9.858765008670875e-12, 9.640810363469031e-12, 1.764855916593488e-11, 4.41436770103982e-12, 1.5292986563978748e-11, 1.081047851541283e-11, 3.136363244575197e-11, 6.300116587448231e-12, 1.080172048165121e-11, 1.702651807656435e-11, 9.03961737363586e-12, 5.087584606988713e-12, 1.384857633464967e-11, 3.1244402511320114e-11, 1.9359522066238753e-11, 7.582230947648274e-12, 8.397009288476066e-12, 7.169817888757865e-12, 8.188943242456606e-12, 3.4666659685194966e-12, 8.798272098225942e-12, 2.5686523342882672e-11, 1.5482224485192468e-11, 1.9655218191817082e-11, 2.5048722739668346e-12, 7.213458206032376e-12, 3.5912163735059443e-11, 3.0474911686845406e-11, 1.2163546168854348e-11, 1.2054096640656715e-11, 6.080033174726505e-12, 1.7012437679467147e-11, 1.630623716638561e-12, 1.9987414855951383e-11, 2.0717147184535607e-12, 5.416026528495366e-12, 1.2501415437719782e-11, 3.5161961159034925e-12, 6.692245829052277e-12, 3.8877103739386913e-11, 3.5641579046840423e-12, 3.053886285504661e-11, 2.526242421672243e-11, 2.0123630372557647e-12, 1.658928440207289e-11, 9.782006887598292e-12, 7.802463887069066e-12, 2.213897653210993e-11, 4.132033283033708e-11, 1.956532463209119e-11, 3.1044288784889553e-11, 1.1690057833510768e-11, 2.4349642484804546e-11, 8.539296169435377e-12, 2.4023713401341722e-11, 1.2896560033748893e-11, 1.8925620414711968e-11, 1.761195595917891e-11, 1.7636557312767022e-11, 1.0190919078729921e-12, 1.952986894543091e-11, 5.389498899506249e-12, 1.9963585372319102e-11, 1.7475758162292734e-11, 7.24316297407e-12, 3.337058024656812e-12, 9.687583080291217e-12, 5.617309421148907e-12, 1.5177813228591208e-11, 1.5752983965985213e-11, 1.040131540502689e-11, 1.758982194113547e-11, 9.005328778650504e-12, 1.2844155343579284e-11, 8.978087731755897e-12, 1.29947223136229e-11]","[2.437715926208599e-11, 1.1534494058630322e-11, 5.442186405217011e-12, 6.8149753082135745e-12, 2.7331930792166228e-12, 7.710327361919763e-12, 1.9724919235516985e-12, 5.648816330449571e-12, 4.252806333412149e-12, 5.427937783016792e-12, 7.763195596498309e-12, 9.759498651788552e-12, 9.860609178031256e-12, 9.780357043483817e-12, 2.2162318824658518e-11, 1.430422574007799e-11, 1.9882650888789256e-11, 1.4123276006747136e-11, 1.5797345307979788e-11, 7.280953982936314e-12, 7.024710561727247e-12, 4.887704952586139e-12, 2.6291200160967296e-12, 7.941354220516635e-12, 1.096470652966448e-12, 1.985348354840027e-12, 4.857233345932143e-12, 8.52770359931475e-12, 4.283613239497109e-12, 5.0372362819247735e-12, 1.3279314274679266e-11, 8.500503232362074e-12, 1.1340869245322181e-11, 5.481211525143733e-12, 8.98141580721225e-12, 3.4938529469528615e-12, 5.814753484519975e-12, 8.476068780761117e-12, 9.816914696750385e-12, 1.0831331277649649e-11, 9.171727825003962e-12, 7.384819966965746e-12, 1.8905366642178776e-11, 2.308144507116196e-11, 1.513101983856392e-11, 3.582615375364821e-11, 1.8748667795977385e-11, 1.2056467699294756e-11, 1.4619657462014092e-11, 1.4076616140770945e-11, 2.267205943708823e-11, 1.7791800893419277e-11, 1.0996609151585123e-11, 1.4616516558504716e-11, 1.461198198065149e-11, 3.1785289232106278e-12, 4.6975127380797355e-12, 1.6360852353375677e-11, 5.333173598735757e-12, 6.618554316879409e-12, 8.586114858820168e-12, 1.7315801540560683e-11, 6.395281387167052e-12, 1.4841533862480516e-11, 1.781483672854128e-11, 8.840656583052004e-12, 2.2370840304932785e-11, 9.953981774626711e-12, 1.3249132795793691e-11, 3.3531587005287957e-12, 7.483295907187861e-12, 1.89238661685229e-11, 7.206582506632205e-12, 1.156248189974985e-11, 1.249172419945583e-11, 3.220693375493576e-12, 6.794342239657051e-12, 7.818903982987046e-12, 1.996222369910027e-11, 1.0209366757943817e-11, 1.0852392076194855e-11, 1.0287168880387392e-11, 1.0782431048110593e-11, 8.995646120105284e-12, 1.3995016270553713e-11, 3.4423102537557263e-11, 1.9130313166660572e-11, 7.177632020397611e-12, 2.1758621124779733e-11, 8.035058801651092e-12, 4.821743757114522e-12, 3.5873954453846117e-12, 9.35278054432651e-12, 2.899845749406873e-11, 7.681044783202978e-12, 1.1653286791937568e-11, 2.763834835855032e-12, 3.6373961795586926e-12, 1.7765197386939856e-11, 1.6347472419038714e-11, 5.466027731917808e-12, 7.719888384103206e-12, 8.94587878976365e-12, 1.52266933568636e-11, 6.4907084886504134e-12, 1.8587824821321897e-11, 4.553248548563872e-12, 7.865749256262303e-12, 1.9217057989397455e-11, 4.430024975786216e-12, 6.703928958954737e-12, 3.0958378609518396e-11, 7.907033803238629e-12, 3.0054355435067336e-11, 2.5923709633671403e-11, 4.548620744511546e-12, 2.6482360100632975e-11, 1.0251869385072914e-11, 7.785885716085097e-12, 1.8340664734206898e-11, 3.1809425644928156e-11, 1.5268303110630763e-11, 1.971213146469075e-11, 8.783720337183058e-12, 1.905140317187721e-11, 7.088265262699244e-12, 2.210751042794655e-11, 2.2191774540103794e-11, 1.1765951466675506e-11, 6.751954990530464e-12, 1.0092592353887648e-11, 1.3956444969762807e-12, 1.1644646108325088e-11, 2.3602948796481248e-12, 1.804310315412756e-11, 9.907656220818353e-12, 1.7253824711007874e-11, 1.5434251463628255e-11, 1.711583356677935e-11, 1.3884180115835824e-11, 1.0974006296606987e-11, 8.379189308610323e-12, 6.8068160049659004e-12, 1.4395673927094826e-11, 1.1837320320434845e-11, 1.4406230191968623e-11, 7.093671076191002e-12, 9.136502228073977e-12]","[1.8782940694212873e-11, 4.504481015768637e-12, 1.4156394588605577e-12, 1.807626391976225e-12, 1.7877746110107532e-12, 1.5659110248606878e-12, 1.3259252571720397e-12, 1.0668191553168956e-12, 3.0223259235091307e-12, 4.40038865088056e-12, 4.484836233550026e-12, 7.037603573156262e-12, 6.855037623735459e-12, 5.362346677357321e-12, 1.088243079247539e-11, 7.280496066040318e-12, 8.640727668033449e-12, 3.5172262713182666e-12, 5.730049525296793e-12, 3.2497297147798935e-12, 3.2275981277510163e-12, 1.8731301763957572e-12, 2.6115866730896872e-12, 4.8404487597014135e-12, 1.3620197233221927e-12, 7.392438754994644e-13, 1.8427865297526713e-12, 3.3996065572277906e-12, 1.2616360353972354e-12, 2.773648343934889e-12, 3.041038912915215e-12, 2.9678259178112673e-12, 4.112155319139869e-12, 1.9392961556020595e-12, 4.848420951896406e-12, 2.024298337790905e-12, 2.6614314016530836e-12, 6.410225140222314e-12, 6.514548468849374e-12, 7.142271455967582e-12, 1.86608658632043e-12, 5.950925513974424e-12, 1.810335639352183e-11, 1.3192509033785592e-11, 5.57461085091198e-12, 2.1100333095631354e-11, 1.2924436791882025e-11, 9.19700139529922e-12, 6.44148572433861e-12, 1.0984338926537215e-11, 1.8236733958160482e-11, 1.3710957097107708e-11, 3.230350182113375e-12, 3.86214054990678e-12, 8.327268523244315e-12, 4.207239016618352e-12, 2.9850329882201067e-12, 9.477470700289195e-12, 4.559953247283348e-12, 4.303499746288847e-12, 7.484937344660103e-12, 1.911208150187805e-11, 3.3703375239728692e-12, 1.2022334952946482e-11, 1.3737824499999377e-11, 3.2626931648383357e-12, 2.0943078022989466e-11, 8.488162181124215e-12, 1.0684925483396754e-11, 4.967912743603104e-12, 5.4053785654539845e-12, 1.0767544648980984e-11, 3.4639702126182953e-12, 7.250086590232647e-12, 1.3486546293805555e-11, 2.502738784208024e-12, 7.260315978546742e-12, 8.816794978736606e-12, 1.8535885056623173e-11, 5.117895118398126e-12, 7.666002140847261e-12, 1.1490423916591309e-11, 6.351917676927338e-12, 4.200766351714399e-12, 8.484626063095606e-12, 2.0355394029986252e-11, 1.2907052173757952e-11, 2.742322759362231e-12, 7.0263024396766255e-12, 4.127624546948562e-12, 3.925067503659789e-12, 1.5412424785066293e-12, 5.712142817708034e-12, 1.322806593259411e-11, 8.324214386944515e-12, 1.1078223722127876e-11, 1.5841427107588762e-12, 4.4273464609636385e-12, 1.9868077939453042e-11, 1.5673804884318218e-11, 5.625360297526981e-12, 2.4311459711096964e-12, 4.022164230408801e-12, 1.1509869874450433e-11, 3.376845653417704e-12, 1.1093208976980824e-11, 1.5807838369671788e-12, 1.420589028503282e-12, 7.538919964422997e-12, 3.64851718892062e-12, 2.2675289248624723e-12, 1.8430668843540406e-11, 4.208530262426897e-12, 1.669076325702241e-11, 1.3819356112512076e-11, 2.6492003600449965e-12, 1.3663990135000924e-11, 4.886408147555964e-12, 7.28367264631547e-12, 1.2334510590582819e-11, 2.605337415314617e-11, 9.30649213497361e-12, 1.6278607469283095e-11, 7.848576250388298e-12, 1.675187835231742e-11, 5.566181855954089e-12, 1.3669850258966318e-11, 9.457519917098161e-12, 8.743660315562613e-12, 6.5133908656265126e-12, 9.867356517350297e-12, 1.4662506619836169e-12, 1.1203383120700685e-11, 3.581978385955437e-12, 1.131464150559692e-11, 1.0681363699067402e-11, 6.8249508131420505e-12, 4.006913172338333e-12, 7.935907555948128e-12, 6.905021019384234e-12, 9.058361039383813e-12, 7.787861836305062e-12, 4.974239000645806e-12, 1.3951353696335666e-11, 4.918459174966302e-12, 4.714670485980465e-12, 4.375601629405589e-12, 8.741092906697374e-12]","[1.822822625253118e-12, 1.3093475719855956e-12, 1.2433772115264172e-12, 3.1357316783670623e-12, 1.5587282483717353e-12, 2.6690556963134696e-12, 1.998257846784236e-12, 1.729901244055629e-12, 1.7994525891130125e-12, 1.7415353991803196e-12, 2.0532368828265403e-12, 2.9549238097865583e-12, 2.601248190560842e-12, 1.0056493109044927e-12, 1.4469640217189526e-12, 1.4159256872240342e-12, 9.170933366357524e-13, 2.615865197282224e-12, 2.1755430843169634e-12, 3.666311820620354e-12, 1.3098870380574924e-12, 2.8340863088949914e-12, 1.2134908450900215e-12, 1.554660554254205e-12, 9.952840357312973e-13, 1.0208933338987642e-12, 2.137506570954619e-12, 1.535219120107809e-12, 1.045987646651309e-12, 1.1225983370594303e-12, 7.293309619915986e-12, 2.1080757456149233e-12, 1.9107696123365435e-12, 1.9173084090862106e-12, 2.3148985272470468e-12, 2.8504348551691437e-12, 1.6523388114897945e-12, 1.6240141063451153e-12, 1.129759533770356e-12, 3.037714205441973e-12, 5.833627438910034e-13, 1.5237288336368975e-12, 3.6183474440153923e-12, 1.863966084467759e-12, 2.564904188644543e-12, 2.394314499508837e-12, 1.7916636961663616e-12, 2.155770598115478e-12, 2.8197198763055983e-12, 8.346452384107218e-13, 5.588391746865895e-12, 2.603324804986508e-12, 2.7049522147085704e-12, 2.165395388485012e-12, 8.441079746643571e-12, 2.8533374141717633e-12, 2.0631115354097786e-12, 2.2744410474121064e-12, 1.6145681014271737e-12, 1.9705189269154673e-12, 1.9001780267828094e-12, 2.8511332987289207e-12, 2.3045871491959053e-12, 2.834119201255689e-12, 2.636601760666391e-12, 2.0027816106811314e-12, 2.212871380753965e-12, 2.9074963573907338e-12, 1.085822935853992e-12, 2.2108544285443786e-12, 1.984961810729622e-12, 1.4442034175691474e-12, 2.4856085046830017e-12, 3.14069725862913e-12, 8.232848800987667e-13, 1.1784056457879763e-12, 2.8355935715143115e-12, 9.237985891781252e-12, 1.587802873519021e-12, 2.3617146728145362e-12, 2.6721483124310563e-12, 3.589013568136821e-12, 4.552346374077407e-12, 2.888571001880228e-12, 1.8742195906890085e-12, 3.697062126185685e-12, 4.232890296452742e-12, 1.9562552847534838e-12, 5.8266593968601256e-12, 6.167072654766275e-12, 1.5589942799385785e-12, 8.421399610568056e-13, 2.958205951544381e-12, 1.4368427369654116e-12, 2.029549031029346e-12, 3.315362143476169e-12, 2.2412532677462216e-12, 2.314291258262393e-12, 1.209268663488596e-12, 1.6749980857784458e-12, 2.0639102495320096e-12, 1.9602656147882748e-12, 1.580738422815256e-12, 2.3319465442125997e-12, 3.40674079542075e-12, 2.434823925079534e-12, 6.236895203430246e-13, 2.7298748092158675e-12, 1.3527284534563465e-12, 2.153995516239093e-12, 3.895431236519302e-12, 2.316955579130777e-12, 2.8606067700138668e-12, 1.7691194318653302e-12, 1.4348208941828007e-12, 1.7866091309662259e-12, 2.584821179757047e-12, 6.16701630157053e-12, 8.809578966024892e-13, 1.3024652183466461e-12, 4.123740119304982e-12, 1.3464505532395455e-12, 4.3564252478829325e-12, 1.5111321021825949e-12, 2.7152263515234198e-12, 2.3185802912872692e-12, 1.9955491417085708e-12, 2.6039256879609425e-12, 1.6541174633585474e-12, 1.7959342933141886e-12, 2.2543071899758912e-12, 1.344880729629123e-12, 1.4271717266874332e-12, 2.6378911830150736e-12, 2.221145505673177e-12, 3.3718521413121548e-12, 2.0147937038769497e-12, 1.8857791371013502e-12, 1.3809531214884916e-12, 2.5938536639900625e-12, 3.5698306813800355e-12, 1.3091429297362794e-12, 1.1831095358994376e-12, 1.0165875385447257e-12, 4.109064865143019e-12, 3.3094902853795956e-12, 1.3656981726491988e-12, 2.1555414650322902e-12]","[3.1268151905592324e-12, 2.307601762792355e-12, 2.6738867305450143e-12, 3.3956005697034213e-12, 3.4165967612981073e-12, 2.139098771737942e-12, 4.6562623087877026e-12, 3.4122864588620756e-12, 2.8615073405085735e-12, 1.9082993816141393e-12, 1.9928611354472817e-12, 4.523928668781143e-12, 3.32106713073444e-12, 1.5345238407139238e-12, 3.3759957098870585e-12, 2.28683229707867e-12, 2.2526174024897642e-12, 3.934426018456658e-12, 2.982311477155941e-12, 4.080292516557573e-12, 9.570241017717177e-13, 3.248544029601031e-12, 2.6791576237766684e-12, 2.1023135124286098e-12, 1.0996172924044681e-12, 1.4309400464739324e-12, 3.8783772651185714e-12, 3.864478571793605e-12, 1.1592636268601783e-12, 1.8481510504884636e-12, 1.1955623351567359e-11, 2.5418802933100684e-12, 4.364681122275052e-12, 2.1896358537276034e-12, 3.0222878049977368e-12, 4.493472107613369e-12, 2.820110164307967e-12, 3.1223905949247505e-12, 2.250672090604061e-12, 3.6448786640963816e-12, 1.6391495617551106e-12, 3.269026486548443e-12, 4.0766960864109e-12, 4.885144414253776e-12, 3.3680831894351625e-12, 6.36118131479793e-12, 3.659355143456659e-12, 5.544103856739386e-12, 2.953696487957356e-12, 1.7893256476520619e-12, 5.405900143983531e-12, 4.08674783960203e-12, 4.047411542134813e-12, 1.8979928567185375e-12, 8.713377751730647e-12, 3.920067192926256e-12, 2.4736376787058865e-12, 4.84923269996895e-12, 2.6104153048603943e-12, 3.5417333319956688e-12, 3.027243546231533e-12, 3.072600022599096e-12, 2.5746681965454374e-12, 4.4605738933694164e-12, 3.3754012946599484e-12, 2.051596049217155e-12, 6.077210605942718e-12, 5.099668886784846e-12, 2.165280756350717e-12, 3.673484125740094e-12, 1.8445474862543868e-12, 2.8346731462573622e-12, 3.570245814454562e-12, 3.936978114550761e-12, 1.6004833209805864e-12, 1.8061226385543969e-12, 4.793018511490746e-12, 8.964940942473777e-12, 2.3764439901551583e-12, 2.245006574098955e-12, 6.150238890506665e-12, 4.832281174556389e-12, 3.045786890231815e-12, 2.0139793452581155e-12, 3.689750437556034e-12, 3.89228966315889e-12, 6.000679503698032e-12, 7.680061370748008e-13, 5.47096906787604e-12, 6.070868132890607e-12, 1.859307845138051e-12, 1.3083006798745927e-12, 4.9720118587918e-12, 2.1834633255497693e-12, 3.043506994122907e-12, 4.490531884097603e-12, 1.935867907007806e-12, 2.860649347365218e-12, 1.824720013410338e-12, 2.9496154239224065e-12, 2.97842817657541e-12, 2.024021656243928e-12, 2.928939310498397e-12, 2.7639531469609485e-12, 3.816107227681367e-12, 3.77335417405974e-12, 1.1178150640775027e-12, 3.896557717635909e-12, 2.415855339261888e-12, 4.1061322428645705e-12, 2.6428148882502505e-12, 2.4938362538219687e-12, 8.861834081619285e-12, 4.049607797755827e-12, 1.5780252696641174e-12, 1.9426579214724266e-12, 4.686911428111619e-12, 9.78297349547092e-12, 1.8102218390017535e-12, 1.9811196896720076e-12, 5.792265619366522e-12, 1.7213119611523887e-12, 6.6218029929081864e-12, 2.2423714991111253e-12, 4.632801939504868e-12, 4.054629022390952e-12, 4.8202322696488976e-12, 3.5240536445846685e-12, 1.7120574484351938e-12, 2.2054385167700476e-12, 2.6268677717873056e-12, 1.3202339443114155e-12, 2.3751246503591817e-12, 2.632331706476354e-12, 2.153029593995981e-12, 4.7990105989424566e-12, 7.246819921125395e-12, 2.1966556996025143e-12, 2.3445141911173736e-12, 5.907329964889227e-12, 5.2498046852061405e-12, 1.3177825113804406e-12, 2.1020859053083343e-12, 2.429532802086706e-12, 3.282660412685811e-12, 4.053631659153011e-12, 8.595449140211494e-13, 4.133821894384894e-12]","[2.494915821441724e-11, 8.869849453453811e-12, 3.0502520120406674e-12, 4.550403009114232e-12, 3.1016735759002674e-12, 4.258828689737038e-12, 3.5418028013680765e-12, 5.392591880711694e-13, 4.135998127367844e-12, 6.959832781497227e-12, 8.320456152685129e-12, 8.658699741681243e-12, 7.108891208892449e-12, 8.122699502132195e-12, 1.728576349762521e-11, 1.0478144208358354e-11, 1.5301975243172124e-11, 6.7286887316016636e-12, 9.968649489944055e-12, 7.681569087454477e-12, 3.216486629868453e-12, 5.44109945781948e-12, 3.0741940416238695e-12, 5.8845615360865424e-12, 1.3835114062268598e-12, 7.004268943693102e-13, 2.0988723308834005e-12, 6.524013070355342e-12, 2.0225438125233983e-12, 6.534546228308773e-12, 5.924905434481268e-12, 6.834189299933859e-12, 7.670683535574501e-12, 2.7705989882527733e-12, 9.34410542764755e-12, 2.2632800348641054e-12, 7.768672858143003e-12, 8.747891179270181e-12, 6.666857156988185e-12, 1.2548504256910505e-11, 4.726916114989093e-12, 4.845283635868842e-12, 1.644656713301425e-11, 1.8303473831236323e-11, 6.2694332590515544e-12, 3.602373544780691e-11, 1.555237255871407e-11, 8.49028335516515e-12, 1.1335765054342471e-11, 1.0365185520590235e-11, 1.6297728144512594e-11, 1.446702298117949e-11, 4.96004649982159e-12, 8.408350627912936e-12, 7.628317176536468e-12, 4.284044929432647e-12, 5.892648447277925e-12, 1.854290052552274e-11, 5.065347956808489e-12, 5.012495725358513e-12, 8.917929410773876e-12, 1.8980422013822072e-11, 4.7566363970608465e-12, 1.501353598755933e-11, 1.47854609480482e-11, 7.582050388504576e-12, 2.6516030455385625e-11, 1.0457953877376793e-11, 1.1175973407305823e-11, 4.964559252785801e-12, 5.618470807490351e-12, 1.8147379837533126e-11, 4.589755065774276e-12, 5.9790451897819895e-12, 1.4287939637398102e-11, 4.750347686325311e-12, 9.100215417275523e-12, 1.081152515382603e-11, 1.923624082235671e-11, 7.386910204457865e-12, 8.71425967551388e-12, 8.458661560361213e-12, 7.2338290776989005e-12, 7.016675992377902e-12, 1.1325292804470486e-11, 2.5538043501729542e-11, 1.726528485608587e-11, 1.7568361498208857e-12, 1.0459881027749156e-11, 6.728617593937012e-12, 3.4299179512888977e-12, 1.9583078537248197e-12, 8.827719672714527e-12, 1.6522844177717097e-11, 9.927518315880773e-12, 9.169223940585932e-12, 7.273426315579425e-13, 4.579960529135607e-12, 1.7232507166871356e-11, 1.59156564293836e-11, 5.991100042987525e-12, 2.140211896909862e-12, 8.310263844256326e-12, 1.5052930090558642e-11, 5.8170082800066285e-12, 1.3463916618576622e-11, 3.5793560891850654e-12, 2.9183158564189652e-12, 7.327893895807136e-12, 3.661311825220265e-12, 3.1729405823794292e-12, 1.8143960570492358e-11, 8.131948477790432e-12, 2.2360284220457117e-11, 1.5089119777035723e-11, 5.296159779822483e-12, 2.3915196946476945e-11, 8.412809910412795e-12, 6.699315499942233e-12, 1.3822403109119542e-11, 2.587202792687915e-11, 1.0421434706340991e-11, 1.2961022934379902e-11, 8.220101554348285e-12, 1.8274109656280977e-11, 6.56544545487335e-12, 2.210595965852857e-11, 1.6607244435445278e-11, 7.996293369200118e-12, 4.208044905185351e-12, 1.074614233033411e-11, 2.76773819864618e-12, 9.64683436601349e-12, 3.58544828285707e-12, 1.1852800314790202e-11, 1.0397176286869872e-11, 1.4388664785927455e-11, 9.689688031251166e-12, 1.2828273028015338e-11, 1.7885169996649252e-11, 9.326122317078566e-12, 7.464916586180165e-12, 6.983558480085757e-12, 1.3823959388290294e-11, 8.483347442681036e-12, 5.825776108562937e-12, 6.683579819954408e-12, 8.90307783974296e-12]","[6.7224630883618464e-12, 6.7178659592042935e-12, 4.893646225810195e-12, 7.161657853348163e-12, 3.046654592717918e-12, 9.308196164212694e-12, 5.45000714785153e-12, 1.489635893465128e-11, 8.410050609885191e-12, 6.596108888296063e-12, 8.937258614388792e-12, 4.90485562298841e-12, 1.3994675907244672e-11, 5.58267892888569e-12, 7.908350760203883e-12, 5.296294724035048e-12, 1.3433835120470114e-11, 1.5384895940612944e-11, 3.1336666000926353e-12, 1.0255603796979266e-11, 7.352556460628132e-12, 1.7510022490399056e-11, 3.0137629880039363e-12, 9.087212927514466e-12, 3.3870336843525475e-12, 3.725465849622563e-12, 6.420753105930255e-12, 9.066871998968386e-12, 9.446397625480447e-12, 2.7319686656425478e-12, 1.2324850974491711e-11, 3.9578845943590405e-12, 4.4641613607033696e-12, 4.115316322595589e-12, 6.314982148060758e-12, 1.0618178269378067e-11, 5.110559946572771e-12, 9.811121761254044e-12, 6.309081635462397e-12, 6.207513531564987e-12, 6.216832070905937e-12, 3.974538044558938e-12, 9.499571793502774e-12, 1.7899245869414727e-12, 1.0234775860380122e-11, 7.990686180674324e-12, 7.700037869028473e-12, 7.636911123544225e-12, 4.093394191010567e-12, 4.381782118966984e-12, 8.97038906210012e-12, 1.3115790143591365e-11, 7.016154258303582e-12, 7.046111396521127e-12, 2.0906508512488362e-11, 4.129061482045089e-12, 1.1250220864788613e-11, 7.962047003625692e-12, 2.8763879069922846e-12, 4.683502729939488e-12, 7.656406297024109e-12, 7.123492939634715e-12, 7.896765331923273e-12, 3.0701949406860363e-12, 9.92803737502474e-12, 9.12146792777134e-12, 1.683609657526418e-11, 7.011681819533797e-12, 1.927747996867752e-12, 1.0251641181306509e-11, 3.876471032967985e-12, 3.3939700225768507e-12, 7.395216484551681e-12, 1.7393460595862845e-11, 1.1806587539419368e-11, 4.553049229244095e-12, 5.741989362186597e-12, 6.896890184478707e-12, 9.398079598350352e-12, 7.912139043679171e-12, 6.647568585406834e-12, 5.50710111324719e-12, 5.747285605178302e-12, 7.807464764826693e-12, 7.929923422683691e-12, 1.0475084757575105e-11, 7.944360523186106e-12, 6.136050522483999e-12, 1.0842054803768446e-11, 1.6205920583957395e-12, 4.595810669557525e-12, 3.801475429970468e-12, 8.089603708734102e-12, 1.1595772474508358e-11, 7.121127970412187e-12, 3.3796997982577106e-12, 5.2854313333900804e-12, 8.559264657154873e-12, 2.1169375270699963e-12, 2.7325228664526658e-12, 3.2817690684188027e-12, 6.982240198543426e-12, 5.888228038389151e-12, 8.099271710860075e-12, 4.870064864745476e-12, 8.804592495004061e-12, 3.652771942164927e-12, 1.1658148997901255e-11, 1.7616632434789973e-11, 1.0494511030359154e-11, 3.8946155069418815e-12, 5.446637038551201e-12, 8.792142855558034e-12, 1.3351114837259107e-11, 9.45873150756097e-12, 2.35599788606576e-12, 1.3762916753205869e-11, 7.221123552842553e-12, 2.721375445856032e-12, 8.256509219630189e-12, 6.214213458276452e-12, 4.139103887924851e-12, 6.9876999495830915e-12, 4.994970347131292e-12, 6.912753259893217e-12, 1.7830665923671668e-11, 8.541981750370283e-12, 9.192338520184886e-12, 8.684980719887628e-12, 5.804168078106618e-12, 4.925888049029101e-12, 4.9259503707625915e-12, 5.370973042305389e-12, 6.799920542276819e-13, 1.121949353008934e-11, 6.1615717737451474e-12, 1.3004434386216973e-11, 5.0677280205452006e-12, 1.4075008365509063e-11, 1.0587912254980764e-11, 6.408349273879203e-12, 1.8922795057862328e-12, 3.7156750831218156e-12, 3.0461309002833625e-12, 8.718087115085038e-12, 5.331049637579375e-12, 1.1826125197997587e-11, 1.2117866148008395e-11]","[8.335526715298797e-12, 7.641547337845161e-12, 1.2788525384397494e-11, 9.80007681242068e-12, 3.17914725913985e-12, 1.0292424820781745e-11, 9.217281781375766e-12, 1.9415727033266614e-11, 5.807756901557676e-12, 4.85699471650528e-12, 9.844585011883825e-12, 7.14703698929737e-12, 1.5549920303702224e-11, 7.0008657821760566e-12, 1.3515490091080314e-11, 2.8417317877633775e-12, 8.651184521423492e-12, 4.077624375996481e-12, 5.980998167915072e-12, 7.307238587673097e-12, 2.004602447061675e-12, 5.8784627670069864e-12, 2.3862778234124625e-12, 5.95735535827161e-12, 1.3079869942901258e-12, 2.2362397976260147e-12, 4.8419080239535155e-12, 1.2083938395007857e-11, 3.660402208997965e-12, 4.479391556383106e-12, 1.301894830617807e-11, 4.9228325995855965e-12, 6.656934218503957e-12, 3.280401489717773e-12, 1.8422037339875303e-12, 6.7365072554632355e-12, 2.2771543796275993e-12, 7.31964770207457e-12, 3.449857827485275e-12, 6.4543687643809794e-12, 3.5970738625437125e-12, 5.462847168700715e-12, 5.757850677361752e-12, 2.2272319872856967e-12, 6.830487167664714e-12, 7.589417010225713e-12, 8.253472672129264e-12, 2.867959218030926e-12, 3.2732168224759535e-12, 1.719248928666906e-12, 4.577702834680435e-12, 1.3022946010936593e-11, 3.868394455602826e-12, 4.9105076324947076e-12, 1.1659377218776414e-11, 6.172623319020677e-12, 3.0347430408718424e-12, 5.462642038083476e-12, 8.612949957318067e-12, 4.224519683300077e-12, 5.565751069993649e-12, 1.1165170897343338e-11, 4.558181185321331e-12, 4.708530524928926e-12, 1.0634698233758566e-11, 6.304669029444346e-12, 1.020464488136948e-11, 7.521380948708864e-12, 7.937831287218689e-12, 5.315814433111522e-12, 1.2256449543469089e-12, 3.0128079524643374e-12, 4.643709037854635e-12, 4.1950852941759996e-12, 9.059419943249092e-12, 3.821256661797898e-12, 8.686285599255676e-12, 6.2144580056984555e-12, 7.909536578924474e-12, 5.4493426021946925e-12, 2.873902277592405e-12, 8.987484164276437e-12, 1.2840424713905803e-12, 3.4390520119875987e-12, 5.762818877271256e-12, 2.707066620229763e-12, 5.664267745262069e-12, 1.8952045728328753e-12, 6.2796207253912636e-12, 1.83394302916882e-12, 4.40491836543683e-12, 2.9435510967088932e-12, 8.256368307792852e-12, 4.3538017699362e-12, 4.774152679112072e-12, 2.21971192305825e-12, 2.7972308597455006e-12, 4.018399145621591e-12, 1.4743018887600204e-12, 4.937981463933908e-12, 2.4310859621635313e-12, 4.086240532012893e-12, 7.512855072833481e-12, 7.685541964994742e-12, 3.4327768034450683e-12, 7.31217757651338e-12, 2.9705326015446364e-12, 4.569195377436945e-12, 6.634471392389559e-12, 1.5523685867727936e-11, 4.245511889676759e-12, 1.1794548447597166e-11, 3.920582532528578e-12, 7.2286835528601424e-12, 8.849733723161796e-12, 5.079774774925772e-12, 6.074595947206626e-12, 5.226222880722571e-12, 9.183974445840124e-12, 3.831933807420452e-12, 7.29105938124885e-12, 3.891881630453666e-12, 9.158013624851575e-12, 7.046202394278649e-12, 8.402260485133378e-12, 7.853723918326416e-12, 1.0218308161557719e-11, 3.714066484365424e-12, 7.943375984999384e-12, 9.389735090887623e-12, 5.534388376528421e-12, 1.2465293851749698e-12, 6.016457391034662e-12, 4.569002355795978e-12, 1.1239794186789099e-11, 7.94126972598976e-12, 1.2451476834496848e-11, 2.310508742374635e-12, 6.601104051953984e-12, 3.5174215450812968e-12, 4.5113072822826275e-12, 3.721311914143271e-13, 5.087133674766841e-12, 7.33851534180268e-12, 4.167771015984236e-12, 6.752916331187571e-12, 1.2736460142399273e-11, 6.3434702725061215e-12]","[3.6154333967848685e-12, 4.6317370419898105e-12, 3.892916645976621e-12, 5.6448340206551835e-12, 4.972084571985723e-12, 6.472945490111912e-12, 1.0702711453503222e-11, 1.4532164310671786e-11, 2.642236790164699e-12, 4.9130375849016295e-12, 5.469019139109342e-12, 6.045333998858535e-12, 8.877668417406152e-12, 3.884174608160343e-12, 1.1066572925115578e-11, 1.9649837724947657e-12, 5.000010791515459e-12, 3.6099193597970598e-12, 4.857597213896248e-12, 2.971449364385026e-12, 9.24972671816539e-13, 4.370781829447138e-12, 3.5482292800106976e-12, 3.842084429692056e-12, 1.4615592449686607e-12, 2.4070231101048248e-12, 5.063979946950926e-12, 1.0383531034065458e-11, 5.158099742006416e-12, 2.400556744621127e-12, 1.7137654576038783e-11, 3.96169883661723e-12, 6.316473405690269e-12, 3.7285157975908946e-12, 1.6524401227735778e-12, 4.806225985224113e-12, 3.386646923197396e-12, 6.036176124563609e-12, 3.066630664100836e-12, 6.267957004774554e-12, 2.0166316802565597e-12, 5.38915870851319e-12, 4.432538277825465e-12, 2.4859318715814426e-12, 6.315271775520619e-12, 6.165107551351905e-12, 7.921442602783239e-12, 3.7381863613868485e-12, 2.8168909044252105e-12, 3.3639466317109394e-12, 4.1424411054996445e-12, 1.1294224052377615e-11, 4.188495005597753e-12, 2.5326787470681518e-12, 5.1590788936469714e-12, 5.442506053534938e-12, 2.7154181637156646e-12, 4.536902503680625e-12, 5.333291173424119e-12, 3.554882952154279e-12, 4.380548473419418e-12, 6.412176144439023e-12, 2.488401985606356e-12, 4.856088364337855e-12, 6.635937229416951e-12, 4.310058181282209e-12, 8.504936037937875e-12, 6.551576961650611e-12, 5.575027076936539e-12, 3.754437691572884e-12, 2.666610473924438e-12, 4.363696844488121e-12, 5.169044229806926e-12, 6.023596455570401e-12, 5.8510875867413955e-12, 1.9795946333787555e-12, 5.816589181078693e-12, 4.982922766861556e-12, 3.730558657145303e-12, 3.7237461306920305e-12, 3.819743989258751e-12, 7.302816996413519e-12, 1.626327280328989e-12, 2.423439979335826e-12, 6.224692145087533e-12, 4.299259682757531e-12, 4.486409104083375e-12, 1.7950766027670338e-12, 5.0382472982118455e-12, 2.3567264972949992e-12, 3.8005898074361004e-12, 2.5230368894479497e-12, 6.785351235637474e-12, 1.5682071514075223e-12, 4.726489777922511e-12, 3.073308613175399e-12, 2.6203533757697798e-12, 3.777281057109172e-12, 1.7946776618297386e-12, 6.168601752214534e-12, 3.0016062095302645e-12, 3.579091115240855e-12, 3.939428641588705e-12, 6.560242861076654e-12, 3.654961503762617e-12, 5.452026870459537e-12, 4.149007083594181e-12, 4.970477691320072e-12, 4.151088395562155e-12, 1.1822640763640053e-11, 2.934126925523721e-12, 7.948760452695983e-12, 6.693320476910923e-12, 9.051965889672567e-12, 3.6600346183693355e-12, 5.181307699840644e-12, 3.3208734724056693e-12, 8.542263656895552e-12, 4.211913633937314e-12, 2.8633058229529152e-12, 4.915907813223127e-12, 4.947149151204401e-12, 5.938989233421727e-12, 4.2909783886956825e-12, 5.958641211872758e-12, 4.559195859872563e-12, 7.791749199472414e-12, 3.662831928506494e-12, 5.385858921874465e-12, 5.60127725419701e-12, 3.35876686870401e-12, 1.5803202227925025e-12, 5.313549884550769e-12, 4.6369908390079984e-12, 6.613102320069521e-12, 6.093360286438139e-12, 1.3659405285249517e-11, 1.0811210260674438e-12, 3.305352666154899e-12, 5.399667140072894e-12, 2.6906000106364795e-12, 4.41741539330479e-13, 6.372952314240004e-12, 6.962279927459673e-12, 3.749579372416418e-12, 4.385367648571913e-12, 6.938028263714548e-12, 4.248045818175423e-12]","[2.6315819049695653e-12, 2.567214758429355e-12, 3.5741569806731375e-12, 4.588776093515783e-12, 4.146186673201184e-12, 4.524172036695354e-12, 9.022597653628205e-12, 1.207592026077261e-11, 2.600339974646875e-12, 3.0280583361337062e-12, 2.2293608257097947e-12, 6.669680472023104e-12, 4.3536855191733095e-12, 2.7345892458240012e-12, 7.038725694739338e-12, 1.920519233185009e-12, 4.037202246108148e-12, 3.783642992981352e-12, 3.353598422649388e-12, 2.595818445585585e-12, 8.795758042001258e-13, 3.85294232855961e-12, 4.6211256745881404e-12, 1.5949198249991752e-12, 5.604358335593707e-13, 2.686799930052463e-12, 4.0870351897914676e-12, 8.991267915199235e-12, 2.666549421745965e-12, 2.240706593265944e-12, 2.008646842575849e-11, 3.6176061299212627e-12, 6.780840418341987e-12, 3.4205612009342775e-12, 2.8574943954124195e-12, 4.29506321470249e-12, 1.8709913619113377e-12, 5.5027733256619645e-12, 3.2910477700768744e-12, 5.212799976696219e-12, 2.0395202528422228e-12, 4.4476340193086395e-12, 5.085965757140371e-12, 4.190873013031809e-12, 5.3557839640363235e-12, 6.273915513808939e-12, 5.903360810787417e-12, 5.920278673590768e-12, 3.3366136689024054e-12, 3.422111694487191e-12, 3.7729739449162405e-12, 1.0147926777587364e-11, 4.999804728908623e-12, 1.4623640573500908e-12, 6.769624775882929e-12, 3.6139994572481352e-12, 2.949753441818838e-12, 6.2365126879643226e-12, 3.5511106883253503e-12, 3.895923502557678e-12, 3.6053170628736612e-12, 3.8440059843284635e-12, 3.0648777827694313e-12, 5.553304995636397e-12, 4.1888410097743994e-12, 2.904807477263467e-12, 7.94883948251786e-12, 5.927991411417727e-12, 3.3541196143576098e-12, 4.609250819534403e-12, 2.7357985930755185e-12, 3.863320682106589e-12, 5.272890196179844e-12, 4.042257256159178e-12, 2.3439088368497847e-12, 2.0266310229694707e-12, 4.4940352758849486e-12, 5.755830989819361e-12, 1.7698919463889961e-12, 2.6180148510206383e-12, 6.579347438831942e-12, 6.913651944675991e-12, 1.1513177293418394e-12, 2.765514473148811e-12, 5.630058851029744e-12, 4.703883444045781e-12, 5.845758421992689e-12, 7.7425570308453e-13, 4.466914593013149e-12, 2.3707758813657705e-12, 2.5134766174575587e-12, 2.0892099821297412e-12, 5.999397039790511e-12, 1.8344973531641343e-12, 4.29177068120876e-12, 3.656426714389242e-12, 2.225794656711887e-12, 4.329635035859509e-12, 1.1712395532509417e-12, 4.87299256631955e-12, 2.9202334146894755e-12, 3.058232312699618e-12, 4.178184247127657e-12, 6.572938162287323e-12, 4.776580319736459e-12, 4.819366631460783e-12, 3.3941491585446416e-12, 5.7691990285214076e-12, 3.5035304879092117e-12, 9.254266588082447e-12, 2.908673615918021e-12, 4.515588062825935e-12, 1.020106922829417e-11, 8.711403117442598e-12, 1.5609696690585032e-12, 2.434031083305896e-12, 3.1147059060732003e-12, 1.1088662447939667e-11, 2.008680388172965e-12, 3.14862515320139e-12, 4.232154625750139e-12, 3.863939705755165e-12, 6.950333765674507e-12, 2.4616449598813288e-12, 5.414719900259013e-12, 4.15885376994542e-12, 7.082452413766655e-12, 4.018044400972976e-12, 3.0556592162427716e-12, 3.762854734373048e-12, 2.28893205037571e-12, 1.662666141290858e-12, 4.783622916317895e-12, 3.28868015189611e-12, 3.855934839327956e-12, 4.6741179171839186e-12, 1.1479349136186243e-11, 1.5058364992675332e-12, 3.3765340712539485e-12, 9.143900737844279e-12, 5.036867772402675e-12, 7.187150373197925e-13, 5.322581634162149e-12, 4.8772540223393396e-12, 3.2684565240336297e-12, 5.144764829750577e-12, 3.3960826332723317e-12, 4.199585716508649e-12]","[2.3874836757677217e-12, 2.5293090662636873e-12, 3.0173370689645587e-12, 5.097575407405396e-12, 3.375265345647463e-12, 4.9435106293903065e-12, 7.2121314534450315e-12, 8.435063880522245e-12, 2.601199762211384e-12, 4.516160105740202e-12, 5.583320755091477e-12, 8.739064591423281e-12, 6.207190096370932e-12, 2.0845474839561185e-12, 5.3515451573966545e-12, 1.215686365577655e-12, 4.1511734347339e-12, 5.626758913270128e-12, 4.4282294417940784e-12, 3.80768152187149e-12, 1.5095360459503531e-12, 3.973755738660344e-12, 3.0227266279178498e-12, 3.81623055197654e-12, 1.927598305386346e-12, 2.5310859751437997e-12, 5.772801106999473e-12, 5.8645367738693674e-12, 3.379111182358669e-12, 1.2859147975687698e-12, 1.0130481779222868e-11, 2.8122257436539014e-12, 7.45032899655859e-12, 4.1287051774266e-12, 3.671755110014905e-12, 5.6529530037021225e-12, 2.5469606741539145e-12, 3.829575023894539e-12, 3.994095288311225e-12, 3.1276237034524427e-12, 6.354902006376207e-13, 6.60810126213969e-12, 3.1541377517924823e-12, 2.467664327224989e-12, 5.309037557401107e-12, 3.3655216868672494e-12, 5.675483219275689e-12, 6.540599386972262e-12, 2.0994655067412194e-12, 4.241622166888558e-12, 4.49610226757065e-12, 1.1834949316786319e-11, 3.825178293551094e-12, 1.9175601617386387e-12, 1.2139554791127513e-11, 5.347210111935527e-12, 2.1746495428202423e-12, 5.424956982360007e-12, 4.6275557037246364e-12, 3.218863726541553e-12, 3.930243527217427e-12, 4.326316608457588e-12, 2.597592178571208e-12, 5.079399766833041e-12, 5.888140606323942e-12, 2.9579257179641064e-12, 7.099931488826397e-12, 6.512774415573854e-12, 3.785496284670592e-12, 4.292891909198809e-12, 2.6715129015183654e-12, 2.9311087026138843e-12, 5.481760124483101e-12, 3.4523262900761667e-12, 4.829308880486153e-12, 3.889169004892689e-12, 5.851860165590495e-12, 7.764039598341842e-12, 3.4841449863466006e-12, 2.967329715180463e-12, 3.450662840264589e-12, 8.720343303336436e-12, 2.082702242348429e-12, 2.514031817240259e-12, 5.404526275161296e-12, 6.692510811963685e-12, 6.321604828612619e-12, 1.431094749573838e-12, 7.929852018893659e-12, 4.145361814636692e-12, 3.811687586942583e-12, 1.9213996039009656e-12, 6.05045517048126e-12, 2.1958367490168464e-12, 2.5535650522650733e-12, 6.4152673230741665e-12, 2.3099894044738128e-12, 2.9299399478366847e-12, 1.7648233637463274e-12, 4.642983250862501e-12, 5.956880757871631e-12, 2.2335755018020648e-12, 3.1980112633547364e-12, 5.2794850168621585e-12, 3.790881529269008e-12, 3.8490950709338986e-12, 2.520502854957816e-12, 7.096267960310168e-12, 3.928873660968966e-12, 7.22759006575428e-12, 4.038021572056986e-12, 4.115752205817221e-12, 7.30747670532088e-12, 6.546893916502826e-12, 3.799606454922938e-12, 1.735554378029714e-12, 2.0362215150817442e-12, 7.030913679094542e-12, 3.1895636691379072e-12, 2.575245001436087e-12, 4.4109330341776285e-12, 4.945045696422866e-12, 6.986188954023296e-12, 3.113865569253548e-12, 7.071513455423115e-12, 7.507956470042029e-12, 7.35844890494063e-12, 4.537249033346015e-12, 4.795410382978334e-12, 5.338662763991624e-12, 3.2363346693035994e-12, 1.2880316628050944e-12, 4.308940091508834e-12, 2.946189769379073e-12, 7.482687177498408e-12, 4.638342366327161e-12, 1.0158899827407702e-11, 2.791307167986222e-12, 1.995884472647217e-12, 5.179809019313972e-12, 4.603885598059237e-12, 3.166493835840044e-13, 4.45058771538081e-12, 4.284854944250248e-12, 4.151893504656441e-12, 3.5202836690392134e-12, 3.1583900584314244e-12, 6.44386627895603e-12]","[5.793734237214064e-12, 1.0512450776303021e-11, 5.357779281824983e-12, 5.948246815184822e-12, 1.9657218026163784e-12, 1.0565949084385536e-11, 8.49678166394019e-12, 1.6903319647190322e-11, 5.3170367245946115e-12, 5.915675096595155e-12, 1.469542396560558e-11, 6.3236464855519525e-12, 2.100893665912634e-11, 1.0531428722440062e-11, 2.5871988043120357e-11, 4.9238231476007256e-12, 1.1749519056663929e-11, 8.313603608020267e-12, 6.512419158130058e-12, 1.273586335447906e-11, 2.102822475569671e-12, 1.1034524519919644e-11, 2.5333168049270126e-12, 9.759283127576575e-12, 2.4954304411230744e-12, 1.508980710405292e-12, 4.4910763874046475e-12, 9.600258497213393e-12, 5.4003114743503054e-12, 5.1057786399000125e-12, 6.148150513413168e-12, 8.635496958573865e-12, 4.823441336098634e-12, 2.7628905804797647e-12, 2.5806914508011475e-12, 6.364923027878461e-12, 2.790388100077279e-12, 5.914660615472795e-12, 3.503342437931645e-12, 7.631085327132138e-12, 4.143608207790279e-12, 4.082915238759871e-12, 5.735359490491061e-12, 3.394696992307942e-12, 4.671710540797718e-12, 1.1128825269643402e-11, 8.993561443296013e-12, 3.327261274268189e-12, 3.884676480577958e-12, 1.6678689273734956e-12, 5.285261842470749e-12, 1.6115645164608617e-11, 2.442738840336219e-12, 4.680019549228265e-12, 1.3706428918785999e-11, 8.853000499749984e-12, 6.199498188844925e-12, 4.622420425389064e-12, 7.560590182287463e-12, 5.056295890873125e-12, 4.8551421406471475e-12, 1.283902947167545e-11, 7.824187135444278e-12, 5.57300949033202e-12, 1.3059997085807165e-11, 1.0669883221481792e-11, 9.153285582293981e-12, 7.631337690439891e-12, 6.502925082512235e-12, 6.261952378818606e-12, 1.9325023544025576e-12, 6.142262518281267e-12, 4.729030884694634e-12, 6.160208693631041e-12, 1.7775278972861756e-11, 5.235150276475559e-12, 1.2254476443277103e-11, 9.974701257037438e-12, 1.0106818894830766e-11, 7.180127603125542e-12, 6.60414917280268e-12, 8.299364243268027e-12, 2.3897608221869827e-12, 4.168988809485982e-12, 9.189392196397862e-12, 6.088873113475965e-12, 8.930710583060225e-12, 3.974606699493597e-12, 1.1454993116354613e-11, 3.810400494592474e-12, 4.7389535757772595e-12, 2.6609329792158663e-12, 1.1298973663977656e-11, 2.9033622244151182e-12, 4.843581610232703e-12, 2.1451589950451424e-12, 2.214060312404382e-12, 3.154597952893855e-12, 2.7595976186212964e-12, 5.4066147029576e-12, 3.3455309315222694e-12, 3.079650752545943e-12, 5.405014256056724e-12, 1.03838663889398e-11, 2.0008827881385498e-12, 7.381750675744677e-12, 3.755569702848879e-12, 6.1312189906346684e-12, 7.825813654868598e-12, 1.5618878446791254e-11, 3.684686764284813e-12, 1.5582163541525428e-11, 2.070685818990267e-12, 9.235642206287523e-12, 1.2622126006468226e-11, 5.312171304187055e-12, 1.0542141346996619e-11, 4.4351971730817e-12, 6.924502889039442e-12, 3.5070217667420006e-12, 7.337101019925111e-12, 5.30177039133464e-12, 1.0631375652592226e-11, 4.9784067467187746e-12, 9.780556668224702e-12, 6.9812712453168395e-12, 8.739913302906369e-12, 2.874682179750595e-12, 1.0093019409823199e-11, 1.4748026140706442e-11, 8.919316429994502e-12, 1.4681054935847548e-12, 6.440123335019647e-12, 5.951806682039488e-12, 1.3657695720060691e-11, 7.994760993497822e-12, 1.8834433933315657e-11, 3.1251754807385154e-12, 7.755965736090359e-12, 3.935936315325166e-12, 3.705844055327636e-12, 1.7685897682040474e-12, 4.339632032149333e-12, 1.1029682991735171e-11, 8.590577742695524e-12, 7.441666342650964e-12, 2.117671139518747e-11, 9.879539878446599e-12]","[7.776270490403702e-12, 7.561323627243115e-12, 9.969094940428782e-12, 5.1794860861961e-12, 5.800846352395306e-13, 1.120409395776902e-11, 7.865820141718202e-12, 1.0828284225750195e-11, 7.393492713948698e-12, 8.64430805616839e-12, 1.799492081555592e-11, 6.101292932707977e-12, 2.8292188832768492e-11, 1.1152493734471561e-11, 2.511098147641929e-11, 7.138240617418144e-12, 1.2697112869515794e-11, 2.342179085999845e-11, 1.214981859875217e-11, 2.2335533406011713e-11, 2.809274907573662e-12, 1.0543979277403214e-11, 4.102035464983047e-12, 1.0541037249825983e-11, 1.8804483052157098e-12, 9.594848321211297e-13, 1.935673868869184e-12, 6.289631641392288e-12, 2.17117476760149e-12, 1.3672675764603192e-11, 9.203365251384208e-12, 6.608885550226273e-12, 5.744622037429736e-12, 9.32842841509e-13, 2.9993142545281592e-12, 5.657741640049589e-12, 6.262727540155809e-12, 9.145761592955327e-12, 3.430797390686953e-12, 5.1313648589450605e-12, 4.051398075100724e-12, 5.1288109913961645e-12, 1.0204128771131343e-11, 1.0077559360727541e-11, 3.537705522061377e-12, 1.849930323923459e-11, 1.3360139059118129e-11, 1.2763327815348334e-11, 5.1705146209444964e-12, 1.327263703768325e-12, 6.839387858449317e-12, 2.2260942843582877e-11, 4.056195166785643e-12, 7.965699900932118e-12, 3.1291125159158196e-11, 1.0314350893115344e-11, 8.652260653466468e-12, 4.249236057864338e-12, 1.4818130846068464e-11, 7.1107418592988214e-12, 8.027682182988903e-12, 2.461868815612556e-11, 2.188175157432165e-11, 1.1865088862450904e-11, 1.9260298929525425e-11, 1.0916361217061252e-11, 1.1042586405641538e-11, 1.2806930072280952e-11, 6.562970020029682e-12, 8.409951873804808e-12, 2.2784221408263985e-12, 6.07269848013391e-12, 8.76008045738546e-12, 7.909594751547773e-12, 2.054394806537172e-11, 6.306344458527961e-12, 2.3084701991803e-11, 1.1285399279319355e-11, 1.1767645133074989e-11, 1.5555967350273127e-11, 1.2197407073155688e-11, 1.1109876806672334e-11, 8.595316712669252e-12, 5.239425555623507e-12, 1.240327198689982e-11, 2.073640803810755e-11, 1.1468111277214068e-11, 4.282521901358567e-12, 1.5844393288132614e-11, 1.0537352952430029e-11, 5.127504614102988e-12, 3.127399572929956e-12, 1.5741448452692737e-11, 6.022110145180004e-12, 1.0908235132966165e-11, 4.8101189695423955e-12, 1.037181882975821e-12, 2.2643849721875804e-12, 4.0760499388400715e-12, 7.404238744586955e-12, 6.789262030643536e-12, 5.7369283348621175e-12, 5.23622802517504e-12, 8.613801592630802e-12, 2.1783359559028334e-12, 5.97066212676676e-12, 1.9830160473361496e-12, 6.4657259626189e-12, 6.959598199291088e-12, 1.4693836730268595e-11, 8.662527521935735e-12, 2.612859609158705e-11, 3.371504398506983e-12, 1.2113797694659433e-11, 1.994054356634398e-11, 3.799646383049675e-12, 2.375256329032588e-11, 5.997147510416914e-12, 9.068769007170872e-12, 4.982370896134284e-12, 1.8277302608055615e-11, 7.028995572429711e-12, 1.7424065091284887e-11, 5.498796297214507e-12, 1.4897561929562217e-11, 9.504089837609156e-12, 1.0962703577626206e-11, 5.732679657741454e-12, 1.5808837599725847e-11, 1.4126598562557251e-11, 2.0643620380133883e-11, 1.4390536166469812e-12, 8.420240410488251e-12, 3.699258415130997e-12, 1.527471548246578e-11, 1.250609713039575e-11, 2.3277414039886174e-11, 5.8637638771427115e-12, 1.2766752361032065e-11, 6.432544683342366e-12, 4.979595054904503e-12, 2.1252253390928885e-12, 3.885945572363143e-12, 1.1605259537536916e-11, 1.0689533958188094e-11, 1.28995599866253e-11, 3.0054599797238465e-11, 1.662666775651555e-11]","[2.81559903738627e-12, 4.536723459869158e-12, 2.5713703088496745e-12, 4.241163087422654e-12, 4.503550948716438e-13, 4.460506449175726e-12, 3.5034321464179184e-12, 7.746018216174896e-12, 3.4231080431128947e-12, 5.6462965639669195e-12, 1.0966724012139051e-11, 4.2065370533463805e-12, 1.1621673593733919e-11, 7.669901978970425e-12, 1.0923715116031106e-11, 4.358177740365891e-12, 7.587243965596263e-12, 4.968039217268371e-12, 4.335465554944155e-12, 6.74722313728601e-12, 1.5547018762161812e-12, 4.671366927327198e-12, 7.780270394372995e-13, 6.519168807288522e-12, 2.5484860257725995e-12, 1.0926322384390922e-12, 2.2084549861976053e-12, 4.20549984182082e-12, 3.5732840708343647e-12, 9.98067419938603e-13, 3.4119481608843244e-12, 2.4827963937547713e-12, 3.6119768478583114e-12, 1.6376239383556924e-12, 1.7244820284881557e-12, 5.0473206142191676e-12, 1.3136091899360051e-12, 3.1475716980466314e-12, 3.3557573912799718e-12, 2.4574363713245688e-12, 1.0905048590896384e-12, 3.797871931525273e-12, 1.836197314122133e-12, 4.745763843017865e-12, 2.0456530275046823e-12, 7.36727158553979e-12, 4.069962362658987e-12, 1.2821472636920353e-12, 3.1510043816152512e-12, 2.4818252115273893e-12, 1.98278450313406e-12, 9.243978003883688e-12, 1.5444831830837493e-12, 1.793893006105559e-12, 8.767184581005637e-12, 6.813896373945243e-12, 1.5122292530797318e-12, 3.168084302887092e-12, 3.1826363009685636e-12, 2.085017994654478e-12, 2.469139371052817e-12, 7.535661349972697e-12, 5.299938474115448e-12, 2.5488137337334097e-12, 1.0473147914011359e-11, 6.949464294389248e-12, 6.628880717490798e-12, 7.031415127435464e-12, 3.1485020488792908e-12, 1.4313626087818605e-12, 1.0367610705706745e-12, 4.819927085329199e-12, 3.4249264253014605e-12, 2.9750905318003147e-12, 9.537181164757736e-12, 3.0875759514536275e-12, 7.473713694049975e-12, 2.295584233338305e-12, 6.618621377345837e-12, 3.844821641599008e-12, 3.130050782873605e-12, 7.644473224410857e-12, 2.4562623573130917e-12, 3.26657594072079e-12, 3.761688068506005e-12, 1.1531428609888918e-12, 5.972209059905557e-12, 1.8513381848457323e-12, 5.7757705252115285e-12, 2.530377123861608e-12, 2.5154054535698287e-12, 1.4729797189004617e-12, 7.4631058206303e-12, 2.555335280403538e-12, 3.1016512989388264e-12, 2.6639270209631767e-12, 1.0103842282456774e-12, 2.221107877730848e-12, 2.5796475438000156e-12, 4.2390323426794186e-12, 3.0338731314531494e-12, 1.6689167021732885e-12, 5.083209595427927e-12, 5.2331186162113965e-12, 1.964603252303271e-12, 5.858841284504123e-12, 1.6622800955412119e-12, 7.058265829148922e-12, 4.219762592472114e-12, 6.1120661289496776e-12, 3.838153282655057e-12, 6.047962691952177e-12, 1.5526072755995656e-12, 5.5836580961411525e-12, 1.3344002270180557e-11, 1.2220808645012935e-12, 6.422877512286302e-12, 3.0437506879299803e-12, 2.908732788150505e-12, 2.6621914269433457e-12, 5.465867999235461e-12, 5.138130167698238e-12, 8.901435506701969e-12, 2.3921748419565134e-12, 6.715014887522811e-12, 5.866919442221934e-12, 6.699028775225713e-12, 1.7639411955670928e-12, 7.391992144209982e-12, 8.295282672947156e-12, 6.076099867644458e-12, 1.826856036755686e-12, 4.473211551394755e-12, 1.3558645267579933e-12, 9.295900221304179e-12, 5.029831228717267e-12, 1.780337934951801e-11, 2.8572518945423274e-12, 4.3898715188636235e-12, 3.6668787179139386e-12, 2.69758827776201e-12, 1.0951879352135083e-12, 9.650899832024987e-13, 6.007660337804383e-12, 5.2740247324920584e-12, 5.231506710930369e-12, 1.283384650286907e-11, 1.0651957806827178e-11]","[2.675564899626787e-12, 2.365878959947949e-12, 1.1276916419984856e-12, 3.590869773746421e-12, 6.948018381214408e-13, 4.139035976218716e-12, 1.0096319477804514e-12, 4.078295501926828e-12, 1.912736196004621e-12, 2.754001359886767e-12, 3.563052541373876e-12, 3.607600966863523e-12, 2.1521792377802444e-12, 1.9037740495901647e-12, 2.279144436756291e-12, 2.2838420095017623e-12, 3.6771864298758225e-12, 1.969632988920923e-12, 1.7884369121771407e-12, 2.214157138708736e-12, 1.875187473295868e-12, 4.70654989590678e-12, 8.978830300054945e-13, 3.2167589649634977e-12, 1.3901246594051498e-12, 6.392623510712253e-13, 1.1886435513850522e-12, 1.5607350516850887e-12, 3.8677371257418746e-12, 1.4553859093496951e-12, 3.980927455848155e-12, 4.7683586073314796e-12, 2.7678515130192802e-12, 1.5228156400404814e-12, 3.555515960437292e-12, 2.6657968591250405e-12, 7.242925160929724e-13, 1.185712347693099e-12, 1.6262859998017267e-12, 1.7770530504487608e-12, 1.4391804214995863e-12, 2.9621112102879176e-12, 1.6031301932005677e-12, 3.564247827140408e-12, 2.9435725491185454e-12, 4.107772247700958e-12, 1.6844833973029445e-12, 2.6962301124792225e-12, 2.408363914235732e-12, 1.883545879120808e-12, 3.500183478372342e-12, 2.8055428136649944e-12, 3.851154519208831e-12, 3.702631375270949e-12, 6.827903829968523e-12, 4.0283337717848086e-12, 2.4498299470234894e-12, 2.1074089253571893e-12, 2.4542368487799123e-12, 2.5612239207739287e-12, 3.711963929038845e-12, 5.503229652837289e-12, 2.856574354005293e-12, 2.9719124894177696e-12, 4.499652987800388e-12, 2.4069383004629122e-12, 2.8004236543496646e-12, 4.037131496298308e-12, 1.7887976597849368e-12, 3.700909804750433e-12, 1.4596049840252578e-12, 2.6756435970654715e-12, 2.3834493068863383e-12, 2.747659396512178e-12, 1.5088688898195546e-12, 3.1037067093873206e-12, 3.0746090383535864e-12, 4.564794910181123e-12, 3.1342492114329825e-12, 1.884969166694526e-12, 2.003368931182709e-12, 5.537278431094116e-12, 3.589623181295065e-12, 2.0151993333174995e-12, 2.759837340645166e-12, 5.963539201419818e-12, 3.1336448543563798e-12, 3.613663720862852e-12, 4.821496137233707e-12, 3.3738756929428396e-12, 1.5039201311183488e-12, 1.4581597866784966e-12, 4.70555696118917e-12, 3.1012164083078316e-12, 2.9318888793307377e-12, 2.3544356845862746e-12, 2.017526149002996e-12, 2.64061611472221e-12, 3.2477237960213477e-12, 3.2322250581841353e-12, 2.668964733207781e-12, 3.869562061077541e-12, 4.284397061291238e-12, 2.634453453840947e-12, 2.164437943500184e-12, 5.369517259605687e-12, 1.5323131370438644e-12, 4.375345490609427e-12, 1.788137257313075e-12, 1.31893363670166e-12, 4.843358937691383e-12, 2.8338999868602165e-12, 1.6461539081320433e-12, 3.379657016436113e-12, 6.268785116120837e-12, 7.282093630846786e-13, 3.217437290804309e-12, 4.055288663611541e-12, 6.618709296862924e-13, 3.25845249405973e-12, 5.640030826644586e-12, 3.56189659238763e-12, 4.1302638092763895e-12, 1.8296035305741575e-12, 3.786171817466353e-12, 2.0268943502740215e-12, 4.006407436241322e-12, 6.233970301187871e-12, 4.494655295855893e-12, 2.0163908353662995e-12, 1.5584499612626548e-12, 1.8987917624139684e-12, 1.0298053144945903e-12, 1.3229047689289706e-12, 4.168802818364993e-12, 4.611738005609536e-12, 3.6051553522360204e-12, 1.5540125600752632e-12, 2.91894747484397e-12, 2.3951611609472034e-12, 3.3909691804289895e-12, 3.1854219030950274e-12, 1.8748071521365083e-12, 2.1312681447725035e-12, 5.220010202186107e-12, 2.2109948771946895e-12, 2.720992529742658e-12, 3.1963156380380884e-12]","[6.0662612048487404e-12, 4.331855412368391e-12, 4.819524632687129e-12, 3.3231218482137838e-12, 1.7315234497560924e-12, 4.503778569743734e-12, 3.119390906019433e-12, 4.925342838459422e-12, 7.2586820738572e-12, 1.6306014415528493e-11, 1.7555552969763592e-11, 7.243983560523921e-12, 2.6523326381052504e-11, 1.848115239148559e-11, 2.460648621162789e-11, 8.497990593587355e-12, 9.744725016946571e-12, 1.539434396087935e-11, 9.933342553983655e-12, 1.3696514053701526e-11, 3.4063947213900767e-12, 8.83982370372931e-12, 3.305591185218121e-12, 8.66477034169975e-12, 1.980660638237706e-12, 2.0444972279259475e-12, 1.526626516468317e-12, 3.266958268984529e-12, 1.9727010318614968e-12, 7.0635775335256745e-12, 2.663338642312096e-12, 4.368501927919381e-12, 3.5332375765159238e-12, 1.6283265463036083e-12, 3.0453214036841156e-12, 3.725783539658072e-12, 1.1904674905672704e-12, 3.7014725342689306e-12, 2.2940658499712997e-12, 3.3137665979408898e-12, 2.227564621036778e-12, 3.118667519436848e-12, 7.502586046943766e-12, 6.701663774648501e-12, 2.4483158831309163e-12, 1.6725575464138575e-11, 7.266975529066005e-12, 1.1946625875655828e-11, 7.88599907866397e-12, 1.334467352268249e-12, 8.24306025377099e-12, 2.0787911927773213e-11, 3.494692700527341e-12, 1.7207054671254995e-12, 1.834441686743828e-11, 1.2812816760275864e-11, 6.863344229017432e-12, 4.251177224796693e-12, 6.108608049757698e-12, 9.658422428759646e-12, 6.3861800262303255e-12, 2.0795487278596994e-11, 1.667374612679325e-11, 5.953605904716523e-12, 2.1210692643267707e-11, 1.0583464012879021e-11, 1.0580287567421503e-11, 1.6454572341666537e-11, 3.5661991138454983e-12, 2.497067826377192e-12, 4.1445925941462445e-12, 6.431308240881043e-12, 9.01333345439875e-12, 5.512775467928392e-12, 2.039248618253638e-11, 3.776503186627271e-12, 1.357872673624858e-11, 1.1813588010399083e-11, 1.0546745120708094e-11, 1.7551903374956687e-11, 1.6727187806970255e-11, 7.929010919476883e-12, 4.177183835417698e-12, 5.468936032751463e-12, 1.0084700761367698e-11, 9.618841971337911e-12, 1.555897722055014e-11, 3.5563889443209226e-12, 2.1421568189427933e-11, 9.417964130404186e-12, 2.5546649763481707e-12, 1.1815295676000942e-12, 1.5533890459811763e-11, 4.4077898219122855e-12, 1.0034736158635729e-11, 8.017449924598333e-12, 8.36303363597486e-13, 1.5428836085052743e-12, 3.614289598317094e-12, 3.4255707027940722e-12, 7.016549236638355e-12, 1.6283836002295744e-12, 5.693113240226558e-12, 7.030158290057784e-12, 2.130421933086258e-12, 5.6946202634947545e-12, 1.7037510033563165e-12, 7.464635543913353e-12, 5.4903585311692976e-12, 7.775220064241457e-12, 7.571083274603634e-12, 2.219022690155796e-11, 3.4249085668661462e-12, 1.2436159146274025e-11, 1.9974487488564666e-11, 1.6029178573075554e-12, 2.099544790260953e-11, 5.851073056751931e-12, 7.001340681421033e-12, 4.631260446531572e-12, 1.8241608075939572e-11, 8.461453615488569e-12, 1.8243252594360913e-11, 2.4193046157798073e-12, 1.563545927255013e-11, 8.487780558643299e-12, 1.0684868388075233e-11, 5.379977942907085e-12, 1.1984821911268531e-11, 1.1838250062445694e-11, 1.5657549872080753e-11, 2.790117044709685e-12, 7.389434342901425e-12, 3.5363458513508316e-12, 1.0395861950153169e-11, 1.150632550524463e-11, 2.4578673333530875e-11, 4.763880991193219e-12, 1.1224240534912219e-11, 8.746394077558115e-12, 4.903909550790141e-12, 3.2400289422987398e-12, 2.5766851117215548e-12, 1.1277282860257614e-11, 1.5509459321864504e-11, 1.0150271196945598e-11, 3.1119687449174516e-11, 1.9813579628755977e-11]","[5.04629690313379e-12, 3.3251946502648393e-12, 6.373818744780214e-12, 3.2704456709197216e-12, 1.8362044809996884e-12, 3.4574681523735963e-12, 4.434758221841909e-12, 3.5418187457532673e-12, 8.728308092964836e-12, 1.2468798389537037e-11, 9.699543068208892e-12, 8.309160759545525e-12, 1.7534653345101988e-11, 1.0049419166716454e-11, 2.46427537877905e-11, 9.483708528198948e-12, 5.1622582454321985e-12, 2.1977394907616495e-11, 9.335017331692034e-12, 1.7377305127671858e-11, 5.180926388786107e-12, 8.596907574093023e-12, 4.320431613662953e-12, 4.031502328291212e-12, 2.0920339480853465e-12, 3.6182843392709007e-12, 3.862331659031081e-12, 2.9385531891052333e-12, 7.890168323831074e-13, 9.286029631134585e-12, 7.431188516760831e-12, 5.4441852800813e-12, 5.7130729904296315e-12, 3.42831904098457e-12, 4.417851030330213e-12, 3.1793290331395588e-12, 2.229074453545672e-12, 3.831898368298492e-12, 3.563080279708794e-12, 4.139921049354111e-12, 1.8793941320621378e-12, 2.75961730139365e-12, 2.0166511414321187e-11, 5.873168367375886e-12, 5.0720739926392446e-12, 1.670196423952891e-11, 6.285820090913976e-12, 1.1126799526559103e-11, 6.682909556813108e-12, 1.1719833685405027e-12, 9.223274261709885e-12, 2.582009701562378e-11, 6.555323276688567e-12, 1.890726089041295e-12, 1.471296680107472e-11, 1.1253874432258703e-11, 1.1504690659044881e-11, 2.8486702583328034e-12, 1.252406108593633e-11, 1.2815490840456359e-11, 9.293846561091122e-12, 1.6475749271116904e-11, 1.9288688656942307e-11, 1.0509622343598058e-11, 1.9243842337254e-11, 7.008640040675057e-12, 9.733013151106908e-12, 1.1646607563347893e-11, 3.8081226880046255e-12, 7.932202623681e-12, 7.189109711299259e-12, 6.718370625593549e-12, 1.047269851504069e-11, 7.547220057980379e-12, 8.225697331138871e-12, 1.9143521627949075e-12, 9.472760298856453e-12, 2.9305305500021055e-11, 7.308710969846311e-12, 4.281111368129408e-11, 2.047913468792344e-11, 6.4957888486499046e-12, 5.160696581317097e-12, 4.283709447411491e-12, 1.2991153005024513e-11, 2.5981154569805486e-11, 1.5741724141138444e-11, 6.911220077812503e-12, 5.845476708411405e-11, 1.741368267884842e-11, 2.168796666602005e-12, 1.0535407633105282e-12, 1.8677335423431804e-11, 3.87870427949332e-12, 1.3454949828491038e-11, 8.264706403996355e-12, 1.0609776751353677e-12, 3.623606415947693e-12, 3.889423191176326e-12, 4.041037860285052e-12, 1.3726535029254795e-11, 9.04962057589344e-13, 4.0651966279636675e-12, 6.8641680719875455e-12, 2.5792112057003683e-12, 4.114313515985886e-12, 3.1120547523134838e-12, 5.4772311443672865e-12, 7.023320455535066e-12, 1.0359901395581666e-11, 8.394348401519911e-12, 2.338999520836176e-11, 5.4134124055295394e-12, 1.6401801241825062e-11, 1.1034551111041205e-11, 3.826954562951411e-12, 1.2401798004681336e-11, 6.6908147391395105e-12, 7.730927725247146e-12, 4.8559298983182265e-12, 2.7592433529661195e-11, 1.2443337204495447e-11, 1.4517787398054585e-11, 1.9427189563296945e-12, 2.0155828439398943e-11, 5.908496361658988e-12, 7.74095552310026e-12, 9.8992617382866e-12, 8.274553275234082e-12, 9.320361430202335e-12, 1.585326715399438e-11, 1.618223956336393e-12, 7.0986771619889076e-12, 4.656167437510505e-12, 7.447916861724069e-12, 8.603070560102263e-12, 7.73398237543873e-12, 4.311670327238248e-12, 9.716934268182793e-12, 1.3105200381848348e-11, 7.1012469597368384e-12, 4.228276227417535e-12, 3.3646793763060477e-12, 1.0035955303472514e-11, 2.8728486061533354e-11, 1.1040003291031462e-11, 1.510403187054691e-11, 8.59981612438656e-12]","[2.5229885265409554e-12, 1.6648267753682158e-12, 1.980214586514934e-12, 5.136429939392572e-13, 3.5405986639127834e-12, 2.3085396947524696e-12, 2.245178496549586e-12, 1.896703012737207e-12, 3.0095275178107477e-12, 2.341124684524589e-12, 2.7211846914028144e-12, 1.6129058938192805e-12, 3.0528389434060784e-12, 2.31901706972942e-12, 2.7901701848823596e-12, 3.1124353461720716e-12, 4.279135979501833e-12, 3.678669476465754e-12, 2.5587254743073685e-12, 1.5512105571149594e-12, 1.909163072906094e-12, 3.2232228107032976e-12, 5.490642465520979e-13, 1.9440938817109436e-12, 1.0347905003947446e-12, 9.261214894083288e-13, 1.6015624383864986e-12, 1.0321749003158413e-12, 2.4829834352956444e-12, 1.3468112931659183e-12, 3.0857425878038625e-12, 2.4639358471949047e-12, 1.7150700289551345e-12, 1.0587150023619721e-12, 2.028224861160089e-12, 2.729984398312392e-12, 1.8075439407144247e-12, 5.544905110341058e-13, 2.001547770234239e-12, 1.898031355507251e-12, 1.7486515159936667e-12, 1.6054313774607223e-12, 4.896676895470973e-12, 3.5414847609814267e-12, 1.6736222099665647e-12, 5.577337446749966e-12, 3.4673692668767317e-12, 1.9995701620228822e-12, 1.5589628543344027e-12, 1.6259199827307082e-12, 3.794064941134263e-12, 3.1465329349175563e-12, 3.0664427614981013e-12, 2.3099114377926376e-12, 2.4008112851231604e-12, 1.8185005283071685e-12, 2.2427089013393844e-12, 3.089030420862882e-12, 8.276691385293731e-13, 4.458830940628624e-12, 3.0887724516337275e-12, 7.420013315763581e-12, 3.2895853490218594e-12, 2.451162938200282e-12, 6.812859901261111e-12, 2.205057519671651e-12, 6.490298350710788e-12, 2.691180730942092e-12, 2.3770487889133087e-12, 3.1462072411574843e-12, 9.007185074731676e-13, 2.358696681156062e-12, 1.6650482757170742e-12, 4.1396940415211e-12, 2.6356944889721515e-12, 1.7587725689919978e-12, 1.0943673908589719e-12, 5.377650290252238e-12, 4.8394685325529205e-12, 3.3878790669458003e-12, 4.3704647193486934e-12, 3.1362482110867242e-12, 1.2130933955184493e-12, 3.1782478945716956e-12, 2.047361658925616e-12, 4.845505106072661e-12, 2.9003768756207203e-12, 2.0110805736007883e-12, 5.526217460982283e-12, 4.143131637792459e-12, 1.675492040340359e-12, 1.804389586380964e-12, 2.5175152585825155e-12, 4.293974736734684e-12, 2.8486985403197837e-12, 5.655526872253715e-12, 7.230201450092136e-13, 2.1258708085627776e-12, 3.4619932911942764e-12, 3.055205517468472e-12, 3.1755852917416064e-12, 4.519135197904619e-12, 3.580285677114619e-12, 2.1273592003156533e-12, 2.120681470349156e-12, 3.4894465020488e-12, 1.537453038235707e-12, 2.2830835089642367e-12, 1.1273879081727845e-12, 4.185624237833672e-12, 1.3867601061371342e-12, 4.549995022881774e-12, 4.861878057466263e-12, 7.528294162403628e-12, 5.803833695859121e-12, 1.4272958746330111e-12, 4.491651389658989e-12, 4.400654770449266e-12, 2.228311975546724e-12, 4.932818989319079e-12, 1.1059098379049795e-11, 2.797596688598327e-12, 4.752671795229517e-12, 3.1914681515170812e-12, 3.786252552382273e-12, 1.5170058681113346e-12, 6.42979611902737e-12, 4.448126808920481e-12, 2.2218924871144463e-12, 1.1569110733807574e-12, 1.3469034678336586e-12, 1.7311591352017647e-12, 1.9640074069791247e-12, 1.087677796359419e-12, 2.2080774048826486e-12, 4.5738094510131124e-12, 4.3256060260103336e-12, 1.7779174269528273e-12, 4.2121739846711345e-12, 3.2275651141390977e-12, 2.393411494056955e-12, 2.7918057308088427e-12, 1.3069920202327298e-12, 2.7523595929023513e-12, 3.725649346836279e-12, 2.13557950301656e-12, 5.09707852740031e-12, 2.5240816219643106e-12]","[3.329480954667204e-12, 1.2794451974172693e-12, 1.855298157293618e-12, 2.6195059607909795e-12, 3.4341624880958736e-12, 2.8566228414354015e-12, 3.54440100735109e-12, 4.137713321282035e-12, 2.1516595033921936e-12, 2.887670661684762e-12, 3.675295359467094e-12, 5.242489964848314e-12, 5.531757104697632e-12, 4.494859977027157e-12, 7.420479251598372e-12, 4.255046561121553e-12, 3.5391716284924118e-12, 4.9157551624924504e-12, 4.5976371486164275e-12, 1.7872342921566164e-12, 1.9675322722384554e-12, 5.6943196869870734e-12, 1.739852119451697e-12, 2.8372144572901e-12, 8.54726896748507e-13, 1.1380419697880573e-12, 1.7715533117630638e-12, 4.4573210914310176e-12, 2.267410024669107e-12, 2.260165078031358e-12, 2.6869006760039454e-12, 3.2727539205045686e-12, 2.2400259227592624e-12, 7.481550362924989e-13, 1.0620914580313946e-12, 4.046781180430212e-12, 2.8656946957262324e-12, 3.1784779651015077e-12, 2.702910728658377e-12, 4.199303861024121e-12, 2.8620338384530157e-12, 4.23418337762525e-12, 5.029908814697934e-12, 3.808682325481222e-12, 1.6286644159883396e-12, 5.724559626323696e-12, 1.1674278044305203e-11, 8.754245851915751e-12, 4.077594167593429e-12, 2.7677765380982363e-12, 5.162855747491778e-12, 5.4490921700506365e-12, 5.648854074458297e-12, 2.796868802199599e-12, 8.573194324603844e-12, 5.0696047274938975e-12, 2.4666926889825357e-12, 5.3829380616168475e-12, 2.5803186248947664e-12, 2.4782744325597997e-12, 4.3612813905891045e-12, 9.447602291010199e-12, 3.207493350985373e-12, 5.282756130469815e-12, 5.150900927635124e-12, 3.2228146626497366e-12, 1.25267178059289e-11, 5.5812466440462245e-12, 3.0888540918360538e-12, 5.8424598223993474e-12, 2.917467157860382e-12, 7.046952495489703e-12, 3.747608976392755e-12, 4.832789947541989e-12, 8.530320559935445e-12, 2.3561225688574874e-12, 1.5185814652742521e-12, 3.702481044892952e-12, 3.595498437750146e-12, 2.254520172467347e-12, 4.091948268157179e-12, 5.295992208701368e-12, 2.2393099744961497e-12, 3.691214779019796e-12, 7.516264220996677e-12, 7.026905409312324e-12, 6.5223395552657886e-12, 2.6293079000452443e-12, 3.766348939887838e-12, 6.338940767705606e-12, 3.6034821856786e-12, 2.970879186075186e-12, 6.133628315518225e-12, 4.867502439672996e-12, 1.9829839291006662e-12, 4.668034964616383e-12, 8.791521262870681e-13, 3.760890542627658e-12, 4.185113843710152e-12, 4.239656482674486e-12, 4.600810341048139e-12, 4.719474420433055e-12, 1.882673097528096e-12, 4.466411582892531e-12, 3.900999646682507e-12, 3.858819956037382e-12, 2.148294365567167e-12, 1.62243943921541e-12, 2.519344725226354e-12, 7.272110328673875e-12, 1.2550493981749007e-12, 3.5402330788396156e-12, 6.375755745769155e-12, 8.894475947273472e-12, 4.60514714917637e-12, 2.777632404871624e-12, 7.222152401589068e-12, 6.796591200971282e-12, 1.8847771907852318e-12, 4.35494478962308e-12, 1.580060310562705e-11, 3.702262682800154e-12, 4.636898457854964e-12, 4.8301494541092516e-12, 9.271331488358585e-12, 1.3774389913123204e-12, 5.437847092852705e-12, 8.93798791488393e-12, 4.536995439497705e-13, 4.297627105062468e-12, 1.0540758071599406e-12, 1.8280686118231295e-12, 2.8700264233260465e-12, 2.2811393481877726e-12, 2.81143889021684e-12, 4.438984197213149e-12, 8.88984968188787e-12, 1.3096468252931145e-12, 3.9096099125668965e-12, 5.000803908088008e-12, 2.8811573528867807e-12, 3.4924956927972625e-12, 3.1741010598492224e-12, 5.5068970544808925e-12, 4.3391475273276236e-12, 5.026216463470002e-12, 6.992176159539669e-12, 6.59724426772591e-12]","[3.967023686507152e-12, 2.0168778329847746e-12, 1.6380700254424872e-12, 1.3565719444126975e-12, 4.141132670002285e-12, 3.2511440813383193e-12, 6.272330993414115e-12, 2.486252139607116e-12, 3.775893788987565e-12, 2.6097007373368937e-12, 6.336896728017794e-12, 3.923774409731812e-12, 5.029774706084241e-12, 3.360024400626307e-12, 4.5257782404298575e-12, 3.3743976502670764e-12, 5.085111327407651e-12, 5.795240645664812e-12, 4.614342708132998e-12, 2.066279790600111e-12, 2.9584264596758373e-12, 4.6049276549585585e-12, 1.7410255312365999e-12, 2.901824770199463e-12, 1.3885439868951409e-12, 1.1773531443582169e-12, 2.909214716970637e-12, 3.954346181897098e-12, 2.0382507898678556e-12, 1.6176981225039118e-12, 5.058688188038945e-12, 1.4332512713192126e-12, 4.355812730664417e-12, 2.25961162717668e-12, 2.9099397403494246e-12, 2.8821965526410706e-12, 4.668499928028378e-12, 1.734900713896615e-12, 3.3717691830866172e-12, 4.1745599796012914e-12, 2.7647475339934603e-12, 3.2397013889023305e-12, 1.0653636920966963e-11, 4.252221453615383e-12, 3.0824123506177207e-12, 6.9521742466470685e-12, 9.697923703095214e-12, 3.4295723985199405e-12, 2.679421513878073e-12, 1.8192660918293227e-12, 4.393167026072787e-12, 5.702801487528686e-12, 4.026459224932821e-12, 2.137132638779717e-12, 3.941997595436567e-12, 4.913542782258317e-12, 2.175782014063504e-12, 4.266771353237711e-12, 1.1835632117378905e-12, 5.046348953228805e-12, 3.789366684245284e-12, 6.804929106128243e-12, 3.0311546491485314e-12, 3.30309041497743e-12, 1.0166614539978729e-11, 3.3319893676516213e-12, 1.2462622134011876e-11, 4.925806466474907e-12, 3.295462452407695e-12, 7.629037796024186e-12, 1.4315593443796642e-12, 3.718777641895373e-12, 1.7568381708379686e-12, 6.154238503036829e-12, 7.025675820696248e-12, 1.728503822196752e-12, 1.4286163459074445e-12, 9.203115492306597e-12, 5.759524833952273e-12, 3.871741213835344e-12, 4.577062749338677e-12, 7.928935433438214e-12, 2.5218694981082046e-12, 4.3180399847573995e-12, 2.762234705887813e-12, 5.2769128045664126e-12, 4.455744394931712e-12, 2.2058329813678014e-12, 7.708815818852238e-12, 7.63802397548731e-12, 3.220025323780755e-12, 2.9575685898297997e-12, 4.988632366069129e-12, 4.6263836497797616e-12, 2.682381278328925e-12, 6.259709418300987e-12, 1.0599201960968993e-12, 3.5463464020254548e-12, 5.2054513560184266e-12, 4.233370397025891e-12, 4.2532458119528975e-12, 5.413214129593163e-12, 2.3041880729559363e-12, 3.6190618100858326e-12, 4.399221034848255e-12, 3.7558089484609094e-12, 3.063335380966335e-12, 2.4866350560406354e-12, 1.9143956333825998e-12, 8.248963186170808e-12, 2.022397315507152e-12, 5.6533474773684415e-12, 6.574497711752347e-12, 6.858944218915024e-12, 3.798071510949435e-12, 2.73132345970402e-12, 7.2134989380199574e-12, 6.3492662121238165e-12, 3.2883846967913863e-12, 5.993877376602567e-12, 1.539390713205643e-11, 2.008585095079105e-12, 4.414259672956403e-12, 5.200338258182894e-12, 7.522553938714618e-12, 1.7239136436413079e-12, 8.170981415284414e-12, 4.355188553962887e-12, 7.560661552170351e-13, 2.1050079373860374e-12, 9.533811086294007e-13, 2.037694850734436e-12, 3.649921285777021e-12, 1.3664479949853445e-12, 3.2940247251366577e-12, 4.384201039573556e-12, 6.749269113538e-12, 2.614294709722141e-12, 5.6714952721671345e-12, 4.127621043978396e-12, 2.6763532227407075e-12, 3.578345239041428e-12, 1.6718854886942712e-12, 2.708469190325348e-12, 2.8804638532521614e-12, 3.294844395694276e-12, 7.641329155403228e-12, 4.849676647984673e-12]","[5.047102606283588e-12, 3.451836822900172e-12, 4.3397943449618995e-12, 8.219552525940922e-12, 3.895796685910004e-12, 1.004497961795598e-11, 8.083938292681455e-12, 6.9201999577366125e-12, 4.709585320628699e-12, 4.881593062826739e-12, 1.4728436745003882e-11, 9.173047724833436e-12, 1.4276106189129276e-11, 9.850466872500952e-12, 5.446016914645832e-12, 4.01020498196526e-12, 1.4578727280148368e-11, 6.26521774668137e-12, 9.186248262132903e-12, 9.398353578011934e-12, 3.2032855913966355e-12, 9.777853649357543e-12, 2.6065754778508677e-12, 8.21521352291281e-12, 3.4793273660468095e-12, 3.766022208382523e-12, 4.3179437929832545e-12, 5.5232017278394e-12, 2.096011219631895e-12, 2.557479721776888e-12, 6.655998008523744e-12, 4.1064126106400545e-12, 6.377039654425165e-12, 4.87875296740967e-12, 6.423328159850663e-12, 8.648936409162239e-12, 5.813147734803374e-12, 5.631213796877071e-12, 3.40706402217713e-12, 9.47779089920863e-12, 1.818322753982548e-12, 3.650665729992408e-12, 1.643710607923567e-11, 6.7691788629448376e-12, 7.5471312447763e-12, 8.021945661813367e-12, 1.1476156092640369e-11, 4.3359055813802175e-12, 8.012894183107856e-12, 2.946636004380032e-12, 5.47333952834267e-12, 1.1545922691562317e-11, 5.25670650636086e-12, 3.4902082498227634e-12, 1.1227163726846081e-11, 3.5402067172797586e-12, 4.930607079439677e-12, 8.892655278861332e-12, 4.205952262805694e-12, 3.072908444801425e-12, 6.8901808667731445e-12, 5.12815181632038e-12, 3.3013832488931787e-12, 4.3905718705292134e-12, 1.1518481250587295e-11, 4.855965150617722e-12, 1.758256827826073e-11, 6.390393300880553e-12, 2.442820610119876e-12, 1.296820748272876e-11, 4.4418439128772136e-12, 8.06104607644076e-12, 5.4869520056310135e-12, 1.1004636971614328e-11, 1.4714466532073482e-11, 3.902455798841244e-12, 2.9747988283475425e-12, 7.744520104845549e-12, 4.368350113014522e-12, 3.3187035661979416e-12, 5.682925728054536e-12, 1.4884882462741248e-11, 5.600065810352143e-12, 5.352599873490208e-12, 3.144439240181057e-12, 2.9245720135288853e-12, 7.129244211892817e-12, 3.0558324752111663e-12, 4.62808028851108e-12, 8.67981768720905e-12, 5.962492474324861e-12, 1.986599664199433e-12, 7.336893444195501e-12, 5.9493907523695865e-12, 5.161918551011072e-12, 6.268842827190952e-12, 1.5295680528887938e-12, 6.488467532324879e-12, 9.305612333897417e-12, 3.113674882602028e-12, 2.496446389906059e-12, 6.21244425911883e-12, 3.8255690312165136e-12, 4.144444272659478e-12, 5.826932662080302e-12, 6.615277411534699e-12, 2.29224014729831e-12, 8.585273950564116e-12, 7.55150025622091e-12, 1.2900406795084975e-11, 5.9120485356074584e-12, 5.2361898643056844e-12, 7.232925082403535e-12, 2.0808558036095873e-12, 6.49101577580691e-12, 3.949087227226252e-12, 1.1581624974863194e-11, 8.90889914619795e-12, 4.257178661237748e-12, 4.8769431256976e-12, 7.281252147278452e-12, 1.8660169707114385e-12, 8.788925070655286e-12, 5.4189999608961055e-12, 1.3268011725242445e-11, 6.635227323671027e-12, 9.530286797721194e-12, 7.44834396074444e-12, 6.1184295335493345e-12, 3.875956014844562e-12, 3.3006503807860216e-12, 2.7008436793017893e-12, 4.2295568908980356e-12, 1.42058652041228e-12, 1.0136455638522918e-11, 5.433350978919422e-12, 1.4387232768770701e-11, 5.915068193640833e-12, 6.553276069694823e-12, 6.338825434274e-12, 2.949281557531679e-12, 3.9401519601032634e-12, 5.777253397697112e-12, 1.8952277136767025e-12, 3.410265398394465e-12, 6.8269212467716e-12, 1.1874814494097637e-11, 1.2894692329685704e-11]","[9.526137418275166e-12, 3.1057681533827795e-12, 5.063522556569267e-12, 6.558738730130691e-12, 5.4944253307334875e-12, 1.3926496562812315e-11, 1.1071711443026436e-11, 7.587972808507406e-12, 6.328145308211836e-12, 4.465029930879833e-12, 1.2092888005263205e-11, 8.365684084251695e-12, 1.2442668023433151e-11, 9.927820245128352e-12, 1.0613709216349713e-11, 5.327580172562418e-12, 1.2957291805041146e-11, 8.889303615360857e-12, 1.4327810091970886e-11, 1.0390683928475912e-11, 2.0490237383623085e-12, 7.140161272728362e-12, 1.9853317156365467e-12, 1.0189295086546663e-11, 4.324099156967105e-12, 3.0561721369764968e-12, 3.492914851301386e-12, 9.037572548911787e-12, 2.1724655578792772e-12, 3.4664814136138904e-12, 4.516192788971799e-12, 2.5550126725277607e-12, 9.524911677058415e-12, 4.136814302414591e-12, 5.3033065260547025e-12, 1.0512212009278302e-11, 7.480129993856633e-12, 9.237177380434233e-12, 3.439730063226546e-12, 1.3476954318912315e-11, 2.319512923722547e-12, 7.483736293195728e-12, 1.497251829635823e-11, 9.210221441373164e-12, 1.1281510539358575e-11, 1.420048079926176e-11, 1.9106069618590395e-11, 6.788311401772265e-12, 9.176382118083126e-12, 3.2661278107499717e-12, 8.051318226092634e-12, 1.085230265416298e-11, 4.648065964012919e-12, 5.7670753449042215e-12, 1.5131056727474555e-11, 6.358534706526557e-12, 4.382986508110324e-12, 8.971609573712044e-12, 4.4405870977717185e-12, 2.4418041030290537e-12, 7.946607467073614e-12, 7.769406463157806e-12, 3.716035206863389e-12, 6.049062577361135e-12, 1.0383312511381706e-11, 3.851784167653971e-12, 2.049845484054299e-11, 9.393839959354677e-12, 3.872269243637392e-12, 1.429149062365126e-11, 3.19241935658424e-12, 1.0614149516814553e-11, 6.7501519604130615e-12, 1.2445565885928904e-11, 2.066123036444591e-11, 5.576428912189367e-12, 5.271538919446887e-12, 4.506935927491935e-12, 5.355616206579996e-12, 5.549613799590692e-12, 4.829149926112791e-12, 2.0331115103302092e-11, 6.7857316532892116e-12, 6.121328510492891e-12, 9.335202293394053e-12, 5.2830779000410865e-12, 7.580656824824239e-12, 3.586605952747058e-12, 2.695092928028615e-12, 1.3805879492298347e-11, 8.505005128429778e-12, 3.330543273626158e-12, 1.365188278934347e-11, 7.507946085256863e-12, 4.747373678808433e-12, 6.399858635463952e-12, 9.724450484536575e-13, 6.664385306697379e-12, 1.1044812783428348e-11, 6.165718695393922e-12, 3.665478206432583e-12, 9.128633243685343e-12, 2.691348643701794e-12, 7.26882626958461e-12, 7.661986649290874e-12, 5.603214904358984e-12, 3.5987529708992843e-12, 5.8216254589190825e-12, 6.224895816872053e-12, 1.5369161297575454e-11, 5.9400625375229214e-12, 6.654953790125431e-12, 1.1577055468364799e-11, 5.310000318138639e-12, 1.0473776787072894e-11, 6.126666226942e-12, 1.9024696721295593e-11, 1.0293531705769682e-11, 3.7030416332124435e-12, 5.7995043409298985e-12, 1.6361138007209564e-11, 2.672148905525585e-12, 8.706438117557183e-12, 8.135262942503641e-12, 1.6046384423620122e-11, 4.564739097643854e-12, 8.424972023629968e-12, 7.916123966513004e-12, 6.3887304521341646e-12, 5.582347859034416e-12, 2.7418027307595474e-12, 3.892840115880937e-12, 6.525760614095212e-12, 1.3720824970189705e-12, 9.84778167123436e-12, 5.9580701397538894e-12, 1.57660957509807e-11, 6.185401851884423e-12, 6.439250374084206e-12, 8.68615875424429e-12, 3.714219523563113e-12, 3.5927988821841322e-12, 5.588597273472247e-12, 4.372624574519154e-12, 2.9687636219895384e-12, 8.540622642306525e-12, 1.489834281064813e-11, 1.4927037914277295e-11]","[6.869498148451135e-12, 2.594474057175398e-12, 6.589041671429024e-12, 8.695018374993756e-12, 3.8629852403923694e-12, 1.1049175235131762e-11, 7.083260242692198e-12, 1.1985408743809244e-11, 5.891362242161029e-12, 5.608346891528899e-12, 1.043159961672496e-11, 8.153946730960904e-12, 8.133203519394952e-12, 6.358923239845441e-12, 1.3575908186956184e-11, 4.303673353003775e-12, 4.979090899746703e-12, 5.818759368801662e-12, 1.134510763014415e-11, 1.2205747626592136e-11, 3.750593701536104e-12, 5.8240503149492695e-12, 2.7676177615360953e-12, 8.96656512263026e-12, 2.8254917429185804e-12, 3.058630790913099e-12, 5.3343681408926346e-12, 1.1114270182619094e-11, 1.2930430424994108e-12, 2.9153237093134974e-12, 7.594611337656348e-12, 6.270997179597199e-12, 6.9514136925266924e-12, 2.847608186682176e-12, 5.5087221449717545e-12, 1.3883246813983761e-11, 3.226563943402533e-12, 1.232375819024857e-11, 1.8385896268419526e-12, 1.0559688238733042e-11, 2.739167476304528e-12, 7.076018345099437e-12, 8.464212861000222e-12, 1.0324710574836033e-11, 6.492198644448832e-12, 1.2007279411835794e-11, 1.520375711476884e-11, 9.177155196500907e-12, 1.3890301060669254e-11, 4.672194373077942e-12, 8.124712903812905e-12, 1.0759551913115377e-11, 6.362156423700469e-12, 7.152231564075075e-12, 2.8048568168940244e-11, 6.888605070180683e-12, 5.350598456111751e-12, 6.487772785108646e-12, 7.881138265207351e-12, 3.386692548543259e-12, 9.376334825699033e-12, 1.0578280031747736e-11, 4.182430758324561e-12, 6.385076834938063e-12, 7.006389191078956e-12, 9.028948865122397e-12, 1.4975284200965415e-11, 8.412049240884627e-12, 3.3694131944959137e-12, 7.148442273559906e-12, 6.269683817481008e-12, 6.6540177838733606e-12, 7.083800888599806e-12, 8.871153844642268e-12, 1.5570220562116303e-11, 7.147056903726626e-12, 7.702395578777379e-12, 3.2765149861248427e-12, 6.054950813591858e-12, 3.837673734943726e-12, 4.764319076934454e-12, 1.2915548019329889e-11, 5.5285328244727544e-12, 4.351960446486559e-12, 1.6437100361798092e-11, 1.5701900432314192e-11, 1.4352750588826949e-11, 3.1279245060242058e-12, 9.235834131288856e-12, 6.62098189270725e-12, 7.684567539697586e-12, 3.1510221275492968e-12, 1.0871160076850618e-11, 5.86957890678979e-12, 9.678143388667093e-12, 7.0543341082427355e-12, 1.358894204030906e-12, 5.328350740339452e-12, 9.253485147395702e-12, 1.0191587458777967e-11, 6.096772224687743e-12, 7.62164786208777e-12, 4.5396192576765386e-12, 1.2077920263558437e-11, 1.1633060754269855e-11, 6.798876451472385e-12, 5.381889006114461e-12, 4.233151337707152e-12, 6.001246173820196e-12, 1.3311012728008076e-11, 4.0165724494455805e-12, 9.795282826015995e-12, 1.1320073792658531e-11, 5.910901045151885e-12, 5.8168417529123e-12, 3.645545059617246e-12, 1.687765353751759e-11, 1.0428693826485369e-11, 2.3533390474419306e-12, 6.814745691932564e-12, 1.3634881272824883e-11, 3.833544508930723e-12, 6.9743339206937095e-12, 6.092959119375703e-12, 9.119500781676763e-12, 5.721212907419988e-12, 7.635295619912947e-12, 1.2149609735842061e-11, 6.262607223544523e-12, 5.5643004804172065e-12, 5.976729782805457e-12, 3.3369302433428724e-12, 7.170282906106967e-12, 2.2246786661242226e-12, 5.715227317033138e-12, 5.695480988605385e-12, 1.807753688611104e-11, 4.23330271007723e-12, 6.3055696304502845e-12, 1.1930942140080189e-11, 7.790403054504955e-12, 3.4700666981705803e-12, 7.144842148337331e-12, 1.1517521980614903e-11, 1.1317635050804182e-11, 9.0084989133191e-12, 1.933213221704726e-11, 1.5888389576077627e-11]","[7.579704926722594e-12, 5.370044404575384e-12, 8.212903427625642e-12, 1.0391545527224822e-11, 2.866854334789157e-12, 1.2596537160795028e-11, 1.1298083359940723e-11, 2.1223406179438766e-11, 8.424071974308531e-12, 7.304832997885697e-12, 1.192650163095481e-11, 7.160951562470477e-12, 7.047131977089495e-12, 4.84864245125587e-12, 1.1574977218654098e-11, 4.587542191226504e-12, 6.630877313976152e-12, 7.898923344754344e-12, 5.7504596293304794e-12, 1.7836222573966058e-11, 1.3088798994033341e-12, 7.426342853645494e-12, 1.5849193221993511e-12, 1.1543162309675906e-11, 3.939770186821094e-12, 3.071447043560029e-12, 6.35921760350217e-12, 1.1094831183007432e-11, 4.9834398864175614e-12, 1.5601282960095898e-12, 1.02621151397603e-11, 6.6801054441416735e-12, 1.2956946094634452e-11, 3.0223062295065524e-12, 7.863638157535671e-12, 1.3465764314109957e-11, 4.4024085770604205e-12, 1.3543920653019914e-11, 1.8829358531132058e-12, 1.0951731144927689e-11, 2.0826124863804453e-12, 5.729694666074762e-12, 1.183359570129767e-11, 1.0425347177443377e-11, 6.438278846199605e-12, 2.3235516968135192e-11, 1.2877621041929858e-11, 6.2890209623806274e-12, 8.092350987014574e-12, 4.981729473893597e-12, 6.63248419608287e-12, 1.2420425532099736e-11, 4.518188943971479e-12, 6.876927755821786e-12, 2.3334553771731626e-11, 7.276356847883865e-12, 5.407053403752008e-12, 8.604930998682039e-12, 6.386222047137022e-12, 5.847314927980748e-12, 8.836397376838775e-12, 1.0994235434242739e-11, 5.8092016090065065e-12, 7.369955014316118e-12, 1.1992432383006203e-11, 1.501720547974302e-11, 1.1862385250541952e-11, 1.1832387635842967e-11, 3.39446379157088e-12, 4.272056393293961e-12, 5.222317369598004e-12, 7.2736131761156715e-12, 9.083623350420184e-12, 1.1163113581642088e-11, 1.756071742292494e-11, 7.697017263169616e-12, 1.0187776086900622e-11, 2.476001569394304e-12, 6.259943936886424e-12, 6.2879117157549325e-12, 2.8378683982245192e-12, 1.5608251161894804e-11, 6.952835078164304e-12, 5.309606340029004e-12, 1.8810896178750025e-11, 1.3046826245968113e-11, 1.9905409646825837e-11, 3.037055175368255e-12, 9.261338809009164e-12, 6.534043655052062e-12, 7.615842255841211e-12, 2.9845301338226564e-12, 1.0561518086368205e-11, 8.487116764911025e-12, 1.5503695725328887e-11, 1.0141694315910594e-11, 1.6190087987858783e-12, 7.648593969710582e-12, 1.0519449006286808e-11, 1.7934536922175848e-11, 3.057878545811839e-12, 7.771733667252046e-12, 5.50625579228512e-12, 1.0834474183715736e-11, 1.3525537307260655e-11, 1.1207898547348081e-11, 6.813602589462013e-12, 1.1491273265881602e-11, 5.552610145592653e-12, 1.499639484056069e-11, 9.403044229048999e-12, 6.363256219596311e-12, 1.1728564848139818e-11, 6.3853071121549444e-12, 8.694010697614532e-12, 3.809176032539994e-12, 1.6357077708087502e-11, 8.730226195853161e-12, 4.395268949262982e-12, 1.1501705848024224e-11, 9.97256264890217e-12, 5.458106660845996e-12, 1.4817562242919127e-11, 5.6161994921188e-12, 4.75959811259772e-12, 9.013818004099982e-12, 7.087944349588275e-12, 8.813344722358102e-12, 9.824219449396241e-12, 4.954243101761267e-12, 9.216047923148641e-12, 3.8700542334713845e-12, 6.8832625852184725e-12, 1.953316238997272e-12, 7.401835541171491e-12, 9.971622983005361e-12, 1.79569565026111e-11, 7.807828376720643e-12, 1.2985307060116763e-11, 1.0881236331910022e-11, 6.452109284479048e-12, 2.5830139465884315e-12, 6.172285646162107e-12, 1.8237604763158057e-11, 1.6973630442762665e-11, 1.1213040587816373e-11, 2.3157232206048483e-11, 1.7914249817421497e-11]","[3.554986133058809e-12, 3.257346724876353e-12, 8.116256046747208e-12, 9.547851652273297e-12, 1.1110262964723918e-12, 7.112271621686766e-12, 8.02580108464962e-12, 2.642513199918641e-11, 7.550848413025642e-12, 7.813705846941078e-12, 1.0296478480524203e-11, 5.511583049774907e-12, 7.651615394188272e-12, 2.0596554148291927e-12, 7.139495532070177e-12, 7.0548742757086864e-12, 4.899717456452219e-12, 4.532439461942094e-12, 4.985644944669052e-12, 1.6159893127292448e-11, 3.761347776670231e-12, 1.0020241389343856e-11, 3.410912975723523e-12, 8.251191462000053e-12, 4.4133252581523894e-12, 3.0756294366411837e-12, 3.4260421059528043e-12, 1.142101972137993e-11, 6.4007839661263e-12, 6.654683177678884e-13, 6.251842543261743e-12, 5.787665518095503e-12, 1.000764662441944e-11, 3.000590625690108e-12, 5.234716341801187e-12, 8.711781960628328e-12, 2.3381312466745257e-12, 7.545847302293949e-12, 4.065537709563904e-12, 6.220929560015169e-12, 2.859241439190397e-12, 6.115417305788005e-12, 9.262976183910004e-12, 7.197293611493364e-12, 5.393523243220942e-12, 1.687379994526682e-11, 6.472708239177736e-12, 4.238455231020589e-12, 3.4273581066120894e-12, 3.9865987103801466e-12, 4.74070471599716e-12, 1.0672534449287282e-11, 3.5720127494552557e-12, 5.171296008816507e-12, 1.2552866675895385e-11, 5.685447523618358e-12, 4.774897348681959e-12, 6.115604210401705e-12, 5.986664630002176e-12, 3.995468466589499e-12, 5.2374258862797005e-12, 9.329220603835918e-12, 5.521403544733924e-12, 6.729715516161168e-12, 1.4204182450075313e-11, 1.1586587209108557e-11, 5.463192629423413e-12, 1.0709400931839275e-11, 1.4970938425342802e-12, 2.934062484294292e-12, 3.149813093784953e-12, 4.934114299042923e-12, 9.834215773011734e-12, 9.026212706130734e-12, 1.1551682675304046e-11, 4.736128673681026e-12, 1.0014661597672088e-11, 2.9743676973109278e-12, 4.807168130151343e-12, 5.7201939099036965e-12, 2.8357849633006094e-12, 1.2334214929419318e-11, 3.3837486928832244e-12, 5.61560361088659e-12, 8.949445689727661e-12, 4.61508438862458e-12, 1.1380448198224204e-11, 3.933705371749061e-12, 8.573093169096055e-12, 3.978999813358187e-12, 7.162146606041821e-12, 5.010210829365843e-12, 9.526499655158879e-12, 5.461462927038703e-12, 8.519925363493371e-12, 1.0685239763262874e-11, 3.1775430162391136e-12, 6.140269806036599e-12, 3.5761910114388837e-12, 7.754417539497979e-12, 3.1009720127126188e-12, 7.176042102474621e-12, 7.657009507824427e-12, 5.932828698354865e-12, 7.309024339860576e-12, 1.0346587190873651e-11, 3.62752359547015e-12, 1.2520114665928729e-11, 3.899355345649138e-12, 1.0826730842088166e-11, 6.110609985469744e-12, 3.2609179899756052e-12, 6.9304558655718935e-12, 5.1009878128760715e-12, 1.1148085946876676e-11, 2.9767847678413856e-12, 8.350588585324064e-12, 5.251881688064248e-12, 6.8770962264561324e-12, 9.647407737478264e-12, 6.920872914061078e-12, 5.34833934653043e-12, 1.6818716461440044e-11, 4.044105153052268e-12, 3.2254258454156883e-12, 8.767575514683091e-12, 7.15748669175219e-12, 7.249755977138244e-12, 1.0500877846752334e-11, 5.451024082825163e-12, 6.22354722605076e-12, 5.791251207382779e-12, 3.4374974077801094e-12, 9.017191641125253e-13, 5.888841998599962e-12, 1.1325306467285123e-11, 1.322073187171357e-11, 6.303595649614088e-12, 1.2309968269051789e-11, 6.629490399223478e-12, 3.800266204813253e-12, 1.1349990611454128e-12, 5.2353957976738406e-12, 1.2663392236237988e-11, 1.2046608897782507e-11, 9.504339607179796e-12, 1.4530095667782161e-11, 1.4088859767904824e-11]","[5.1454933648443175e-12, 6.032835530374308e-12, 6.136699397493916e-12, 1.1581306146923177e-11, 2.328421233221124e-12, 8.134253102042806e-12, 1.552667611890697e-11, 2.3466623492744447e-11, 7.953312278707423e-12, 1.3753482630141928e-11, 9.164654481789385e-12, 9.396148698488181e-12, 9.682768027313534e-12, 4.233928777402147e-12, 1.393996641590639e-11, 7.170595350524063e-12, 1.0261637642590296e-11, 8.47872321946935e-12, 5.674176752367203e-12, 1.7306041171837678e-11, 2.566717072667359e-12, 7.364703308621119e-12, 4.615595344106802e-12, 8.781136318099915e-12, 8.859275159264018e-12, 4.9038558229434845e-12, 3.5404831031866815e-12, 1.472606385490186e-11, 7.569127442835299e-12, 1.7219133064538558e-12, 1.0247493666360711e-11, 5.369858350612497e-12, 1.701055631251796e-11, 2.0347394237219154e-12, 5.364309776932881e-12, 6.9765327048256666e-12, 2.00986614759985e-12, 6.08922504827944e-12, 5.4788499580159256e-12, 5.955407303576766e-12, 2.667379861989701e-12, 4.501364477463784e-12, 6.957945213668162e-12, 1.1985367298651796e-11, 1.0328471482760405e-11, 2.002012339976452e-11, 6.573077216080848e-12, 8.002711053065736e-12, 3.434318663917557e-12, 7.799435753510505e-12, 3.17346944117903e-12, 1.0148568201532397e-11, 4.289530192794062e-12, 4.166981118686521e-12, 9.950035775315068e-12, 4.820204601321261e-12, 5.87311685407238e-12, 8.650734281966551e-12, 1.3482084463964826e-11, 3.4289549445526856e-12, 3.601201497265078e-12, 9.959047693818295e-12, 8.366794046870811e-12, 5.9300995060970215e-12, 1.1687547832194181e-11, 2.0677694942065828e-11, 6.787974212375915e-12, 1.587181931642879e-11, 5.00326872052914e-12, 2.710196315299462e-12, 3.726785360993992e-12, 6.82760305926397e-12, 5.071132060550195e-12, 8.276093438001517e-12, 7.616924522875186e-12, 3.911081605372507e-12, 1.58017058648645e-11, 3.673391197828895e-12, 2.740012410156073e-12, 4.702080185842215e-12, 3.1938768138914215e-12, 1.2160125155172379e-11, 4.992441760257878e-12, 5.474102316892286e-12, 1.618068381485039e-11, 5.3618053253583735e-12, 1.0104518930964406e-11, 4.7490602383400864e-12, 8.471513433960432e-12, 6.8538497397899726e-12, 6.702620317921483e-12, 6.282808026157022e-12, 1.2723933976286953e-11, 5.290180144882777e-12, 1.2849490443404535e-11, 1.140850823995621e-11, 2.793942836907989e-12, 6.448768705302237e-12, 5.679478654683416e-12, 1.8891857005983474e-11, 3.269765424271727e-12, 9.549555976406409e-12, 6.150052007836181e-12, 1.2012772709977989e-11, 1.0095966557942733e-11, 1.267917622352164e-11, 5.248616235078798e-12, 1.347974770225787e-11, 3.938742058103783e-12, 8.868822154618212e-12, 8.196568436537806e-12, 3.6210658904907673e-12, 5.323427386225066e-12, 5.6216554813063086e-12, 1.9857601982431532e-11, 8.082418598862967e-12, 7.370980484609188e-12, 4.344671756698924e-12, 1.0568922298807941e-11, 6.312180315642109e-12, 1.016676382683425e-11, 5.203150053229196e-12, 1.688370560683253e-11, 6.281875581646743e-12, 8.303175996394187e-12, 6.610359381852974e-12, 4.8556269049917125e-12, 7.603772112493635e-12, 1.4272052126594414e-11, 5.931525139078234e-12, 1.0386110090490036e-11, 6.1339584554184076e-12, 2.5078354089218636e-12, 3.0111542778971526e-12, 8.131792338538223e-12, 1.616738535724513e-11, 1.619230978822159e-11, 1.0871641255006444e-11, 1.0143169018520532e-11, 6.873541623489181e-12, 3.3939904777748473e-12, 3.0506467736479146e-12, 8.595772956856099e-12, 2.0227194585600214e-11, 1.5668278690609717e-11, 1.3185784140386004e-11, 1.8788201351217818e-11, 1.4228798521806631e-11]","[2.4584150576072767e-12, 1.825041998097919e-12, 1.1918309353343542e-12, 3.872445987235448e-12, 1.4134831735523903e-12, 2.9256384758084656e-12, 3.5645376705937853e-12, 4.069373935047855e-12, 1.7725144380781246e-12, 2.456464857433731e-12, 2.9885072665189436e-12, 3.168775213660546e-12, 4.3268841976346405e-12, 3.902205376401712e-12, 6.383497296041282e-12, 1.5289058678244003e-12, 2.8604042653352066e-12, 3.797243066935837e-12, 1.46566505029998e-12, 3.087261749085083e-12, 2.2639385533228913e-12, 4.724431932863976e-12, 1.7190433566678543e-12, 1.3021316650583347e-12, 1.456424742504823e-12, 1.406307565441773e-12, 1.5091271539963162e-12, 2.7549834900951673e-12, 1.2537483254511885e-12, 1.839639649425683e-12, 3.0293972538156247e-12, 1.84093466486587e-12, 2.4531308833721997e-12, 6.465631585415305e-13, 1.005444558558343e-12, 1.7281055747346647e-12, 1.2556914899917975e-12, 2.831108335809348e-12, 1.2532441243149371e-12, 2.1298051439043734e-12, 8.234431881148557e-13, 2.060068025437628e-12, 1.5845334405450916e-12, 2.4306998621404984e-12, 2.501340642630631e-12, 6.228918916759986e-12, 5.729699298908726e-12, 5.337457621478595e-12, 5.4916138287261155e-12, 3.3602303587104064e-12, 2.799329437483736e-12, 3.786898708272357e-12, 2.332706171878194e-12, 8.909290876340113e-13, 7.123263940688653e-12, 3.797306177997575e-12, 1.915979159002181e-12, 4.1219271130324256e-12, 3.3261272020893533e-12, 1.4483711567694122e-12, 2.5142053142183245e-12, 3.373742507242346e-12, 3.959292180523803e-12, 2.110347811270647e-12, 2.1437699864031212e-12, 6.169791508345187e-12, 4.465358443584888e-12, 5.673416203149262e-12, 2.2477120191331e-12, 2.1301399975123985e-12, 2.5875820596740474e-12, 2.80181867452889e-12, 3.671313924984506e-12, 3.071299532816029e-12, 4.93417983734559e-12, 7.844766583968437e-13, 3.791389302132485e-12, 3.54529144800001e-12, 1.0558450020686314e-12, 2.5193444937496547e-12, 3.4855570833551125e-12, 3.0117188408528394e-12, 2.3283175710871664e-12, 2.3307177097571538e-12, 8.271258316889485e-12, 5.7652422378956996e-12, 5.902329735901417e-12, 2.8267321762360333e-12, 6.988680111831593e-12, 3.8815500556143254e-12, 2.385316945328048e-12, 1.2304775960474728e-12, 2.7413455864369636e-12, 3.2445859734502518e-12, 2.8986815626845853e-12, 4.028621014333568e-12, 1.2928747771915054e-12, 2.4474043758725216e-12, 3.2946940025581815e-12, 5.526554382664874e-12, 3.353026733822643e-12, 3.0055924890536134e-12, 1.9748444253330325e-12, 2.6607838395558097e-12, 2.2366537707562782e-12, 4.322014683536012e-12, 2.3845891608399995e-12, 1.881157000486521e-12, 2.8653986578011463e-12, 3.4189649346039924e-12, 2.1275130919788234e-12, 2.584852941822499e-12, 3.94217775701385e-12, 5.047842288273672e-12, 1.488651306123541e-12, 2.4342535768677105e-12, 6.027656771465124e-12, 5.176866361642587e-12, 1.941938159136027e-12, 3.463010434198815e-12, 7.544334451299641e-12, 4.713499370500154e-12, 3.5060506870599767e-12, 1.3000555747739588e-12, 6.32148397356827e-12, 9.55845682916851e-13, 2.9160880692407142e-12, 6.709292543356518e-12, 1.2941197488425477e-12, 2.0017672208768975e-12, 2.8420909129950807e-12, 1.465723214965498e-12, 2.637712561153877e-12, 1.7591284534456708e-12, 3.3304717772447685e-12, 3.477271153535617e-12, 7.941414523119932e-12, 1.5921315271046424e-12, 1.4529238612624203e-12, 7.600258217543562e-12, 2.2218947925327788e-12, 2.970237992145058e-12, 3.437748900884967e-12, 7.224300562560125e-12, 7.823764609504205e-12, 4.803498437576741e-12, 8.480081275378098e-12, 5.084136348883594e-12]","[2.4228526297959878e-12, 1.0132484972229468e-12, 8.753671948913159e-13, 2.8972289434042993e-12, 1.0728780403719562e-12, 2.1366610400529113e-12, 1.3056902038571838e-12, 2.823644545446771e-12, 1.4540090296554167e-12, 1.3150742856139147e-12, 2.0957859680336105e-12, 4.065575120706423e-12, 3.1701249306650787e-12, 2.8505979924817365e-12, 3.321393927364309e-12, 1.159739554725843e-12, 1.1353355871444765e-12, 2.1022502508426963e-12, 1.1353993595851945e-12, 1.4844426008987652e-12, 2.4916831115791742e-12, 5.728682572306326e-12, 8.217404984675235e-13, 7.388016303092504e-13, 5.182242019222658e-13, 4.82568265224689e-13, 1.0094497339962077e-12, 1.3653487307327442e-12, 2.0236027885394405e-12, 2.2953315940205704e-12, 3.2366977918039472e-12, 3.5637761255219738e-12, 1.802916492699334e-12, 9.695021521977053e-13, 1.5264428729029747e-12, 1.2555471951424041e-12, 9.336507307661704e-13, 1.3501578678427149e-12, 7.406174190867121e-13, 1.7856386262243417e-12, 1.3045705063906912e-12, 2.26519189919949e-12, 1.544572773450278e-12, 1.965313786576414e-12, 2.101113160860132e-12, 4.393766056069229e-12, 4.714853596142786e-12, 5.331950342567529e-12, 4.552932002627247e-12, 1.7929004190252149e-12, 3.5684099683984675e-12, 2.154314692444313e-12, 3.896607041118322e-12, 1.8977673379745884e-12, 7.042252434790665e-12, 2.192780996184351e-12, 2.5874414192594705e-12, 3.3911736885630867e-12, 2.0470782609665768e-12, 1.9824527999922944e-12, 4.102313138933708e-12, 3.680766820561287e-12, 3.432640780839132e-12, 3.5672655115941102e-12, 1.6141169920123477e-12, 3.057963430567659e-12, 4.374495708954509e-12, 2.079971647762584e-12, 2.0790138430952628e-12, 4.16894337768123e-12, 2.459737015824427e-12, 3.1460159097872588e-12, 2.6206233819286475e-12, 3.4154714965144235e-12, 2.6714878679890534e-12, 1.876691446618085e-12, 2.0217510544348684e-12, 4.7722612391207316e-12, 1.6444561638110312e-12, 1.4318248344942238e-12, 3.394871134993123e-12, 1.5881616179219133e-12, 2.556691828000916e-12, 2.3153276720375236e-12, 6.072459217064633e-12, 8.181544215121067e-12, 4.088360376587487e-12, 4.5063395506346334e-12, 7.1664253786721625e-12, 3.1648103094331967e-12, 1.5705304792298127e-12, 1.4848075675401583e-12, 2.5434315786152675e-12, 3.327764044038033e-12, 1.1748510035671802e-12, 3.290826825703995e-12, 2.1475392464952684e-12, 2.915662340332314e-12, 3.3768173776810513e-12, 2.9141984897583672e-12, 3.401801900685444e-12, 2.711298000650501e-12, 1.6552439943161187e-12, 1.7998887593997899e-12, 2.008866410580703e-12, 3.1503919959247318e-12, 1.427532787717188e-12, 2.448490883587123e-12, 2.1140501062308045e-12, 1.644866543603566e-12, 3.579370381646062e-12, 2.5497917298130368e-12, 2.038371341600869e-12, 5.105203782573344e-12, 2.287694823757951e-12, 1.032315368212453e-12, 3.306517397849743e-12, 5.907124249406851e-12, 6.088595511373357e-13, 3.516214544775722e-12, 7.306589854944174e-12, 4.325889269691646e-12, 2.3470785572562603e-12, 1.4883715922308297e-12, 5.784349115965952e-12, 1.6246718381858188e-12, 3.407079941065637e-12, 8.469116779849736e-12, 1.1354754609781132e-12, 1.7048291547894448e-12, 1.4070641367184252e-12, 9.959570826935871e-13, 1.6831350448538212e-12, 2.1022814980480467e-12, 2.6854485371003187e-12, 3.536175539594125e-12, 5.019871312929276e-12, 4.32116777127313e-13, 1.5885811855545754e-12, 4.606316884733327e-12, 2.4120984184493282e-12, 3.667030612101598e-12, 3.2275374135587325e-12, 3.643205375030408e-12, 7.17545612615039e-12, 3.856074185250676e-12, 4.382209745800658e-12, 1.954730449083409e-12]","[2.4349361827106807e-12, 1.9226457245217834e-12, 1.1663645518097004e-12, 2.2389769005241704e-12, 5.12976919954877e-13, 1.9407363745462244e-12, 2.5598314393575294e-12, 4.400314391468735e-12, 1.97460879691715e-12, 4.2912244223119e-12, 2.6166088648867124e-12, 1.4583198859365894e-12, 3.2590997223522255e-12, 2.361717578424236e-12, 6.354054854450012e-12, 1.1156997470487985e-12, 3.982382079594826e-12, 3.4592135572006575e-12, 2.4404088461154325e-12, 2.91849451583971e-12, 2.362304532592913e-12, 3.563262517571111e-12, 1.437846309696972e-12, 2.020936323820669e-12, 2.4419096852678065e-12, 1.5783220858213588e-12, 9.996058426179757e-13, 2.247528482377375e-12, 2.112447294734244e-12, 2.397417587468742e-12, 4.3764284956380126e-12, 9.071863666620364e-13, 2.3823111020981763e-12, 6.758987259883755e-13, 1.37343201803065e-12, 1.1455379451519877e-12, 1.001298678047007e-12, 1.6203465392017552e-12, 1.5138412875316777e-12, 1.7690721147326167e-12, 1.2888494140712843e-12, 1.1965156047303304e-12, 2.1672235233498e-12, 1.8638044238831526e-12, 2.8282239499408906e-12, 3.773967593703949e-12, 2.595890201787335e-12, 2.736461892222484e-12, 2.4790862378031956e-12, 2.4771794426897774e-12, 2.44780703915134e-12, 4.119083510869682e-12, 1.3154212245196566e-12, 1.2646882865627064e-12, 3.683243630220982e-12, 3.1567323168970455e-12, 2.1820503481617973e-12, 2.514267709195933e-12, 3.3145509935491137e-12, 1.294850636471272e-12, 2.025907646328215e-12, 1.40517413816429e-12, 3.640732896974565e-12, 1.4994771616393456e-12, 2.6970600203791533e-12, 4.70223731967814e-12, 1.8685660484980453e-12, 4.318017909972961e-12, 1.712195791609059e-12, 1.5093867193014193e-12, 1.6216617485745115e-12, 1.7788328390258154e-12, 2.3862252753153175e-12, 2.566226149056608e-12, 3.576592668418298e-12, 1.0260028484511805e-12, 3.914961975996772e-12, 5.546015570293801e-12, 1.0626537215259249e-12, 3.2574145643444114e-12, 3.9313346713395895e-12, 3.2149698228073145e-12, 2.7309337909477224e-12, 2.2229797707910007e-12, 5.850613892371448e-12, 2.3178734140089225e-12, 3.911496469379689e-12, 2.6519448900426035e-12, 4.2557886047552275e-12, 3.128729088880042e-12, 1.5904930557267436e-12, 1.2873191976080656e-12, 2.84065018686804e-12, 1.8407196295427637e-12, 3.4988955696243134e-12, 1.6911383124682806e-12, 1.4868376701215404e-12, 1.608057561983869e-12, 1.8257055489495426e-12, 4.595403995830117e-12, 2.020938276793189e-12, 1.5509908953638832e-12, 1.576244500010505e-12, 2.5930427607158805e-12, 1.5137340344679628e-12, 4.155830844677624e-12, 2.070507729131619e-12, 1.460559924050256e-12, 2.1170925261308642e-12, 2.9183491785009615e-12, 2.6711174545311772e-12, 3.776419685737048e-12, 2.418999630306244e-12, 3.237326441357564e-12, 2.441706228531229e-12, 2.334165803264335e-12, 3.0108737199031213e-12, 3.6237827591876652e-12, 3.544846380423685e-12, 2.7850207235157942e-12, 3.465720728844851e-12, 5.063206480737021e-12, 3.950074153067668e-12, 1.7908580480488195e-12, 4.778988773740545e-12, 1.6439403750328596e-12, 2.376189790834056e-12, 2.46885056122488e-12, 2.5349104722759933e-12, 2.5874785793484305e-12, 2.9796069687264586e-12, 1.3282466705032527e-12, 1.875681332871126e-12, 1.7664552525400297e-12, 4.0665337228419845e-12, 3.3429073795173566e-12, 5.491000486909253e-12, 1.954647593806931e-12, 2.6316354288166853e-12, 4.095656657454668e-12, 1.5640619759829337e-12, 1.3475550921878605e-12, 2.8978757448826533e-12, 5.9013769409483244e-12, 7.1412337932301346e-12, 3.2320488848699363e-12, 5.903374566477697e-12, 3.5177394079884947e-12]","[6.622933407971919e-12, 3.2837467989253355e-12, 3.810761156887314e-12, 7.436804483906627e-12, 7.778412616132927e-13, 2.0579950322105054e-12, 3.781193241405375e-12, 1.1221405240825242e-11, 6.170124091471574e-12, 6.276341204358245e-12, 7.050691702783595e-12, 9.432948378379e-12, 1.656704231805878e-11, 6.372002786115723e-12, 1.2155121976984086e-11, 7.390535822154633e-12, 6.334694263872453e-12, 3.6463931858879615e-12, 8.13688304188822e-12, 3.69119155012939e-12, 4.207297600819348e-12, 4.223238213949651e-12, 4.2691846736131805e-12, 4.388368923801497e-12, 4.424540050867043e-12, 3.7787815496984465e-12, 9.617305808640971e-12, 9.791138562762365e-12, 5.979617484478095e-12, 2.014210311643135e-12, 7.313757987727265e-12, 7.125753973360361e-12, 4.081610382832331e-12, 2.790894541713013e-12, 1.6797845712587547e-12, 4.9593516398997035e-12, 1.9547749067408824e-12, 4.062362063913435e-12, 1.3696275368033667e-11, 3.996142370524373e-12, 5.361078648273481e-12, 9.003873156495859e-12, 1.0604031859711954e-11, 7.753915041859753e-12, 6.802643487530045e-12, 8.602004106399455e-12, 8.576578664204491e-12, 8.281525431691216e-12, 3.883529561762382e-12, 6.155086786384023e-12, 1.0606586740796196e-11, 1.933191390258893e-11, 5.212402742710333e-12, 5.935889636885253e-12, 9.414011120446645e-12, 4.3964464921345806e-12, 5.867866195128818e-12, 3.1518832377702138e-12, 7.79195205847475e-12, 5.0365463251939556e-12, 7.278370762900274e-12, 1.105392732535612e-11, 4.365617748707964e-12, 1.0646756277665577e-11, 1.578935183428691e-11, 7.458082260466693e-12, 1.1422691886680272e-11, 1.7699006992670368e-11, 9.50526077368097e-12, 6.876408311958444e-12, 4.5767817004632975e-12, 6.1927461369899115e-12, 6.375908890465122e-12, 4.26378992715059e-12, 5.520861478010083e-12, 3.19786123430149e-12, 1.2793363746364089e-11, 9.164320346015179e-12, 1.389290204147129e-11, 3.754254505373104e-12, 3.93694372527562e-12, 1.0500136399291349e-11, 2.959467896894186e-12, 4.677953980524257e-12, 8.952745967984379e-12, 6.443184359773484e-12, 8.90473765018129e-12, 5.060175983500569e-12, 7.1110450562809416e-12, 7.074655749188672e-12, 5.5922668035796234e-12, 9.074319592696884e-12, 1.1271226678520136e-11, 1.2141028367395515e-11, 1.1040188265408948e-11, 9.152276549279879e-12, 3.701363742350083e-12, 4.1485531055394394e-12, 1.1591469262758604e-11, 1.3918816542006344e-11, 6.71110519281879e-12, 8.36137151951826e-12, 6.8328056157085045e-12, 9.066023089323826e-12, 2.634314618798425e-12, 1.1354597519671417e-11, 2.062209872405359e-12, 6.225766341959864e-12, 7.37528533284064e-12, 4.60068477166462e-12, 8.434783776338183e-12, 2.1312771508389604e-11, 4.041692303728501e-12, 1.5210423928044315e-11, 2.065999416521775e-11, 3.0666728679777915e-12, 7.644579972713878e-12, 8.331971695304622e-12, 9.14798046644493e-12, 1.1881206171292788e-11, 2.0387253112370254e-11, 8.139788058310088e-12, 2.4229646426793136e-11, 6.713904428303446e-12, 1.468824535450946e-11, 1.28472659940103e-11, 1.2841909435056735e-11, 7.30164508547897e-12, 1.0739291650905136e-11, 1.1806924262453756e-11, 1.05855271102193e-11, 4.081110409552505e-12, 6.16168771984742e-12, 4.269038685800125e-12, 1.092772187265737e-11, 1.27143893455383e-11, 5.513260028585193e-12, 5.3993603321062476e-12, 9.0337173926296e-12, 2.09441246232188e-12, 6.6858411113034254e-12, 6.9736369046716645e-12, 5.9698264933007755e-12, 8.217931616558251e-12, 5.518041779644329e-12, 7.491672563244881e-12, 5.205396579539735e-12, 6.726892427950629e-12]","[6.743144796354436e-12, 2.7970280611703867e-12, 1.1639628889452357e-12, 1.772763387997293e-12, 9.711450230795032e-13, 1.4831539612093107e-12, 1.305962132691064e-12, 2.481137206735621e-12, 2.6211727834033462e-12, 3.979460763365337e-12, 3.0472420190350655e-12, 3.699780897946991e-12, 6.3885643554623406e-12, 3.5529524555597886e-12, 9.12362534607476e-12, 3.607553805787101e-12, 4.806514301283107e-12, 2.125755986374002e-12, 4.009639510221894e-12, 2.6774295507602028e-12, 3.1543014603559685e-12, 1.4740974772966027e-12, 1.554739048771972e-12, 3.830376719754342e-12, 1.5749588390580134e-12, 6.777147318442732e-13, 1.629337711912634e-12, 2.2377120761468396e-12, 1.1954814154660626e-12, 1.4360078155962913e-12, 3.3141014809758563e-12, 1.8048609483520938e-12, 2.1313171652301365e-12, 9.65138867110531e-13, 1.2623519920761262e-12, 1.7837262371898987e-12, 2.3877261675696944e-12, 3.4769279290571042e-12, 6.429080982593585e-12, 3.784085077590458e-12, 1.887245221775207e-12, 5.16356105125393e-12, 1.309308445047995e-11, 6.8650601884407854e-12, 4.56276805580121e-12, 7.819268001632599e-12, 5.471428554817646e-12, 6.528297265811902e-12, 4.408324624195649e-12, 7.01755973819796e-12, 9.548126746982312e-12, 1.1908844105339594e-11, 2.288277801855973e-12, 2.2535333618954537e-12, 5.71028659838592e-12, 2.600898549737714e-12, 2.9763528497875293e-12, 2.547631680617184e-12, 4.767273778050554e-12, 2.1585310256908617e-12, 4.402064762953785e-12, 1.0951603559143805e-11, 3.165067447340316e-12, 7.197104736386749e-12, 9.25884982447623e-12, 3.769694338082535e-12, 9.228732050469178e-12, 6.8309038791871734e-12, 7.551640760520837e-12, 4.059566071279058e-12, 3.050952290173769e-12, 5.172924039099143e-12, 1.861181881528229e-12, 4.079964854974013e-12, 8.997723520738299e-12, 2.8310670456760647e-12, 5.529185134139856e-12, 7.718387406545879e-12, 1.2569876575286124e-11, 3.730780488177745e-12, 4.085812648657242e-12, 5.8033750893185475e-12, 4.253516034415728e-12, 2.827900614334526e-12, 5.994177687976668e-12, 7.84956784250112e-12, 8.690382038939872e-12, 2.7513160832543527e-12, 4.494776366412628e-12, 2.8259991790717422e-12, 3.2971972511595095e-12, 2.1479300943847516e-12, 4.0553497537308285e-12, 6.977961234576727e-12, 8.135627677899366e-12, 6.604286732054097e-12, 1.564292925094037e-12, 2.977982904284904e-12, 1.1348688569564182e-11, 1.2400604435468555e-11, 4.018321928880178e-12, 2.878560500039316e-12, 2.3012952613989442e-12, 6.743795620289605e-12, 1.5015057805293574e-12, 8.398840387951464e-12, 1.392745217180078e-12, 1.6408034927377224e-12, 5.955847861674861e-12, 3.5624274745251167e-12, 1.881567671096218e-12, 1.452289992588187e-11, 1.4571061029727308e-12, 8.105414237200261e-12, 1.0907915098768644e-11, 1.9086062107186178e-12, 5.423390632340583e-12, 3.7411227758504314e-12, 4.097103406639663e-12, 6.790948368395758e-12, 1.3303493375239801e-11, 5.232902068733747e-12, 1.312043803296175e-11, 5.693857529840834e-12, 1.0704871770893547e-11, 4.103047602773093e-12, 7.366443265846696e-12, 3.762933979472458e-12, 6.925419276226026e-12, 6.701936099796292e-12, 7.575344404834281e-12, 1.4087643988013566e-12, 6.245292581973723e-12, 2.3260828823138556e-12, 7.533713400836663e-12, 7.203519754724695e-12, 2.6569568827405557e-12, 2.1092885179897636e-12, 4.609909102420648e-12, 2.0780187925950656e-12, 5.238623024016978e-12, 4.213534412156402e-12, 3.5606370983400307e-12, 7.277908353756729e-12, 2.3997173110091506e-12, 1.3125612942196725e-12, 1.9869128920152725e-12, 3.238494713118977e-12]","[2.3503638202602223e-12, 1.4880064090819897e-12, 1.0594316800191072e-12, 3.156466916477322e-12, 5.321343507187883e-13, 2.894156940687935e-12, 1.0281196537842643e-12, 3.2081695450547853e-12, 1.3482259194369e-12, 1.291675329445124e-12, 1.932694322033638e-12, 3.260741686054706e-12, 2.191090110113604e-12, 1.946284570109962e-12, 2.9483644319508693e-12, 6.445846385075017e-13, 1.2600039969158134e-12, 1.9824230194841865e-12, 1.054984558496358e-12, 2.3543909253303518e-12, 2.1530454165623977e-12, 4.208639374315311e-12, 9.290506485661904e-13, 1.0028676945927981e-12, 8.415306407731917e-13, 7.188792488255764e-13, 1.2423443469936919e-12, 1.0094451428390832e-12, 1.5550860053085117e-12, 2.363970016138768e-12, 4.791948030834959e-12, 3.823391102588651e-12, 1.4303297680075815e-12, 1.855241624346671e-12, 1.7452646637346438e-12, 9.565403494190269e-13, 1.1667512027038676e-12, 9.195787102729073e-13, 5.851397664164756e-13, 1.9227249652558497e-12, 9.94205454196889e-13, 1.3089872604422738e-12, 1.547181643754762e-12, 1.0914588691112467e-12, 3.1393019900590885e-12, 1.8255835075935717e-12, 1.885895615600472e-12, 2.675986786615008e-12, 2.931439176962561e-12, 1.742029468255521e-12, 4.285535926173519e-12, 2.626810660662501e-12, 2.8245820641082597e-12, 2.1067851989294593e-12, 7.55991066848828e-12, 2.4904549748013016e-12, 1.918941777363616e-12, 1.9817935401888057e-12, 1.743360790707954e-12, 1.7214051137369204e-12, 2.263078140090772e-12, 2.3731865325250243e-12, 3.0900069334272498e-12, 2.8228032779938186e-12, 2.0717967535493063e-12, 2.185084136075822e-12, 1.2996608162415494e-12, 1.860175853358754e-12, 1.9447577214018562e-12, 3.1583757267053117e-12, 2.1781842534372666e-12, 7.730383485409614e-13, 3.079609477910405e-12, 2.879822462237013e-12, 1.4718267149414255e-12, 1.3379639689849637e-12, 2.3376140959087345e-12, 8.008119871086125e-12, 1.1860622420574824e-12, 1.8314955826251135e-12, 2.2722529447432077e-12, 1.7547883214499818e-12, 4.484090206910924e-12, 2.7493740585664593e-12, 3.110892308136499e-12, 5.887216202523414e-12, 3.12728316836378e-12, 3.522700687875627e-12, 6.8598547253997815e-12, 4.6967789294069565e-12, 1.033927053556654e-12, 7.161225803200382e-13, 2.6097945132818352e-12, 2.4068878580723664e-12, 1.5073302520439994e-12, 2.177810663533823e-12, 3.07892907480279e-12, 2.989114366647698e-12, 2.305229116489533e-12, 1.2786017980831685e-12, 1.9624317545237506e-12, 2.5757508645766077e-12, 1.212663102726947e-12, 1.5785613935188172e-12, 2.182809679314407e-12, 3.2620630885683406e-12, 1.2036555401745568e-12, 2.9495111839378706e-12, 1.1362937723446878e-12, 1.2098950046532357e-12, 4.977812098913539e-12, 3.026606576912348e-12, 1.4780782674734322e-12, 2.4275545782389908e-12, 2.262867814578863e-12, 1.2238644866666478e-12, 1.7563179163445836e-12, 6.351629951383627e-12, 9.842900847862315e-13, 2.2406538570338334e-12, 2.905098896199702e-12, 4.213543788455109e-12, 2.2677110823016186e-12, 4.341640845452537e-13, 3.249484833242271e-12, 1.886370602053252e-12, 1.3887621290005246e-12, 3.817819675948861e-12, 1.835882105341776e-12, 1.7872250580020376e-12, 1.5808362101357415e-12, 1.1543069651283458e-12, 1.6239500911871083e-12, 2.18817339264579e-12, 3.1745587160840668e-12, 3.656090017089467e-12, 9.429431735129605e-13, 1.3672384458974722e-12, 8.961551046563343e-13, 3.194151129331203e-12, 2.5828721156549326e-12, 2.5344786180539684e-12, 2.431560096945855e-12, 1.5586652142416907e-12, 6.212234858637502e-12, 2.5169189780937152e-12, 3.6038469586433557e-12, 1.72414498199605e-12]","[2.4418090100472713e-12, 1.4685409599656936e-12, 1.210079211437107e-12, 2.1799239477578826e-12, 1.3743533746410543e-12, 1.7166891820309372e-12, 1.974687371520187e-12, 1.105033253034431e-12, 1.6974183962100425e-12, 2.0475924967455875e-12, 2.020594189484425e-12, 2.4975804793732177e-12, 2.183176496754034e-12, 7.447748092110609e-13, 1.847835602505255e-12, 1.7743790956948456e-12, 1.4430445697128381e-12, 2.424833823650054e-12, 2.3868027334770853e-12, 3.2625143948252608e-12, 9.955725745609178e-13, 2.318881340393296e-12, 1.3290694062140427e-12, 1.767091984486591e-12, 1.0102543917659705e-12, 7.111972811417368e-13, 1.9235460765251603e-12, 1.2516423650175152e-12, 8.657957859546816e-13, 9.954779614108184e-13, 5.790385922438877e-12, 1.894630729412131e-12, 1.229834470628281e-12, 1.622355591687142e-12, 2.282869291782588e-12, 1.960402788883184e-12, 1.4529146841618086e-12, 1.2130157521659118e-12, 1.1968735718559353e-12, 3.8168307888856205e-12, 5.55384551179174e-13, 7.699249788157293e-13, 4.407473177655584e-12, 2.717202848361619e-12, 1.6927121769467193e-12, 3.3609606276453198e-12, 2.4899481137664786e-12, 1.8124799351934706e-12, 2.5415468440126204e-12, 1.167690258708324e-12, 5.709388010218773e-12, 2.9509481169115935e-12, 2.2382309773127724e-12, 1.7720511415253611e-12, 6.5180974892581575e-12, 2.538724831277151e-12, 2.178321109251552e-12, 2.6398799086793576e-12, 1.6543487624243316e-12, 2.0936457117777017e-12, 3.1093335868335635e-12, 3.636180057947308e-12, 1.951897674620856e-12, 2.6059334254115526e-12, 2.4486990704352786e-12, 1.7849513325361784e-12, 3.2830777465273262e-12, 2.9542813806193e-12, 1.1650040755000296e-12, 1.676875916068971e-12, 1.7150978864333078e-12, 1.6951432839818028e-12, 1.8951443037225385e-12, 2.9324026939664318e-12, 1.9073133191805087e-12, 8.597657071403722e-13, 2.4299434008449246e-12, 8.218510711569709e-12, 2.6345088014847653e-12, 2.154918971587297e-12, 2.977413865773704e-12, 3.1200938970941304e-12, 4.008571604110588e-12, 3.1898873653008614e-12, 1.7965546113066957e-12, 2.3133632269258857e-12, 4.61979472266433e-12, 1.4337966954284415e-12, 4.623066544945248e-12, 5.360490031583102e-12, 1.1078735602395533e-12, 6.763996843329969e-13, 2.854001118046263e-12, 1.384305360374037e-12, 2.4617616446055577e-12, 2.7600770199572016e-12, 1.916087639722442e-12, 1.6557350181886306e-12, 1.9447212092305736e-12, 2.1296912916493015e-12, 1.5947714782461763e-12, 1.2983844244401565e-12, 8.437388115874075e-13, 2.3786219511845135e-12, 2.6283051672114897e-12, 2.7553195117690096e-12, 5.273723763137188e-13, 1.9474446162786445e-12, 1.6288799763731614e-12, 2.721482681550386e-12, 2.779883236333499e-12, 3.3017502736679055e-12, 3.1262257228594214e-12, 2.551778648311724e-12, 2.028690431821737e-12, 2.1412631311203593e-12, 3.140796471447449e-12, 4.474831928470458e-12, 1.2778072331257092e-12, 1.5095111439657598e-12, 4.9376861563868965e-12, 8.340196278868345e-13, 4.020003228968085e-12, 1.865694643700982e-12, 3.2269152405823563e-12, 1.9414269841504965e-12, 2.0864469985947495e-12, 1.9211036329025383e-12, 1.6331076410774014e-12, 1.480876258137709e-12, 2.487573258431888e-12, 1.3554758972511749e-12, 1.3887778587752352e-12, 2.359321267606668e-12, 2.192259249305435e-12, 2.8699714902002626e-12, 2.1565762935005915e-12, 1.871209044741247e-12, 2.0722903265546194e-12, 2.7376845488982854e-12, 2.8337483770323008e-12, 1.4973578012460262e-12, 9.451252349758548e-13, 1.5579527417241325e-12, 2.954415641154932e-12, 2.3465662097543254e-12, 1.0752764439118764e-12, 1.99839219344379e-12]","[1.8035805222596347e-11, 4.654476939040286e-12, 1.3753274355999537e-12, 1.847466895589983e-12, 1.9097116130676503e-12, 1.7659073784653615e-12, 1.3561724891129179e-12, 1.0770921537236194e-12, 3.5306948812719186e-12, 4.804030043559028e-12, 4.6842808561526465e-12, 7.0219084858518336e-12, 6.556763875836126e-12, 4.92925597246756e-12, 1.1313909900609997e-11, 6.905812561010398e-12, 8.957069091465889e-12, 3.716231218326937e-12, 5.267098685600539e-12, 3.2405204661292694e-12, 3.14686179881113e-12, 1.914772922081752e-12, 2.6826726077021887e-12, 4.498356237942377e-12, 1.283179174298155e-12, 8.371816160626461e-13, 2.106876109089473e-12, 3.4584957817395847e-12, 1.2747761881829575e-12, 2.5767321161913602e-12, 2.857663560341906e-12, 2.8244431088049485e-12, 4.043479807824426e-12, 1.8967274485284076e-12, 4.821424087049648e-12, 1.830161674158763e-12, 2.7159947925622274e-12, 6.4193142598178e-12, 6.806232222411756e-12, 7.693811106259267e-12, 1.439928719631513e-12, 6.006702824311876e-12, 1.811270812583323e-11, 1.4045797100429119e-11, 5.653277243508772e-12, 2.1454892717828138e-11, 1.2832051447181724e-11, 9.454164930713039e-12, 6.663026447068206e-12, 1.1755073587531764e-11, 1.8347719800137676e-11, 1.3089660300653133e-11, 3.084753792553945e-12, 3.733022022909649e-12, 8.342754214682109e-12, 3.729810658741468e-12, 3.0697448976628446e-12, 9.419369798755555e-12, 4.717848192690902e-12, 4.2374526064608704e-12, 7.92830381528882e-12, 1.9092416448818065e-11, 3.2057256441886178e-12, 1.161311188903775e-11, 1.4066444258313201e-11, 2.9349579863831683e-12, 2.1936278941674643e-11, 8.285131017114328e-12, 1.0549170687503527e-11, 5.3974540417890346e-12, 5.8668644311871155e-12, 1.0988226162905498e-11, 3.8274276065867385e-12, 7.241336559051455e-12, 1.3043953302741737e-11, 2.7717111332810214e-12, 7.13759620006773e-12, 8.49602661085936e-12, 1.9168637528273484e-11, 4.897764779282919e-12, 7.209982253432964e-12, 1.1158360700247187e-11, 6.829936637081149e-12, 4.1984307270061435e-12, 8.488069500749266e-12, 1.9814774487041173e-11, 1.2928506603975037e-11, 2.6785150085841267e-12, 7.389915557564584e-12, 4.180152232433901e-12, 4.35185630610906e-12, 1.6812945752322514e-12, 5.62467275998112e-12, 1.3556333038985135e-11, 8.888549480445714e-12, 1.0786107078057316e-11, 1.8018490022237526e-12, 4.35713194755376e-12, 2.022323864971926e-11, 1.5316638459103056e-11, 5.934890719408463e-12, 2.2789758578246428e-12, 4.3172025935870134e-12, 1.221185170911447e-11, 3.094264767865387e-12, 1.1176131377429233e-11, 1.6911479591669672e-12, 1.5359280741408796e-12, 7.574549451322898e-12, 3.570111503309326e-12, 2.464774293189208e-12, 1.7607516852380904e-11, 4.138112776062608e-12, 1.7154120555245374e-11, 1.4563842906447977e-11, 3.027971569183615e-12, 1.38892787466517e-11, 4.868823822046858e-12, 7.0767989229119094e-12, 1.2086153518097976e-11, 2.6319055086503356e-11, 8.882377544334933e-12, 1.6242638064890676e-11, 8.195499935733134e-12, 1.5860016277269032e-11, 5.606330202289052e-12, 1.4063874988401568e-11, 9.441016718163338e-12, 8.329022525245597e-12, 6.67790955106411e-12, 9.334855370460674e-12, 1.6663560243352339e-12, 1.066104835336095e-11, 3.395351245128686e-12, 1.0991236740014276e-11, 1.2073305968377104e-11, 6.945581864376405e-12, 3.5967874464272965e-12, 7.765134219694494e-12, 6.997046210882358e-12, 9.129981796176268e-12, 8.114201432380042e-12, 4.933171537991171e-12, 1.3497971673602483e-11, 4.910064727879564e-12, 4.335801972500187e-12, 4.7332745404827445e-12, 8.101961835155345e-12]","[1.7842357503501104e-11, 6.161135403724043e-12, 3.033648676472479e-12, 3.731969686672773e-12, 3.525918069890457e-12, 2.732157752239144e-12, 4.041656893715675e-12, 5.918643883117758e-13, 3.6921894755359334e-12, 5.435093657437549e-12, 6.038131795922784e-12, 6.745794700518764e-12, 6.945799713421489e-12, 5.878059845567829e-12, 1.224037602689747e-11, 7.712350632102109e-12, 1.0394598733903433e-11, 4.660193437047121e-12, 7.296651533325007e-12, 5.59815703863995e-12, 1.9698436478203663e-12, 4.7183931096427835e-12, 3.0866757704102086e-12, 5.048505647896328e-12, 1.2385962281830324e-12, 9.088169423613406e-13, 1.888493073913287e-12, 4.285028482685898e-12, 1.5956748854644157e-12, 4.7223826931764044e-12, 6.19698707673975e-12, 4.919888736871646e-12, 4.973076152919674e-12, 1.2852671864811124e-12, 7.914272643632292e-12, 1.6776662012106912e-12, 4.719877188158779e-12, 5.895798379506796e-12, 5.095409305069206e-12, 9.404623731600966e-12, 2.9110705562274086e-12, 3.860329311103586e-12, 1.1653942752597757e-11, 1.493624018421331e-11, 3.6085049460614577e-12, 2.546863094718787e-11, 1.115351652619381e-11, 5.892494325101181e-12, 9.460340291838525e-12, 6.267119376184525e-12, 1.2184365762527437e-11, 9.40161549602331e-12, 4.455122146828103e-12, 5.072307978732469e-12, 5.672558464848833e-12, 5.107526810142194e-12, 4.643918291170872e-12, 1.2995781875643268e-11, 4.233558202439092e-12, 3.439265784210748e-12, 7.653487759603106e-12, 1.4065112209774456e-11, 3.968947429677673e-12, 9.853944200288154e-12, 9.885368234109159e-12, 5.035183344917064e-12, 2.000297818140358e-11, 8.134476982791827e-12, 8.574287798797612e-12, 4.848719629860566e-12, 4.188774581969749e-12, 1.3039633124959499e-11, 3.605352422864445e-12, 5.491462702612236e-12, 1.038807120218524e-11, 3.9513624993211905e-12, 7.863123200133893e-12, 9.374929929039823e-12, 1.2535121003468647e-11, 6.6665506221590915e-12, 7.942053579279533e-12, 7.191677748732832e-12, 6.521688730788143e-12, 5.532117909245666e-12, 8.199935186206354e-12, 1.4216126258706246e-11, 1.301466756989178e-11, 1.047362886722714e-12, 8.270168806968352e-12, 5.839571322154058e-12, 2.8762420091317975e-12, 1.4834888899098002e-12, 7.82395917986257e-12, 1.1415525983940621e-11, 8.083347762911683e-12, 6.686902422247703e-12, 6.401978636935446e-13, 3.644094476084995e-12, 1.2335569564432561e-11, 1.2120126374793447e-11, 4.582133160039692e-12, 1.6475246806979602e-12, 5.281186998001447e-12, 1.0233221639634485e-11, 4.194986903892233e-12, 9.705754851750818e-12, 2.699786287241999e-12, 2.0171185204564816e-12, 5.606491457774351e-12, 4.156343669688625e-12, 1.6620867732671281e-12, 1.3115528051541061e-11, 8.929814876444371e-12, 1.7364427779940352e-11, 1.1495195943982574e-11, 4.9295033734741614e-12, 1.833702904174718e-11, 7.2453425047985835e-12, 5.689287837991828e-12, 9.019452068132166e-12, 1.883443328137566e-11, 6.962395512492916e-12, 7.64956532073179e-12, 6.524430918794302e-12, 1.3912117275024073e-11, 5.4219264202692116e-12, 1.675258661863032e-11, 1.2726918214517156e-11, 4.874838921160807e-12, 3.414332312065249e-12, 8.61007828323234e-12, 2.415054211116589e-12, 6.249111546274512e-12, 3.0625450786246963e-12, 8.527408437289982e-12, 8.682997723699605e-12, 1.140490501719284e-11, 5.912980729190011e-12, 8.914401838328499e-12, 1.4509539737031602e-11, 7.7937888403485e-12, 5.4411290713897574e-12, 4.438157730311973e-12, 1.0456103004174675e-11, 5.19927310509604e-12, 3.5774119207439907e-12, 4.297290825900078e-12, 7.06951944099281e-12]","[1.2520923395122005e-11, 5.056669209789653e-12, 3.6147794194432104e-12, 5.159047883301703e-12, 5.812535376627227e-12, 5.247320430077824e-12, 5.502417734835437e-12, 6.925852312941012e-12, 2.979664135842386e-12, 4.165162899384041e-12, 3.716595601616489e-12, 3.6022207618621125e-12, 8.871268355610538e-12, 4.62362076526889e-12, 1.583124456220606e-11, 1.1896740323192393e-11, 1.263835326367213e-11, 5.7006112673473444e-12, 1.2865031244914543e-11, 3.995939912367965e-12, 2.311148039643431e-12, 8.576568228167719e-12, 6.7208126339099326e-12, 4.3571456166694925e-12, 8.839360446930256e-13, 1.4178816260306098e-12, 3.9904921137724186e-12, 6.251684455746616e-12, 2.544746732341976e-12, 4.075265204257683e-12, 3.819981023089077e-12, 6.722129629870088e-12, 5.394742259021196e-12, 1.793107910884021e-12, 1.103552178114534e-11, 3.646575079431171e-12, 4.7527181723901185e-12, 9.957499458739471e-12, 4.36906684543512e-12, 1.146881579052854e-11, 6.342320805431484e-12, 2.736942863121206e-12, 7.739166567575366e-12, 4.818277080828695e-12, 3.7569633373561195e-12, 3.6365913919064454e-11, 9.668559459991404e-12, 5.128820353914581e-12, 1.3987172428655786e-11, 5.740577025283818e-12, 7.132287278010518e-12, 8.193884582902023e-12, 1.0494534826268687e-11, 8.463346160195497e-12, 3.4696479877046435e-12, 3.5152318901749515e-12, 5.927697355076806e-12, 1.5705786062563412e-11, 1.7707759248996756e-12, 4.218838323132938e-12, 7.340945520985854e-12, 6.774786514814123e-12, 7.637511384648672e-12, 7.533755910571695e-12, 3.474239438083732e-12, 1.4324845438184377e-11, 1.80277084192338e-11, 1.0285292784697563e-11, 4.858390828840139e-12, 1.0363645796516724e-12, 3.902065740148791e-12, 1.5961393044889947e-11, 4.667905281572611e-12, 7.990980259202971e-12, 5.923958784646093e-12, 5.6207703038575676e-12, 1.469610416473815e-11, 4.13338891689781e-12, 5.666398405962147e-12, 6.476173906435288e-12, 8.521682108884597e-12, 3.900241867048053e-12, 2.4051976201094757e-12, 6.273538547089434e-12, 1.3457157401884715e-11, 1.6231739863735683e-11, 1.1134216932739142e-11, 3.070800081057568e-12, 1.1438809434149185e-11, 2.7306625392481677e-12, 2.6597615168953773e-12, 2.431083152657569e-12, 8.58153907412572e-12, 1.1594426515693401e-11, 7.760282421580632e-12, 4.586324790133161e-12, 9.697331990256398e-13, 4.626763601084754e-12, 5.75260362728675e-12, 9.595837719366557e-12, 3.0780695631979993e-12, 5.0352371872946785e-12, 6.641719159730596e-12, 8.066016130635581e-12, 6.792794791259316e-12, 9.587208044739655e-12, 7.1461281064612904e-12, 7.04114666201655e-12, 6.151347574027134e-12, 5.758068842412027e-12, 1.5662310497533238e-12, 1.0398375393227475e-11, 1.672225815064396e-11, 1.594798266540159e-11, 7.386294520594461e-12, 6.565872496712853e-12, 2.0912810209975345e-11, 1.1633238552008136e-11, 2.6534922066397144e-12, 5.213401605180669e-12, 1.338827203782074e-11, 3.0706110196540765e-12, 6.231044182731279e-12, 3.6990843188933526e-12, 7.659872897883547e-12, 9.806953262170874e-12, 1.1590394141107361e-11, 1.2299305763160609e-11, 4.891389163872869e-12, 3.7455615166084604e-12, 4.188184559358438e-12, 2.346826802231314e-12, 4.06512084511874e-12, 2.4624897325630414e-12, 3.6632237850756536e-12, 1.0787701640512951e-11, 1.7053468337793372e-11, 7.0869660926347336e-12, 1.4130633742261268e-11, 3.0877284176639964e-11, 4.291730405070916e-12, 4.851938899240883e-12, 7.726096569390554e-12, 9.188448315197118e-12, 7.053665355770484e-12, 4.810496203507277e-12, 3.119358588658289e-12, 3.719354025696051e-12]","[4.2864856109087215e-12, 4.677755518690615e-12, 4.609479415146951e-12, 4.4214327628157775e-12, 4.974998080522363e-12, 2.630910912158943e-12, 5.336036781476151e-12, 6.265751622379841e-12, 4.70212146282243e-12, 2.351089758112398e-12, 2.3275820914116673e-12, 5.588198596625273e-12, 4.916914638691217e-12, 2.5138698841283254e-12, 8.866736387309434e-12, 4.565459865457741e-12, 6.800017840122379e-12, 4.281314596196527e-12, 5.192101565838506e-12, 5.167610020940453e-12, 6.630463607007234e-13, 3.8165261256708975e-12, 4.325937790136254e-12, 2.2484405147665298e-12, 1.2097214562166043e-12, 1.4825410943746602e-12, 2.9789582880157014e-12, 7.470431211996983e-12, 2.175664407053915e-12, 3.469299256538429e-12, 2.136902186808563e-11, 3.811620726936908e-12, 4.478115391376062e-12, 1.6287998013934691e-12, 6.164271727018593e-12, 2.4765324818387205e-12, 2.7453881597406758e-12, 4.7632881764296885e-12, 2.856210693766012e-12, 6.512609975310066e-12, 3.257431737488706e-12, 3.4364881540713448e-12, 6.687019042078991e-12, 1.1049420045373205e-11, 4.207609674723984e-12, 1.3614431374011834e-11, 7.232008235914955e-12, 5.339605891611294e-12, 7.794980216546416e-12, 3.075510066694711e-12, 4.196854397874986e-12, 6.267992890186863e-12, 5.895839481284318e-12, 2.179126333714969e-12, 6.106730901350674e-12, 5.2138779473637835e-12, 3.901991448648853e-12, 8.339378634387299e-12, 2.5099124311847106e-12, 4.248065670240276e-12, 4.655654610814185e-12, 4.3572188021494e-12, 5.404981260815951e-12, 5.9491550782776535e-12, 3.463064888167159e-12, 4.885337432441322e-12, 1.245247177964649e-11, 7.0516573777048874e-12, 3.916060212267522e-12, 4.26485626552491e-12, 3.809520644512529e-12, 7.709433814107974e-12, 5.245000736313428e-12, 4.775929438061632e-12, 3.802679474586253e-12, 2.9352800731608484e-12, 6.630868969821796e-12, 5.641233177476906e-12, 3.429426028656952e-12, 3.741973083166895e-12, 7.733427782546019e-12, 4.013933853453664e-12, 3.101512185422885e-12, 2.9634717432169618e-12, 7.765483317783804e-12, 4.461955448040615e-12, 8.111994761133846e-12, 8.296511722823182e-13, 5.900339498259126e-12, 4.750317854190131e-12, 2.4240031488637474e-12, 2.5105028755881895e-12, 6.368113917975344e-12, 3.158483344104099e-12, 4.835958899802683e-12, 3.84204370347478e-12, 1.0308262022360564e-12, 4.637993069747775e-12, 4.215534238781459e-12, 5.671813263172537e-12, 3.0778647496255916e-12, 2.3906958093888755e-12, 4.624882380825847e-12, 4.4241652365447245e-12, 5.8050503628487326e-12, 4.8406247562990465e-12, 2.286213337860228e-12, 4.687869078725303e-12, 2.9905869939222367e-12, 5.610936159299052e-12, 2.2128089469707317e-12, 6.11020349037195e-12, 1.4260757971492161e-11, 9.853029945578537e-12, 3.5821991889288214e-12, 3.309715458198976e-12, 1.1992995954357272e-11, 1.0266260453803005e-11, 1.8025575182729718e-12, 3.7652355484822315e-12, 7.862314722576833e-12, 1.4797650633331486e-12, 5.802717592824815e-12, 3.1054191312574386e-12, 7.055235757220213e-12, 5.770009215667671e-12, 8.135581743358867e-12, 6.840598385958349e-12, 1.978861092518611e-12, 2.0866542376597042e-12, 3.1685776473131115e-12, 2.0470726003710014e-12, 4.075435815391256e-12, 1.9629157782726814e-12, 2.8038199290651218e-12, 6.941285153281899e-12, 1.2659528868647736e-11, 2.3934025143434133e-12, 5.330223709433538e-12, 1.5945104279062225e-11, 6.383876072471011e-12, 3.0400614046389443e-12, 4.825204034846531e-12, 6.55617805207903e-12, 3.692267336757048e-12, 4.890804116379266e-12, 2.621940728821709e-12, 5.872183396174992e-12]","[2.780652218903993e-12, 2.362734827862958e-12, 2.596499192615411e-12, 3.2382099214339417e-12, 3.1880593059887376e-12, 2.2340431131593912e-12, 4.5874130924866506e-12, 3.771364395841661e-12, 2.4551351930790243e-12, 1.8564791016283394e-12, 1.6016082584401566e-12, 5.289137434018309e-12, 3.011504795230165e-12, 1.5051488482974467e-12, 3.0268720039426897e-12, 2.0312529586120047e-12, 2.1317702103407694e-12, 3.752205849273131e-12, 2.688943665110766e-12, 3.9352471002946025e-12, 1.0970944270210915e-12, 3.157465073540051e-12, 2.8716099195799855e-12, 2.218599592877086e-12, 1.1372526573125999e-12, 1.4039807990597447e-12, 3.808204720216982e-12, 3.877886933736257e-12, 1.2473504747692439e-12, 1.6515213673223428e-12, 1.251564752177546e-11, 2.924710358292058e-12, 4.357626330985874e-12, 2.4612623196255084e-12, 2.9420665525896915e-12, 4.4214503884933455e-12, 2.657706065128519e-12, 3.31427083079668e-12, 2.4290337942249565e-12, 3.5236197306728783e-12, 1.6256007843036432e-12, 3.5980146116723345e-12, 4.149187638586545e-12, 4.938235504534959e-12, 2.983853685436829e-12, 6.03594000357443e-12, 3.5247503643085235e-12, 5.485531988423877e-12, 2.754116281914213e-12, 1.960046044521761e-12, 4.857660040690712e-12, 4.270663167860045e-12, 3.872869275563415e-12, 1.8482721823533006e-12, 8.297585323345943e-12, 3.954209025444473e-12, 2.7110963711259504e-12, 4.71735484001149e-12, 2.5871843417424874e-12, 3.535192114113495e-12, 3.1822823246883207e-12, 2.9127849767094585e-12, 2.26455203315265e-12, 4.078545217191601e-12, 3.4580673862809673e-12, 1.916233780924328e-12, 6.078481911555174e-12, 4.53597042293778e-12, 2.0741571843940448e-12, 3.4468846995447023e-12, 2.131186475545697e-12, 2.683673748181585e-12, 3.389766159569169e-12, 3.911742109078068e-12, 1.297779137557638e-12, 1.8323985361667146e-12, 4.49953172999422e-12, 9.490295475078653e-12, 2.113112350778863e-12, 2.2696121655932517e-12, 6.202396905706213e-12, 5.141400895286555e-12, 3.0722548856942764e-12, 2.3087535644881188e-12, 3.884076771910879e-12, 4.059688772437686e-12, 5.611935024616444e-12, 8.194897563828079e-13, 5.680928723943093e-12, 5.6952117352504105e-12, 1.4997033914403596e-12, 1.398437693423707e-12, 5.540562875220861e-12, 2.042537461221637e-12, 3.260910076479676e-12, 4.760046303033166e-12, 2.0147245958682203e-12, 2.668569149601706e-12, 1.6620528250977151e-12, 3.065953334664487e-12, 2.9917502316217906e-12, 1.9865188507227737e-12, 2.5109783717283805e-12, 2.4807965439003194e-12, 3.925408183858384e-12, 4.0637851027775675e-12, 8.640145613247456e-13, 4.249248311882679e-12, 2.649212364570177e-12, 4.124514674483633e-12, 3.0019348491829e-12, 2.703073068189227e-12, 8.676029685409217e-12, 4.618181560684416e-12, 1.3077031521419294e-12, 1.866633693080826e-12, 4.6805352885323435e-12, 1.0112859423237624e-11, 1.5252999902397514e-12, 1.6629981205487414e-12, 5.9378724328770736e-12, 1.841592290013287e-12, 6.094681835905679e-12, 2.3758042581444495e-12, 4.717175014334544e-12, 4.651857350377885e-12, 4.894842173258825e-12, 3.277343537690859e-12, 2.3707983398027406e-12, 2.61598336781136e-12, 2.8110426309086044e-12, 1.5493653180596336e-12, 2.6368002368144038e-12, 2.7103713372909958e-12, 2.4719611578907713e-12, 4.530706466246193e-12, 7.263759324304109e-12, 2.2094478460614126e-12, 2.235229403875563e-12, 5.765293587019315e-12, 5.170464500577694e-12, 1.1559378615081493e-12, 2.219904088066818e-12, 2.5637426988090325e-12, 3.184750508463116e-12, 4.088490818464263e-12, 8.935092720709315e-13, 3.5031753373571992e-12]","[0.0003228305785123967, 0.0003228305785123967, 0.0003228305785123967, 0.0003228305785123967, 0.0003228305785123967, 0.0003228305785123967, 0.0003228305785123967, 0.0003228305785123967, 0.0003228305785123967, 0.0003228305785123967, 0.0003228305785123967, 0.0003228305785123967, 0.0003228305785123967, 0.0003228305785123967, 0.0003228305785123967, 0.0003228305785123967, 0.0003228305785123967, 0.0003228305785123967, 0.0003228305785123967, 0.0003228305785123967, 0.0003228305785123967, 0.0003228305785123967, 0.0003228305785123967, 0.0003228305785123967, 0.0003228305785123967, 0.0003228305785123967, 0.0003228305785123967, 0.0003228305785123967, 0.0003228305785123967, 0.0003228305785123967, 0.0003228305785123967, 0.0003228305785123967, 0.0003228305785123967, 0.0003228305785123967, 0.0003228305785123967, 0.0003228305785123967, 0.0003228305785123967, 0.0003228305785123967, 0.0003228305785123967, 0.0003228305785123967, 0.0003228305785123967, 0.0003228305785123967, 0.0003228305785123967, 0.0003228305785123967, 0.0003228305785123967, 0.0003228305785123967, 0.0003228305785123967, 0.0003228305785123967, 0.0003228305785123967, 0.0003228305785123967, 0.0003228305785123967, 0.0003228305785123967, 0.0003228305785123967, 0.0003228305785123967, 0.0003228305785123967, 0.0003228305785123967, 0.0003228305785123967, 0.0003228305785123967, 0.0003228305785123967, 0.0003228305785123967, 0.0003228305785123967, 0.0003228305785123967, 0.0003228305785123967, 0.0003228305785123967, 0.0003228305785123967, 0.0003228305785123967, 0.0003228305785123967, 0.0003228305785123967, 0.0003228305785123967, 0.0003228305785123967, 0.0003228305785123967, 0.0003228305785123967, 0.0003228305785123967, 0.0003228305785123967, 0.0003228305785123967, 0.0003228305785123967, 0.0003228305785123967, 0.0003228305785123967, 0.0003228305785123967, 0.0003228305785123967, 0.0003228305785123967, 0.0003228305785123967, 0.0003228305785123967, 0.0003228305785123967, 0.0003228305785123967, 0.0003228305785123967, 0.0003228305785123967, 0.0003228305785123967, 0.0003228305785123967, 0.0003228305785123967, 0.0003228305785123967, 0.0003228305785123967, 0.0003228305785123967, 0.0003228305785123967, 0.0003228305785123967, 0.0003228305785123967, 0.0003228305785123967, 0.0003228305785123967, 0.0003228305785123967, 0.0003228305785123967, 0.0003228305785123967, 0.0003228305785123967, 0.0003228305785123967, 0.0003228305785123967, 0.0003228305785123967, 0.0003228305785123967, 0.0003228305785123967, 0.0003228305785123967, 0.0003228305785123967, 0.0003228305785123967, 0.0003228305785123967, 0.0003228305785123967, 0.0003228305785123967, 0.0003228305785123967, 0.0003228305785123967, 0.0003228305785123967, 0.0003228305785123967, 0.0003228305785123967, 0.0003228305785123967, 0.0003228305785123967, 0.0003228305785123967, 0.0003228305785123967, 0.0003228305785123967, 0.0003228305785123967, 0.0003228305785123967, 0.0003228305785123967, 0.0003228305785123967, 0.0003228305785123967, 0.0003228305785123967, 0.0003228305785123967, 0.0003228305785123967, 0.0003228305785123967, 0.0003228305785123967, 0.0003228305785123967, 0.0003228305785123967, 0.0003228305785123967, 0.0003228305785123967, 0.0003228305785123967, 0.0003228305785123967, 0.0003228305785123967, 0.0003228305785123967, 0.0003228305785123967, 0.0003228305785123967, 0.0003228305785123967, 0.0003228305785123967, 0.0003228305785123967, 0.0003228305785123967, 0.0003228305785123967]"
delta,"[0.0, 0.0, 0.0, 0.0, 0.0, 0.0, 0.0, 0.0, 0.0, 0.0, 0.0, 0.0, 0.0, 0.0, 0.0, 0.0, 0.0, 0.0, 0.0, 0.0, 0.0, 0.0, 0.0, 0.0, 0.0, 0.0, 0.0, 0.0, 0.0, 0.0, 0.0, 0.0, 0.0, 0.0, 0.0, 0.0, 0.0, 0.0, 0.0, 0.0, 0.0, 0.0, 0.0, 0.0, 0.0, 0.0, 0.0, 0.0, 0.0, 0.0, 0.0, 0.0, 0.0, 0.0, 0.0, 0.0, 0.0, 0.0, 0.0, 0.0, 0.0, 0.0, 0.0, 0.0, 0.0, 0.0, 0.0, 0.0, 0.0, 0.0, 0.0, 0.0, 0.0, 0.0, 0.0, 0.0, 0.0, 0.0, 0.0, 0.0, 0.0, 0.0, 0.0, 0.0, 0.0, 0.0, 0.0, 0.0, 0.0, 0.0, 0.0, 0.0, 0.0, 0.0, 0.0, 0.0, 0.0, 0.0, 0.0, 0.0, 0.0, 0.0, 0.0, 0.0, 0.0, 0.0, 0.0, 0.0, 0.0, 0.0, 0.0, 0.0, 0.0, 0.0, 0.0, 0.0, 0.0, 0.0, 0.0, 0.0, 0.0, 0.0, 0.0, 0.0, 0.0, 0.0, 0.0, 0.0, 0.0, 0.0, 0.0, 0.0, 0.0, 0.0, 0.0, 0.0, 0.0, 0.0, 0.0, 0.0, 0.0, 0.0, 0.0, 0.0, 0.0, 0.0, 0.0, 0.0]","[0.0, 0.0, 0.0, 0.0, 0.0, 0.0, 0.0, 0.0, 0.0, 0.0, 0.0, 0.0, 0.0, 0.0, 0.0, 0.0, 0.0, 0.0, 0.0, 0.0, 0.0, 0.0, 0.0, 0.0, 0.0, 0.0, 0.0, 0.0, 0.0, 0.0, 0.0, 0.0, 0.0, 0.0, 0.0, 0.0, 0.0, 0.0, 0.0, 0.0, 0.0, 0.0, 0.0, 0.0, 0.0, 0.0, 0.0, 0.0, 0.0, 0.0, 0.0, 0.0, 0.0, 0.0, 0.0, 0.0, 0.0, 0.0, 0.0, 0.0, 0.0, 0.0, 0.0, 0.0, 0.0, 0.0, 0.0, 0.0, 0.0, 0.0, 0.0, 0.0, 0.0, 0.0, 0.0, 0.0, 0.0, 0.0, 0.0, 0.0, 0.0, 0.0, 0.0, 0.0, 0.0, 0.0, 0.0, 0.0, 0.0, 0.0, 0.0, 0.0, 0.0, 0.0, 0.0, 0.0, 0.0, 0.0, 0.0, 0.0, 0.0, 0.0, 0.0, 0.0, 0.0, 0.0, 0.0, 0.0, 0.0, 0.0, 0.0, 0.0, 0.0, 0.0, 0.0, 0.0, 0.0, 0.0, 0.0, 0.0, 0.0, 0.0, 0.0, 0.0, 0.0, 0.0, 0.0, 0.0, 0.0, 0.0, 0.0, 0.0, 0.0, 0.0, 0.0, 0.0, 0.0, 0.0, 0.0, 0.0, 0.0, 0.0, 0.0, 0.0, 0.0, 0.0, 0.0, 0.0]","[0.0, 0.0, 0.0, 0.0, 0.0, 0.0, 0.0, 0.0, 0.0, 0.0, 0.0, 0.0, 0.0, 0.0, 0.0, 0.0, 0.0, 0.0, 0.0, 0.0, 0.0, 0.0, 0.0, 0.0, 0.0, 0.0, 0.0, 0.0, 0.0, 0.0, 0.0, 0.0, 0.0, 0.0, 0.0, 0.0, 0.0, 0.0, 0.0, 0.0, 0.0, 0.0, 0.0, 0.0, 0.0, 0.0, 0.0, 0.0, 0.0, 0.0, 0.0, 0.0, 0.0, 0.0, 0.0, 0.0, 0.0, 0.0, 0.0, 0.0, 0.0, 0.0, 0.0, 0.0, 0.0, 0.0, 0.0, 0.0, 0.0, 0.0, 0.0, 0.0, 0.0, 0.0, 0.0, 0.0, 0.0, 0.0, 0.0, 0.0, 0.0, 0.0, 0.0, 0.0, 0.0, 0.0, 0.0, 0.0, 0.0, 0.0, 0.0, 0.0, 0.0, 0.0, 0.0, 0.0, 0.0, 0.0, 0.0, 0.0, 0.0, 0.0, 0.0, 0.0, 0.0, 0.0, 0.0, 0.0, 0.0, 0.0, 0.0, 0.0, 0.0, 0.0, 0.0, 0.0, 0.0, 0.0, 0.0, 0.0, 0.0, 0.0, 0.0, 0.0, 0.0, 0.0, 0.0, 0.0, 0.0, 0.0, 0.0, 0.0, 0.0, 0.0, 0.0, 0.0, 0.0, 0.0, 0.0, 0.0, 0.0, 0.0, 0.0, 0.0, 0.0, 0.0, 0.0, 0.0]","[0.0, 0.0, 0.0, 0.0, 0.0, 0.0, 0.0, 0.0, 0.0, 0.0, 0.0, 0.0, 0.0, 0.0, 0.0, 0.0, 0.0, 0.0, 0.0, 0.0, 0.0, 0.0, 0.0, 0.0, 0.0, 0.0, 0.0, 0.0, 0.0, 0.0, 0.0, 0.0, 0.0, 0.0, 0.0, 0.0, 0.0, 0.0, 0.0, 0.0, 0.0, 0.0, 0.0, 0.0, 0.0, 0.0, 0.0, 0.0, 0.0, 0.0, 0.0, 0.0, 0.0, 0.0, 0.0, 0.0, 0.0, 0.0, 0.0, 0.0, 0.0, 0.0, 0.0, 0.0, 0.0, 0.0, 0.0, 0.0, 0.0, 0.0, 0.0, 0.0, 0.0, 0.0, 0.0, 0.0, 0.0, 0.0, 0.0, 0.0, 0.0, 0.0, 0.0, 0.0, 0.0, 0.0, 0.0, 0.0, 0.0, 0.0, 0.0, 0.0, 0.0, 0.0, 0.0, 0.0, 0.0, 0.0, 0.0, 0.0, 0.0, 0.0, 0.0, 0.0, 0.0, 0.0, 0.0, 0.0, 0.0, 0.0, 0.0, 0.0, 0.0, 0.0, 0.0, 0.0, 0.0, 0.0, 0.0, 0.0, 0.0, 0.0, 0.0, 0.0, 0.0, 0.0, 0.0, 0.0, 0.0, 0.0, 0.0, 0.0, 0.0, 0.0, 0.0, 0.0, 0.0, 0.0, 0.0, 0.0, 0.0, 0.0, 0.0, 0.0, 0.0, 0.0, 0.0, 0.0]","[0.0, 0.0, 0.0, 0.0, 0.0, 0.0, 0.0, 0.0, 0.0, 0.0, 0.0, 0.0, 0.0, 0.0, 0.0, 0.0, 0.0, 0.0, 0.0, 0.0, 0.0, 0.0, 0.0, 0.0, 0.0, 0.0, 0.0, 0.0, 0.0, 0.0, 0.0, 0.0, 0.0, 0.0, 0.0, 0.0, 0.0, 0.0, 0.0, 0.0, 0.0, 0.0, 0.0, 0.0, 0.0, 0.0, 0.0, 0.0, 0.0, 0.0, 0.0, 0.0, 0.0, 0.0, 0.0, 0.0, 0.0, 0.0, 0.0, 0.0, 0.0, 0.0, 0.0, 0.0, 0.0, 0.0, 0.0, 0.0, 0.0, 0.0, 0.0, 0.0, 0.0, 0.0, 0.0, 0.0, 0.0, 0.0, 0.0, 0.0, 0.0, 0.0, 0.0, 0.0, 0.0, 0.0, 0.0, 0.0, 0.0, 0.0, 0.0, 0.0, 0.0, 0.0, 0.0, 0.0, 0.0, 0.0, 0.0, 0.0, 0.0, 0.0, 0.0, 0.0, 0.0, 0.0, 0.0, 0.0, 0.0, 0.0, 0.0, 0.0, 0.0, 0.0, 0.0, 0.0, 0.0, 0.0, 0.0, 0.0, 0.0, 0.0, 0.0, 0.0, 0.0, 0.0, 0.0, 0.0, 0.0, 0.0, 0.0, 0.0, 0.0, 0.0, 0.0, 0.0, 0.0, 0.0, 0.0, 0.0, 0.0, 0.0, 0.0, 0.0, 0.0, 0.0, 0.0, 0.0]","[0.0, 0.0, 0.0, 0.0, 0.0, 0.0, 0.0, 0.0, 0.0, 0.0, 0.0, 0.0, 0.0, 0.0, 0.0, 0.0, 0.0, 0.0, 0.0, 0.0, 0.0, 0.0, 0.0, 0.0, 0.0, 0.0, 0.0, 0.0, 0.0, 0.0, 0.0, 0.0, 0.0, 0.0, 0.0, 0.0, 0.0, 0.0, 0.0, 0.0, 0.0, 0.0, 0.0, 0.0, 0.0, 0.0, 0.0, 0.0, 0.0, 0.0, 0.0, 0.0, 0.0, 0.0, 0.0, 0.0, 0.0, 0.0, 0.0, 0.0, 0.0, 0.0, 0.0, 0.0, 0.0, 0.0, 0.0, 0.0, 0.0, 0.0, 0.0, 0.0, 0.0, 0.0, 0.0, 0.0, 0.0, 0.0, 0.0, 0.0, 0.0, 0.0, 0.0, 0.0, 0.0, 0.0, 0.0, 0.0, 0.0, 0.0, 0.0, 0.0, 0.0, 0.0, 0.0, 0.0, 0.0, 0.0, 0.0, 0.0, 0.0, 0.0, 0.0, 0.0, 0.0, 0.0, 0.0, 0.0, 0.0, 0.0, 0.0, 0.0, 0.0, 0.0, 0.0, 0.0, 0.0, 0.0, 0.0, 0.0, 0.0, 0.0, 0.0, 0.0, 0.0, 0.0, 0.0, 0.0, 0.0, 0.0, 0.0, 0.0, 0.0, 0.0, 0.0, 0.0, 0.0, 0.0, 0.0, 0.0, 0.0, 0.0, 0.0, 0.0, 0.0, 0.0, 0.0, 0.0]","[0.0, 0.0, 0.0, 0.0, 0.0, 0.0, 0.0, 0.0, 0.0, 0.0, 0.0, 0.0, 0.0, 0.0, 0.0, 0.0, 0.0, 0.0, 0.0, 0.0, 0.0, 0.0, 0.0, 0.0, 0.0, 0.0, 0.0, 0.0, 0.0, 0.0, 0.0, 0.0, 0.0, 0.0, 0.0, 0.0, 0.0, 0.0, 0.0, 0.0, 0.0, 0.0, 0.0, 0.0, 0.0, 0.0, 0.0, 0.0, 0.0, 0.0, 0.0, 0.0, 0.0, 0.0, 0.0, 0.0, 0.0, 0.0, 0.0, 0.0, 0.0, 0.0, 0.0, 0.0, 0.0, 0.0, 0.0, 0.0, 0.0, 0.0, 0.0, 0.0, 0.0, 0.0, 0.0, 0.0, 0.0, 0.0, 0.0, 0.0, 0.0, 0.0, 0.0, 0.0, 0.0, 0.0, 0.0, 0.0, 0.0, 0.0, 0.0, 0.0, 0.0, 0.0, 0.0, 0.0, 0.0, 0.0, 0.0, 0.0, 0.0, 0.0, 0.0, 0.0, 0.0, 0.0, 0.0, 0.0, 0.0, 0.0, 0.0, 0.0, 0.0, 0.0, 0.0, 0.0, 0.0, 0.0, 0.0, 0.0, 0.0, 0.0, 0.0, 0.0, 0.0, 0.0, 0.0, 0.0, 0.0, 0.0, 0.0, 0.0, 0.0, 0.0, 0.0, 0.0, 0.0, 0.0, 0.0, 0.0, 0.0, 0.0, 0.0, 0.0, 0.0, 0.0, 0.0, 0.0]","[0.0, 0.0, 0.0, 0.0, 0.0, 0.0, 0.0, 0.0, 0.0, 0.0, 0.0, 0.0, 0.0, 0.0, 0.0, 0.0, 0.0, 0.0, 0.0, 0.0, 0.0, 0.0, 0.0, 0.0, 0.0, 0.0, 0.0, 0.0, 0.0, 0.0, 0.0, 0.0, 0.0, 0.0, 0.0, 0.0, 0.0, 0.0, 0.0, 0.0, 0.0, 0.0, 0.0, 0.0, 0.0, 0.0, 0.0, 0.0, 0.0, 0.0, 0.0, 0.0, 0.0, 0.0, 0.0, 0.0, 0.0, 0.0, 0.0, 0.0, 0.0, 0.0, 0.0, 0.0, 0.0, 0.0, 0.0, 0.0, 0.0, 0.0, 0.0, 0.0, 0.0, 0.0, 0.0, 0.0, 0.0, 0.0, 0.0, 0.0, 0.0, 0.0, 0.0, 0.0, 0.0, 0.0, 0.0, 0.0, 0.0, 0.0, 0.0, 0.0, 0.0, 0.0, 0.0, 0.0, 0.0, 0.0, 0.0, 0.0, 0.0, 0.0, 0.0, 0.0, 0.0, 0.0, 0.0, 0.0, 0.0, 0.0, 0.0, 0.0, 0.0, 0.0, 0.0, 0.0, 0.0, 0.0, 0.0, 0.0, 0.0, 0.0, 0.0, 0.0, 0.0, 0.0, 0.0, 0.0, 0.0, 0.0, 0.0, 0.0, 0.0, 0.0, 0.0, 0.0, 0.0, 0.0, 0.0, 0.0, 0.0, 0.0, 0.0, 0.0, 0.0, 0.0, 0.0, 0.0]","[0.0, 0.0, 0.0, 0.0, 0.0, 0.0, 0.0, 0.0, 0.0, 0.0, 0.0, 0.0, 0.0, 0.0, 0.0, 0.0, 0.0, 0.0, 0.0, 0.0, 0.0, 0.0, 0.0, 0.0, 0.0, 0.0, 0.0, 0.0, 0.0, 0.0, 0.0, 0.0, 0.0, 0.0, 0.0, 0.0, 0.0, 0.0, 0.0, 0.0, 0.0, 0.0, 0.0, 0.0, 0.0, 0.0, 0.0, 0.0, 0.0, 0.0, 0.0, 0.0, 0.0, 0.0, 0.0, 0.0, 0.0, 0.0, 0.0, 0.0, 0.0, 0.0, 0.0, 0.0, 0.0, 0.0, 0.0, 0.0, 0.0, 0.0, 0.0, 0.0, 0.0, 0.0, 0.0, 0.0, 0.0, 0.0, 0.0, 0.0, 0.0, 0.0, 0.0, 0.0, 0.0, 0.0, 0.0, 0.0, 0.0, 0.0, 0.0, 0.0, 0.0, 0.0, 0.0, 0.0, 0.0, 0.0, 0.0, 0.0, 0.0, 0.0, 0.0, 0.0, 0.0, 0.0, 0.0, 0.0, 0.0, 0.0, 0.0, 0.0, 0.0, 0.0, 0.0, 0.0, 0.0, 0.0, 0.0, 0.0, 0.0, 0.0, 0.0, 0.0, 0.0, 0.0, 0.0, 0.0, 0.0, 0.0, 0.0, 0.0, 0.0, 0.0, 0.0, 0.0, 0.0, 0.0, 0.0, 0.0, 0.0, 0.0, 0.0, 0.0, 0.0, 0.0, 0.0, 0.0]","[0.0, 0.0, 0.0, 0.0, 0.0, 0.0, 0.0, 0.0, 0.0, 0.0, 0.0, 0.0, 0.0, 0.0, 0.0, 0.0, 0.0, 0.0, 0.0, 0.0, 0.0, 0.0, 0.0, 0.0, 0.0, 0.0, 0.0, 0.0, 0.0, 0.0, 0.0, 0.0, 0.0, 0.0, 0.0, 0.0, 0.0, 0.0, 0.0, 0.0, 0.0, 0.0, 0.0, 0.0, 0.0, 0.0, 0.0, 0.0, 0.0, 0.0, 0.0, 0.0, 0.0, 0.0, 0.0, 0.0, 0.0, 0.0, 0.0, 0.0, 0.0, 0.0, 0.0, 0.0, 0.0, 0.0, 0.0, 0.0, 0.0, 0.0, 0.0, 0.0, 0.0, 0.0, 0.0, 0.0, 0.0, 0.0, 0.0, 0.0, 0.0, 0.0, 0.0, 0.0, 0.0, 0.0, 0.0, 0.0, 0.0, 0.0, 0.0, 0.0, 0.0, 0.0, 0.0, 0.0, 0.0, 0.0, 0.0, 0.0, 0.0, 0.0, 0.0, 0.0, 0.0, 0.0, 0.0, 0.0, 0.0, 0.0, 0.0, 0.0, 0.0, 0.0, 0.0, 0.0, 0.0, 0.0, 0.0, 0.0, 0.0, 0.0, 0.0, 0.0, 0.0, 0.0, 0.0, 0.0, 0.0, 0.0, 0.0, 0.0, 0.0, 0.0, 0.0, 0.0, 0.0, 0.0, 0.0, 0.0, 0.0, 0.0, 0.0, 0.0, 0.0, 0.0, 0.0, 0.0]","[0.0, 0.0, 0.0, 0.0, 0.0, 0.0, 0.0, 0.0, 0.0, 0.0, 0.0, 0.0, 0.0, 0.0, 0.0, 0.0, 0.0, 0.0, 0.0, 0.0, 0.0, 0.0, 0.0, 0.0, 0.0, 0.0, 0.0, 0.0, 0.0, 0.0, 0.0, 0.0, 0.0, 0.0, 0.0, 0.0, 0.0, 0.0, 0.0, 0.0, 0.0, 0.0, 0.0, 0.0, 0.0, 0.0, 0.0, 0.0, 0.0, 0.0, 0.0, 0.0, 0.0, 0.0, 0.0, 0.0, 0.0, 0.0, 0.0, 0.0, 0.0, 0.0, 0.0, 0.0, 0.0, 0.0, 0.0, 0.0, 0.0, 0.0, 0.0, 0.0, 0.0, 0.0, 0.0, 0.0, 0.0, 0.0, 0.0, 0.0, 0.0, 0.0, 0.0, 0.0, 0.0, 0.0, 0.0, 0.0, 0.0, 0.0, 0.0, 0.0, 0.0, 0.0, 0.0, 0.0, 0.0, 0.0, 0.0, 0.0, 0.0, 0.0, 0.0, 0.0, 0.0, 0.0, 0.0, 0.0, 0.0, 0.0, 0.0, 0.0, 0.0, 0.0, 0.0, 0.0, 0.0, 0.0, 0.0, 0.0, 0.0, 0.0, 0.0, 0.0, 0.0, 0.0, 0.0, 0.0, 0.0, 0.0, 0.0, 0.0, 0.0, 0.0, 0.0, 0.0, 0.0, 0.0, 0.0, 0.0, 0.0, 0.0, 0.0, 0.0, 0.0, 0.0, 0.0, 0.0]","[0.0, 0.0, 0.0, 0.0, 0.0, 0.0, 0.0, 0.0, 0.0, 0.0, 0.0, 0.0, 0.0, 0.0, 0.0, 0.0, 0.0, 0.0, 0.0, 0.0, 0.0, 0.0, 0.0, 0.0, 0.0, 0.0, 0.0, 0.0, 0.0, 0.0, 0.0, 0.0, 0.0, 0.0, 0.0, 0.0, 0.0, 0.0, 0.0, 0.0, 0.0, 0.0, 0.0, 0.0, 0.0, 0.0, 0.0, 0.0, 0.0, 0.0, 0.0, 0.0, 0.0, 0.0, 0.0, 0.0, 0.0, 0.0, 0.0, 0.0, 0.0, 0.0, 0.0, 0.0, 0.0, 0.0, 0.0, 0.0, 0.0, 0.0, 0.0, 0.0, 0.0, 0.0, 0.0, 0.0, 0.0, 0.0, 0.0, 0.0, 0.0, 0.0, 0.0, 0.0, 0.0, 0.0, 0.0, 0.0, 0.0, 0.0, 0.0, 0.0, 0.0, 0.0, 0.0, 0.0, 0.0, 0.0, 0.0, 0.0, 0.0, 0.0, 0.0, 0.0, 0.0, 0.0, 0.0, 0.0, 0.0, 0.0, 0.0, 0.0, 0.0, 0.0, 0.0, 0.0, 0.0, 0.0, 0.0, 0.0, 0.0, 0.0, 0.0, 0.0, 0.0, 0.0, 0.0, 0.0, 0.0, 0.0, 0.0, 0.0, 0.0, 0.0, 0.0, 0.0, 0.0, 0.0, 0.0, 0.0, 0.0, 0.0, 0.0, 0.0, 0.0, 0.0, 0.0, 0.0]","[0.0, 0.0, 0.0, 0.0, 0.0, 0.0, 0.0, 0.0, 0.0, 0.0, 0.0, 0.0, 0.0, 0.0, 0.0, 0.0, 0.0, 0.0, 0.0, 0.0, 0.0, 0.0, 0.0, 0.0, 0.0, 0.0, 0.0, 0.0, 0.0, 0.0, 0.0, 0.0, 0.0, 0.0, 0.0, 0.0, 0.0, 0.0, 0.0, 0.0, 0.0, 0.0, 0.0, 0.0, 0.0, 0.0, 0.0, 0.0, 0.0, 0.0, 0.0, 0.0, 0.0, 0.0, 0.0, 0.0, 0.0, 0.0, 0.0, 0.0, 0.0, 0.0, 0.0, 0.0, 0.0, 0.0, 0.0, 0.0, 0.0, 0.0, 0.0, 0.0, 0.0, 0.0, 0.0, 0.0, 0.0, 0.0, 0.0, 0.0, 0.0, 0.0, 0.0, 0.0, 0.0, 0.0, 0.0, 0.0, 0.0, 0.0, 0.0, 0.0, 0.0, 0.0, 0.0, 0.0, 0.0, 0.0, 0.0, 0.0, 0.0, 0.0, 0.0, 0.0, 0.0, 0.0, 0.0, 0.0, 0.0, 0.0, 0.0, 0.0, 0.0, 0.0, 0.0, 0.0, 0.0, 0.0, 0.0, 0.0, 0.0, 0.0, 0.0, 0.0, 0.0, 0.0, 0.0, 0.0, 0.0, 0.0, 0.0, 0.0, 0.0, 0.0, 0.0, 0.0, 0.0, 0.0, 0.0, 0.0, 0.0, 0.0, 0.0, 0.0, 0.0, 0.0, 0.0, 0.0]","[0.0, 0.0, 0.0, 0.0, 0.0, 0.0, 0.0, 0.0, 0.0, 0.0, 0.0, 0.0, 0.0, 0.0, 0.0, 0.0, 0.0, 0.0, 0.0, 0.0, 0.0, 0.0, 0.0, 0.0, 0.0, 0.0, 0.0, 0.0, 0.0, 0.0, 0.0, 0.0, 0.0, 0.0, 0.0, 0.0, 0.0, 0.0, 0.0, 0.0, 0.0, 0.0, 0.0, 0.0, 0.0, 0.0, 0.0, 0.0, 0.0, 0.0, 0.0, 0.0, 0.0, 0.0, 0.0, 0.0, 0.0, 0.0, 0.0, 0.0, 0.0, 0.0, 0.0, 0.0, 0.0, 0.0, 0.0, 0.0, 0.0, 0.0, 0.0, 0.0, 0.0, 0.0, 0.0, 0.0, 0.0, 0.0, 0.0, 0.0, 0.0, 0.0, 0.0, 0.0, 0.0, 0.0, 0.0, 0.0, 0.0, 0.0, 0.0, 0.0, 0.0, 0.0, 0.0, 0.0, 0.0, 0.0, 0.0, 0.0, 0.0, 0.0, 0.0, 0.0, 0.0, 0.0, 0.0, 0.0, 0.0, 0.0, 0.0, 0.0, 0.0, 0.0, 0.0, 0.0, 0.0, 0.0, 0.0, 0.0, 0.0, 0.0, 0.0, 0.0, 0.0, 0.0, 0.0, 0.0, 0.0, 0.0, 0.0, 0.0, 0.0, 0.0, 0.0, 0.0, 0.0, 0.0, 0.0, 0.0, 0.0, 0.0, 0.0, 0.0, 0.0, 0.0, 0.0, 0.0]","[0.0, 0.0, 0.0, 0.0, 0.0, 0.0, 0.0, 0.0, 0.0, 0.0, 0.0, 0.0, 0.0, 0.0, 0.0, 0.0, 0.0, 0.0, 0.0, 0.0, 0.0, 0.0, 0.0, 0.0, 0.0, 0.0, 0.0, 0.0, 0.0, 0.0, 0.0, 0.0, 0.0, 0.0, 0.0, 0.0, 0.0, 0.0, 0.0, 0.0, 0.0, 0.0, 0.0, 0.0, 0.0, 0.0, 0.0, 0.0, 0.0, 0.0, 0.0, 0.0, 0.0, 0.0, 0.0, 0.0, 0.0, 0.0, 0.0, 0.0, 0.0, 0.0, 0.0, 0.0, 0.0, 0.0, 0.0, 0.0, 0.0, 0.0, 0.0, 0.0, 0.0, 0.0, 0.0, 0.0, 0.0, 0.0, 0.0, 0.0, 0.0, 0.0, 0.0, 0.0, 0.0, 0.0, 0.0, 0.0, 0.0, 0.0, 0.0, 0.0, 0.0, 0.0, 0.0, 0.0, 0.0, 0.0, 0.0, 0.0, 0.0, 0.0, 0.0, 0.0, 0.0, 0.0, 0.0, 0.0, 0.0, 0.0, 0.0, 0.0, 0.0, 0.0, 0.0, 0.0, 0.0, 0.0, 0.0, 0.0, 0.0, 0.0, 0.0, 0.0, 0.0, 0.0, 0.0, 0.0, 0.0, 0.0, 0.0, 0.0, 0.0, 0.0, 0.0, 0.0, 0.0, 0.0, 0.0, 0.0, 0.0, 0.0, 0.0, 0.0, 0.0, 0.0, 0.0, 0.0]","[0.0, 0.0, 0.0, 0.0, 0.0, 0.0, 0.0, 0.0, 0.0, 0.0, 0.0, 0.0, 0.0, 0.0, 0.0, 0.0, 0.0, 0.0, 0.0, 0.0, 0.0, 0.0, 0.0, 0.0, 0.0, 0.0, 0.0, 0.0, 0.0, 0.0, 0.0, 0.0, 0.0, 0.0, 0.0, 0.0, 0.0, 0.0, 0.0, 0.0, 0.0, 0.0, 0.0, 0.0, 0.0, 0.0, 0.0, 0.0, 0.0, 0.0, 0.0, 0.0, 0.0, 0.0, 0.0, 0.0, 0.0, 0.0, 0.0, 0.0, 0.0, 0.0, 0.0, 0.0, 0.0, 0.0, 0.0, 0.0, 0.0, 0.0, 0.0, 0.0, 0.0, 0.0, 0.0, 0.0, 0.0, 0.0, 0.0, 0.0, 0.0, 0.0, 0.0, 0.0, 0.0, 0.0, 0.0, 0.0, 0.0, 0.0, 0.0, 0.0, 0.0, 0.0, 0.0, 0.0, 0.0, 0.0, 0.0, 0.0, 0.0, 0.0, 0.0, 0.0, 0.0, 0.0, 0.0, 0.0, 0.0, 0.0, 0.0, 0.0, 0.0, 0.0, 0.0, 0.0, 0.0, 0.0, 0.0, 0.0, 0.0, 0.0, 0.0, 0.0, 0.0, 0.0, 0.0, 0.0, 0.0, 0.0, 0.0, 0.0, 0.0, 0.0, 0.0, 0.0, 0.0, 0.0, 0.0, 0.0, 0.0, 0.0, 0.0, 0.0, 0.0, 0.0, 0.0, 0.0]","[0.0, 0.0, 0.0, 0.0, 0.0, 0.0, 0.0, 0.0, 0.0, 0.0, 0.0, 0.0, 0.0, 0.0, 0.0, 0.0, 0.0, 0.0, 0.0, 0.0, 0.0, 0.0, 0.0, 0.0, 0.0, 0.0, 0.0, 0.0, 0.0, 0.0, 0.0, 0.0, 0.0, 0.0, 0.0, 0.0, 0.0, 0.0, 0.0, 0.0, 0.0, 0.0, 0.0, 0.0, 0.0, 0.0, 0.0, 0.0, 0.0, 0.0, 0.0, 0.0, 0.0, 0.0, 0.0, 0.0, 0.0, 0.0, 0.0, 0.0, 0.0, 0.0, 0.0, 0.0, 0.0, 0.0, 0.0, 0.0, 0.0, 0.0, 0.0, 0.0, 0.0, 0.0, 0.0, 0.0, 0.0, 0.0, 0.0, 0.0, 0.0, 0.0, 0.0, 0.0, 0.0, 0.0, 0.0, 0.0, 0.0, 0.0, 0.0, 0.0, 0.0, 0.0, 0.0, 0.0, 0.0, 0.0, 0.0, 0.0, 0.0, 0.0, 0.0, 0.0, 0.0, 0.0, 0.0, 0.0, 0.0, 0.0, 0.0, 0.0, 0.0, 0.0, 0.0, 0.0, 0.0, 0.0, 0.0, 0.0, 0.0, 0.0, 0.0, 0.0, 0.0, 0.0, 0.0, 0.0, 0.0, 0.0, 0.0, 0.0, 0.0, 0.0, 0.0, 0.0, 0.0, 0.0, 0.0, 0.0, 0.0, 0.0, 0.0, 0.0, 0.0, 0.0, 0.0, 0.0]","[0.0, 0.0, 0.0, 0.0, 0.0, 0.0, 0.0, 0.0, 0.0, 0.0, 0.0, 0.0, 0.0, 0.0, 0.0, 0.0, 0.0, 0.0, 0.0, 0.0, 0.0, 0.0, 0.0, 0.0, 0.0, 0.0, 0.0, 0.0, 0.0, 0.0, 0.0, 0.0, 0.0, 0.0, 0.0, 0.0, 0.0, 0.0, 0.0, 0.0, 0.0, 0.0, 0.0, 0.0, 0.0, 0.0, 0.0, 0.0, 0.0, 0.0, 0.0, 0.0, 0.0, 0.0, 0.0, 0.0, 0.0, 0.0, 0.0, 0.0, 0.0, 0.0, 0.0, 0.0, 0.0, 0.0, 0.0, 0.0, 0.0, 0.0, 0.0, 0.0, 0.0, 0.0, 0.0, 0.0, 0.0, 0.0, 0.0, 0.0, 0.0, 0.0, 0.0, 0.0, 0.0, 0.0, 0.0, 0.0, 0.0, 0.0, 0.0, 0.0, 0.0, 0.0, 0.0, 0.0, 0.0, 0.0, 0.0, 0.0, 0.0, 0.0, 0.0, 0.0, 0.0, 0.0, 0.0, 0.0, 0.0, 0.0, 0.0, 0.0, 0.0, 0.0, 0.0, 0.0, 0.0, 0.0, 0.0, 0.0, 0.0, 0.0, 0.0, 0.0, 0.0, 0.0, 0.0, 0.0, 0.0, 0.0, 0.0, 0.0, 0.0, 0.0, 0.0, 0.0, 0.0, 0.0, 0.0, 0.0, 0.0, 0.0, 0.0, 0.0, 0.0, 0.0, 0.0, 0.0]","[0.0, 0.0, 0.0, 0.0, 0.0, 0.0, 0.0, 0.0, 0.0, 0.0, 0.0, 0.0, 0.0, 0.0, 0.0, 0.0, 0.0, 0.0, 0.0, 0.0, 0.0, 0.0, 0.0, 0.0, 0.0, 0.0, 0.0, 0.0, 0.0, 0.0, 0.0, 0.0, 0.0, 0.0, 0.0, 0.0, 0.0, 0.0, 0.0, 0.0, 0.0, 0.0, 0.0, 0.0, 0.0, 0.0, 0.0, 0.0, 0.0, 0.0, 0.0, 0.0, 0.0, 0.0, 0.0, 0.0, 0.0, 0.0, 0.0, 0.0, 0.0, 0.0, 0.0, 0.0, 0.0, 0.0, 0.0, 0.0, 0.0, 0.0, 0.0, 0.0, 0.0, 0.0, 0.0, 0.0, 0.0, 0.0, 0.0, 0.0, 0.0, 0.0, 0.0, 0.0, 0.0, 0.0, 0.0, 0.0, 0.0, 0.0, 0.0, 0.0, 0.0, 0.0, 0.0, 0.0, 0.0, 0.0, 0.0, 0.0, 0.0, 0.0, 0.0, 0.0, 0.0, 0.0, 0.0, 0.0, 0.0, 0.0, 0.0, 0.0, 0.0, 0.0, 0.0, 0.0, 0.0, 0.0, 0.0, 0.0, 0.0, 0.0, 0.0, 0.0, 0.0, 0.0, 0.0, 0.0, 0.0, 0.0, 0.0, 0.0, 0.0, 0.0, 0.0, 0.0, 0.0, 0.0, 0.0, 0.0, 0.0, 0.0, 0.0, 0.0, 0.0, 0.0, 0.0, 0.0]","[0.0, 0.0, 0.0, 0.0, 0.0, 0.0, 0.0, 0.0, 0.0, 0.0, 0.0, 0.0, 0.0, 0.0, 0.0, 0.0, 0.0, 0.0, 0.0, 0.0, 0.0, 0.0, 0.0, 0.0, 0.0, 0.0, 0.0, 0.0, 0.0, 0.0, 0.0, 0.0, 0.0, 0.0, 0.0, 0.0, 0.0, 0.0, 0.0, 0.0, 0.0, 0.0, 0.0, 0.0, 0.0, 0.0, 0.0, 0.0, 0.0, 0.0, 0.0, 0.0, 0.0, 0.0, 0.0, 0.0, 0.0, 0.0, 0.0, 0.0, 0.0, 0.0, 0.0, 0.0, 0.0, 0.0, 0.0, 0.0, 0.0, 0.0, 0.0, 0.0, 0.0, 0.0, 0.0, 0.0, 0.0, 0.0, 0.0, 0.0, 0.0, 0.0, 0.0, 0.0, 0.0, 0.0, 0.0, 0.0, 0.0, 0.0, 0.0, 0.0, 0.0, 0.0, 0.0, 0.0, 0.0, 0.0, 0.0, 0.0, 0.0, 0.0, 0.0, 0.0, 0.0, 0.0, 0.0, 0.0, 0.0, 0.0, 0.0, 0.0, 0.0, 0.0, 0.0, 0.0, 0.0, 0.0, 0.0, 0.0, 0.0, 0.0, 0.0, 0.0, 0.0, 0.0, 0.0, 0.0, 0.0, 0.0, 0.0, 0.0, 0.0, 0.0, 0.0, 0.0, 0.0, 0.0, 0.0, 0.0, 0.0, 0.0, 0.0, 0.0, 0.0, 0.0, 0.0, 0.0]","[0.0, 0.0, 0.0, 0.0, 0.0, 0.0, 0.0, 0.0, 0.0, 0.0, 0.0, 0.0, 0.0, 0.0, 0.0, 0.0, 0.0, 0.0, 0.0, 0.0, 0.0, 0.0, 0.0, 0.0, 0.0, 0.0, 0.0, 0.0, 0.0, 0.0, 0.0, 0.0, 0.0, 0.0, 0.0, 0.0, 0.0, 0.0, 0.0, 0.0, 0.0, 0.0, 0.0, 0.0, 0.0, 0.0, 0.0, 0.0, 0.0, 0.0, 0.0, 0.0, 0.0, 0.0, 0.0, 0.0, 0.0, 0.0, 0.0, 0.0, 0.0, 0.0, 0.0, 0.0, 0.0, 0.0, 0.0, 0.0, 0.0, 0.0, 0.0, 0.0, 0.0, 0.0, 0.0, 0.0, 0.0, 0.0, 0.0, 0.0, 0.0, 0.0, 0.0, 0.0, 0.0, 0.0, 0.0, 0.0, 0.0, 0.0, 0.0, 0.0, 0.0, 0.0, 0.0, 0.0, 0.0, 0.0, 0.0, 0.0, 0.0, 0.0, 0.0, 0.0, 0.0, 0.0, 0.0, 0.0, 0.0, 0.0, 0.0, 0.0, 0.0, 0.0, 0.0, 0.0, 0.0, 0.0, 0.0, 0.0, 0.0, 0.0, 0.0, 0.0, 0.0, 0.0, 0.0, 0.0, 0.0, 0.0, 0.0, 0.0, 0.0, 0.0, 0.0, 0.0, 0.0, 0.0, 0.0, 0.0, 0.0, 0.0, 0.0, 0.0, 0.0, 0.0, 0.0, 0.0]","[0.0, 0.0, 0.0, 0.0, 0.0, 0.0, 0.0, 0.0, 0.0, 0.0, 0.0, 0.0, 0.0, 0.0, 0.0, 0.0, 0.0, 0.0, 0.0, 0.0, 0.0, 0.0, 0.0, 0.0, 0.0, 0.0, 0.0, 0.0, 0.0, 0.0, 0.0, 0.0, 0.0, 0.0, 0.0, 0.0, 0.0, 0.0, 0.0, 0.0, 0.0, 0.0, 0.0, 0.0, 0.0, 0.0, 0.0, 0.0, 0.0, 0.0, 0.0, 0.0, 0.0, 0.0, 0.0, 0.0, 0.0, 0.0, 0.0, 0.0, 0.0, 0.0, 0.0, 0.0, 0.0, 0.0, 0.0, 0.0, 0.0, 0.0, 0.0, 0.0, 0.0, 0.0, 0.0, 0.0, 0.0, 0.0, 0.0, 0.0, 0.0, 0.0, 0.0, 0.0, 0.0, 0.0, 0.0, 0.0, 0.0, 0.0, 0.0, 0.0, 0.0, 0.0, 0.0, 0.0, 0.0, 0.0, 0.0, 0.0, 0.0, 0.0, 0.0, 0.0, 0.0, 0.0, 0.0, 0.0, 0.0, 0.0, 0.0, 0.0, 0.0, 0.0, 0.0, 0.0, 0.0, 0.0, 0.0, 0.0, 0.0, 0.0, 0.0, 0.0, 0.0, 0.0, 0.0, 0.0, 0.0, 0.0, 0.0, 0.0, 0.0, 0.0, 0.0, 0.0, 0.0, 0.0, 0.0, 0.0, 0.0, 0.0, 0.0, 0.0, 0.0, 0.0, 0.0, 0.0]","[0.0, 0.0, 0.0, 0.0, 0.0, 0.0, 0.0, 0.0, 0.0, 0.0, 0.0, 0.0, 0.0, 0.0, 0.0, 0.0, 0.0, 0.0, 0.0, 0.0, 0.0, 0.0, 0.0, 0.0, 0.0, 0.0, 0.0, 0.0, 0.0, 0.0, 0.0, 0.0, 0.0, 0.0, 0.0, 0.0, 0.0, 0.0, 0.0, 0.0, 0.0, 0.0, 0.0, 0.0, 0.0, 0.0, 0.0, 0.0, 0.0, 0.0, 0.0, 0.0, 0.0, 0.0, 0.0, 0.0, 0.0, 0.0, 0.0, 0.0, 0.0, 0.0, 0.0, 0.0, 0.0, 0.0, 0.0, 0.0, 0.0, 0.0, 0.0, 0.0, 0.0, 0.0, 0.0, 0.0, 0.0, 0.0, 0.0, 0.0, 0.0, 0.0, 0.0, 0.0, 0.0, 0.0, 0.0, 0.0, 0.0, 0.0, 0.0, 0.0, 0.0, 0.0, 0.0, 0.0, 0.0, 0.0, 0.0, 0.0, 0.0, 0.0, 0.0, 0.0, 0.0, 0.0, 0.0, 0.0, 0.0, 0.0, 0.0, 0.0, 0.0, 0.0, 0.0, 0.0, 0.0, 0.0, 0.0, 0.0, 0.0, 0.0, 0.0, 0.0, 0.0, 0.0, 0.0, 0.0, 0.0, 0.0, 0.0, 0.0, 0.0, 0.0, 0.0, 0.0, 0.0, 0.0, 0.0, 0.0, 0.0, 0.0, 0.0, 0.0, 0.0, 0.0, 0.0, 0.0]","[0.0, 0.0, 0.0, 0.0, 0.0, 0.0, 0.0, 0.0, 0.0, 0.0, 0.0, 0.0, 0.0, 0.0, 0.0, 0.0, 0.0, 0.0, 0.0, 0.0, 0.0, 0.0, 0.0, 0.0, 0.0, 0.0, 0.0, 0.0, 0.0, 0.0, 0.0, 0.0, 0.0, 0.0, 0.0, 0.0, 0.0, 0.0, 0.0, 0.0, 0.0, 0.0, 0.0, 0.0, 0.0, 0.0, 0.0, 0.0, 0.0, 0.0, 0.0, 0.0, 0.0, 0.0, 0.0, 0.0, 0.0, 0.0, 0.0, 0.0, 0.0, 0.0, 0.0, 0.0, 0.0, 0.0, 0.0, 0.0, 0.0, 0.0, 0.0, 0.0, 0.0, 0.0, 0.0, 0.0, 0.0, 0.0, 0.0, 0.0, 0.0, 0.0, 0.0, 0.0, 0.0, 0.0, 0.0, 0.0, 0.0, 0.0, 0.0, 0.0, 0.0, 0.0, 0.0, 0.0, 0.0, 0.0, 0.0, 0.0, 0.0, 0.0, 0.0, 0.0, 0.0, 0.0, 0.0, 0.0, 0.0, 0.0, 0.0, 0.0, 0.0, 0.0, 0.0, 0.0, 0.0, 0.0, 0.0, 0.0, 0.0, 0.0, 0.0, 0.0, 0.0, 0.0, 0.0, 0.0, 0.0, 0.0, 0.0, 0.0, 0.0, 0.0, 0.0, 0.0, 0.0, 0.0, 0.0, 0.0, 0.0, 0.0, 0.0, 0.0, 0.0, 0.0, 0.0, 0.0]","[0.0, 0.0, 0.0, 0.0, 0.0, 0.0, 0.0, 0.0, 0.0, 0.0, 0.0, 0.0, 0.0, 0.0, 0.0, 0.0, 0.0, 0.0, 0.0, 0.0, 0.0, 0.0, 0.0, 0.0, 0.0, 0.0, 0.0, 0.0, 0.0, 0.0, 0.0, 0.0, 0.0, 0.0, 0.0, 0.0, 0.0, 0.0, 0.0, 0.0, 0.0, 0.0, 0.0, 0.0, 0.0, 0.0, 0.0, 0.0, 0.0, 0.0, 0.0, 0.0, 0.0, 0.0, 0.0, 0.0, 0.0, 0.0, 0.0, 0.0, 0.0, 0.0, 0.0, 0.0, 0.0, 0.0, 0.0, 0.0, 0.0, 0.0, 0.0, 0.0, 0.0, 0.0, 0.0, 0.0, 0.0, 0.0, 0.0, 0.0, 0.0, 0.0, 0.0, 0.0, 0.0, 0.0, 0.0, 0.0, 0.0, 0.0, 0.0, 0.0, 0.0, 0.0, 0.0, 0.0, 0.0, 0.0, 0.0, 0.0, 0.0, 0.0, 0.0, 0.0, 0.0, 0.0, 0.0, 0.0, 0.0, 0.0, 0.0, 0.0, 0.0, 0.0, 0.0, 0.0, 0.0, 0.0, 0.0, 0.0, 0.0, 0.0, 0.0, 0.0, 0.0, 0.0, 0.0, 0.0, 0.0, 0.0, 0.0, 0.0, 0.0, 0.0, 0.0, 0.0, 0.0, 0.0, 0.0, 0.0, 0.0, 0.0, 0.0, 0.0, 0.0, 0.0, 0.0, 0.0]","[0.0, 0.0, 0.0, 0.0, 0.0, 0.0, 0.0, 0.0, 0.0, 0.0, 0.0, 0.0, 0.0, 0.0, 0.0, 0.0, 0.0, 0.0, 0.0, 0.0, 0.0, 0.0, 0.0, 0.0, 0.0, 0.0, 0.0, 0.0, 0.0, 0.0, 0.0, 0.0, 0.0, 0.0, 0.0, 0.0, 0.0, 0.0, 0.0, 0.0, 0.0, 0.0, 0.0, 0.0, 0.0, 0.0, 0.0, 0.0, 0.0, 0.0, 0.0, 0.0, 0.0, 0.0, 0.0, 0.0, 0.0, 0.0, 0.0, 0.0, 0.0, 0.0, 0.0, 0.0, 0.0, 0.0, 0.0, 0.0, 0.0, 0.0, 0.0, 0.0, 0.0, 0.0, 0.0, 0.0, 0.0, 0.0, 0.0, 0.0, 0.0, 0.0, 0.0, 0.0, 0.0, 0.0, 0.0, 0.0, 0.0, 0.0, 0.0, 0.0, 0.0, 0.0, 0.0, 0.0, 0.0, 0.0, 0.0, 0.0, 0.0, 0.0, 0.0, 0.0, 0.0, 0.0, 0.0, 0.0, 0.0, 0.0, 0.0, 0.0, 0.0, 0.0, 0.0, 0.0, 0.0, 0.0, 0.0, 0.0, 0.0, 0.0, 0.0, 0.0, 0.0, 0.0, 0.0, 0.0, 0.0, 0.0, 0.0, 0.0, 0.0, 0.0, 0.0, 0.0, 0.0, 0.0, 0.0, 0.0, 0.0, 0.0, 0.0, 0.0, 0.0, 0.0, 0.0, 0.0]","[0.0, 0.0, 0.0, 0.0, 0.0, 0.0, 0.0, 0.0, 0.0, 0.0, 0.0, 0.0, 0.0, 0.0, 0.0, 0.0, 0.0, 0.0, 0.0, 0.0, 0.0, 0.0, 0.0, 0.0, 0.0, 0.0, 0.0, 0.0, 0.0, 0.0, 0.0, 0.0, 0.0, 0.0, 0.0, 0.0, 0.0, 0.0, 0.0, 0.0, 0.0, 0.0, 0.0, 0.0, 0.0, 0.0, 0.0, 0.0, 0.0, 0.0, 0.0, 0.0, 0.0, 0.0, 0.0, 0.0, 0.0, 0.0, 0.0, 0.0, 0.0, 0.0, 0.0, 0.0, 0.0, 0.0, 0.0, 0.0, 0.0, 0.0, 0.0, 0.0, 0.0, 0.0, 0.0, 0.0, 0.0, 0.0, 0.0, 0.0, 0.0, 0.0, 0.0, 0.0, 0.0, 0.0, 0.0, 0.0, 0.0, 0.0, 0.0, 0.0, 0.0, 0.0, 0.0, 0.0, 0.0, 0.0, 0.0, 0.0, 0.0, 0.0, 0.0, 0.0, 0.0, 0.0, 0.0, 0.0, 0.0, 0.0, 0.0, 0.0, 0.0, 0.0, 0.0, 0.0, 0.0, 0.0, 0.0, 0.0, 0.0, 0.0, 0.0, 0.0, 0.0, 0.0, 0.0, 0.0, 0.0, 0.0, 0.0, 0.0, 0.0, 0.0, 0.0, 0.0, 0.0, 0.0, 0.0, 0.0, 0.0, 0.0, 0.0, 0.0, 0.0, 0.0, 0.0, 0.0]","[0.0, 0.0, 0.0, 0.0, 0.0, 0.0, 0.0, 0.0, 0.0, 0.0, 0.0, 0.0, 0.0, 0.0, 0.0, 0.0, 0.0, 0.0, 0.0, 0.0, 0.0, 0.0, 0.0, 0.0, 0.0, 0.0, 0.0, 0.0, 0.0, 0.0, 0.0, 0.0, 0.0, 0.0, 0.0, 0.0, 0.0, 0.0, 0.0, 0.0, 0.0, 0.0, 0.0, 0.0, 0.0, 0.0, 0.0, 0.0, 0.0, 0.0, 0.0, 0.0, 0.0, 0.0, 0.0, 0.0, 0.0, 0.0, 0.0, 0.0, 0.0, 0.0, 0.0, 0.0, 0.0, 0.0, 0.0, 0.0, 0.0, 0.0, 0.0, 0.0, 0.0, 0.0, 0.0, 0.0, 0.0, 0.0, 0.0, 0.0, 0.0, 0.0, 0.0, 0.0, 0.0, 0.0, 0.0, 0.0, 0.0, 0.0, 0.0, 0.0, 0.0, 0.0, 0.0, 0.0, 0.0, 0.0, 0.0, 0.0, 0.0, 0.0, 0.0, 0.0, 0.0, 0.0, 0.0, 0.0, 0.0, 0.0, 0.0, 0.0, 0.0, 0.0, 0.0, 0.0, 0.0, 0.0, 0.0, 0.0, 0.0, 0.0, 0.0, 0.0, 0.0, 0.0, 0.0, 0.0, 0.0, 0.0, 0.0, 0.0, 0.0, 0.0, 0.0, 0.0, 0.0, 0.0, 0.0, 0.0, 0.0, 0.0, 0.0, 0.0, 0.0, 0.0, 0.0, 0.0]","[0.0, 0.0, 0.0, 0.0, 0.0, 0.0, 0.0, 0.0, 0.0, 0.0, 0.0, 0.0, 0.0, 0.0, 0.0, 0.0, 0.0, 0.0, 0.0, 0.0, 0.0, 0.0, 0.0, 0.0, 0.0, 0.0, 0.0, 0.0, 0.0, 0.0, 0.0, 0.0, 0.0, 0.0, 0.0, 0.0, 0.0, 0.0, 0.0, 0.0, 0.0, 0.0, 0.0, 0.0, 0.0, 0.0, 0.0, 0.0, 0.0, 0.0, 0.0, 0.0, 0.0, 0.0, 0.0, 0.0, 0.0, 0.0, 0.0, 0.0, 0.0, 0.0, 0.0, 0.0, 0.0, 0.0, 0.0, 0.0, 0.0, 0.0, 0.0, 0.0, 0.0, 0.0, 0.0, 0.0, 0.0, 0.0, 0.0, 0.0, 0.0, 0.0, 0.0, 0.0, 0.0, 0.0, 0.0, 0.0, 0.0, 0.0, 0.0, 0.0, 0.0, 0.0, 0.0, 0.0, 0.0, 0.0, 0.0, 0.0, 0.0, 0.0, 0.0, 0.0, 0.0, 0.0, 0.0, 0.0, 0.0, 0.0, 0.0, 0.0, 0.0, 0.0, 0.0, 0.0, 0.0, 0.0, 0.0, 0.0, 0.0, 0.0, 0.0, 0.0, 0.0, 0.0, 0.0, 0.0, 0.0, 0.0, 0.0, 0.0, 0.0, 0.0, 0.0, 0.0, 0.0, 0.0, 0.0, 0.0, 0.0, 0.0, 0.0, 0.0, 0.0, 0.0, 0.0, 0.0]","[0.0, 0.0, 0.0, 0.0, 0.0, 0.0, 0.0, 0.0, 0.0, 0.0, 0.0, 0.0, 0.0, 0.0, 0.0, 0.0, 0.0, 0.0, 0.0, 0.0, 0.0, 0.0, 0.0, 0.0, 0.0, 0.0, 0.0, 0.0, 0.0, 0.0, 0.0, 0.0, 0.0, 0.0, 0.0, 0.0, 0.0, 0.0, 0.0, 0.0, 0.0, 0.0, 0.0, 0.0, 0.0, 0.0, 0.0, 0.0, 0.0, 0.0, 0.0, 0.0, 0.0, 0.0, 0.0, 0.0, 0.0, 0.0, 0.0, 0.0, 0.0, 0.0, 0.0, 0.0, 0.0, 0.0, 0.0, 0.0, 0.0, 0.0, 0.0, 0.0, 0.0, 0.0, 0.0, 0.0, 0.0, 0.0, 0.0, 0.0, 0.0, 0.0, 0.0, 0.0, 0.0, 0.0, 0.0, 0.0, 0.0, 0.0, 0.0, 0.0, 0.0, 0.0, 0.0, 0.0, 0.0, 0.0, 0.0, 0.0, 0.0, 0.0, 0.0, 0.0, 0.0, 0.0, 0.0, 0.0, 0.0, 0.0, 0.0, 0.0, 0.0, 0.0, 0.0, 0.0, 0.0, 0.0, 0.0, 0.0, 0.0, 0.0, 0.0, 0.0, 0.0, 0.0, 0.0, 0.0, 0.0, 0.0, 0.0, 0.0, 0.0, 0.0, 0.0, 0.0, 0.0, 0.0, 0.0, 0.0, 0.0, 0.0, 0.0, 0.0, 0.0, 0.0, 0.0, 0.0]","[0.0, 0.0, 0.0, 0.0, 0.0, 0.0, 0.0, 0.0, 0.0, 0.0, 0.0, 0.0, 0.0, 0.0, 0.0, 0.0, 0.0, 0.0, 0.0, 0.0, 0.0, 0.0, 0.0, 0.0, 0.0, 0.0, 0.0, 0.0, 0.0, 0.0, 0.0, 0.0, 0.0, 0.0, 0.0, 0.0, 0.0, 0.0, 0.0, 0.0, 0.0, 0.0, 0.0, 0.0, 0.0, 0.0, 0.0, 0.0, 0.0, 0.0, 0.0, 0.0, 0.0, 0.0, 0.0, 0.0, 0.0, 0.0, 0.0, 0.0, 0.0, 0.0, 0.0, 0.0, 0.0, 0.0, 0.0, 0.0, 0.0, 0.0, 0.0, 0.0, 0.0, 0.0, 0.0, 0.0, 0.0, 0.0, 0.0, 0.0, 0.0, 0.0, 0.0, 0.0, 0.0, 0.0, 0.0, 0.0, 0.0, 0.0, 0.0, 0.0, 0.0, 0.0, 0.0, 0.0, 0.0, 0.0, 0.0, 0.0, 0.0, 0.0, 0.0, 0.0, 0.0, 0.0, 0.0, 0.0, 0.0, 0.0, 0.0, 0.0, 0.0, 0.0, 0.0, 0.0, 0.0, 0.0, 0.0, 0.0, 0.0, 0.0, 0.0, 0.0, 0.0, 0.0, 0.0, 0.0, 0.0, 0.0, 0.0, 0.0, 0.0, 0.0, 0.0, 0.0, 0.0, 0.0, 0.0, 0.0, 0.0, 0.0, 0.0, 0.0, 0.0, 0.0, 0.0, 0.0]","[0.0, 0.0, 0.0, 0.0, 0.0, 0.0, 0.0, 0.0, 0.0, 0.0, 0.0, 0.0, 0.0, 0.0, 0.0, 0.0, 0.0, 0.0, 0.0, 0.0, 0.0, 0.0, 0.0, 0.0, 0.0, 0.0, 0.0, 0.0, 0.0, 0.0, 0.0, 0.0, 0.0, 0.0, 0.0, 0.0, 0.0, 0.0, 0.0, 0.0, 0.0, 0.0, 0.0, 0.0, 0.0, 0.0, 0.0, 0.0, 0.0, 0.0, 0.0, 0.0, 0.0, 0.0, 0.0, 0.0, 0.0, 0.0, 0.0, 0.0, 0.0, 0.0, 0.0, 0.0, 0.0, 0.0, 0.0, 0.0, 0.0, 0.0, 0.0, 0.0, 0.0, 0.0, 0.0, 0.0, 0.0, 0.0, 0.0, 0.0, 0.0, 0.0, 0.0, 0.0, 0.0, 0.0, 0.0, 0.0, 0.0, 0.0, 0.0, 0.0, 0.0, 0.0, 0.0, 0.0, 0.0, 0.0, 0.0, 0.0, 0.0, 0.0, 0.0, 0.0, 0.0, 0.0, 0.0, 0.0, 0.0, 0.0, 0.0, 0.0, 0.0, 0.0, 0.0, 0.0, 0.0, 0.0, 0.0, 0.0, 0.0, 0.0, 0.0, 0.0, 0.0, 0.0, 0.0, 0.0, 0.0, 0.0, 0.0, 0.0, 0.0, 0.0, 0.0, 0.0, 0.0, 0.0, 0.0, 0.0, 0.0, 0.0, 0.0, 0.0, 0.0, 0.0, 0.0, 0.0]","[0.0, 0.0, 0.0, 0.0, 0.0, 0.0, 0.0, 0.0, 0.0, 0.0, 0.0, 0.0, 0.0, 0.0, 0.0, 0.0, 0.0, 0.0, 0.0, 0.0, 0.0, 0.0, 0.0, 0.0, 0.0, 0.0, 0.0, 0.0, 0.0, 0.0, 0.0, 0.0, 0.0, 0.0, 0.0, 0.0, 0.0, 0.0, 0.0, 0.0, 0.0, 0.0, 0.0, 0.0, 0.0, 0.0, 0.0, 0.0, 0.0, 0.0, 0.0, 0.0, 0.0, 0.0, 0.0, 0.0, 0.0, 0.0, 0.0, 0.0, 0.0, 0.0, 0.0, 0.0, 0.0, 0.0, 0.0, 0.0, 0.0, 0.0, 0.0, 0.0, 0.0, 0.0, 0.0, 0.0, 0.0, 0.0, 0.0, 0.0, 0.0, 0.0, 0.0, 0.0, 0.0, 0.0, 0.0, 0.0, 0.0, 0.0, 0.0, 0.0, 0.0, 0.0, 0.0, 0.0, 0.0, 0.0, 0.0, 0.0, 0.0, 0.0, 0.0, 0.0, 0.0, 0.0, 0.0, 0.0, 0.0, 0.0, 0.0, 0.0, 0.0, 0.0, 0.0, 0.0, 0.0, 0.0, 0.0, 0.0, 0.0, 0.0, 0.0, 0.0, 0.0, 0.0, 0.0, 0.0, 0.0, 0.0, 0.0, 0.0, 0.0, 0.0, 0.0, 0.0, 0.0, 0.0, 0.0, 0.0, 0.0, 0.0, 0.0, 0.0, 0.0, 0.0, 0.0, 0.0]","[0.0, 0.0, 0.0, 0.0, 0.0, 0.0, 0.0, 0.0, 0.0, 0.0, 0.0, 0.0, 0.0, 0.0, 0.0, 0.0, 0.0, 0.0, 0.0, 0.0, 0.0, 0.0, 0.0, 0.0, 0.0, 0.0, 0.0, 0.0, 0.0, 0.0, 0.0, 0.0, 0.0, 0.0, 0.0, 0.0, 0.0, 0.0, 0.0, 0.0, 0.0, 0.0, 0.0, 0.0, 0.0, 0.0, 0.0, 0.0, 0.0, 0.0, 0.0, 0.0, 0.0, 0.0, 0.0, 0.0, 0.0, 0.0, 0.0, 0.0, 0.0, 0.0, 0.0, 0.0, 0.0, 0.0, 0.0, 0.0, 0.0, 0.0, 0.0, 0.0, 0.0, 0.0, 0.0, 0.0, 0.0, 0.0, 0.0, 0.0, 0.0, 0.0, 0.0, 0.0, 0.0, 0.0, 0.0, 0.0, 0.0, 0.0, 0.0, 0.0, 0.0, 0.0, 0.0, 0.0, 0.0, 0.0, 0.0, 0.0, 0.0, 0.0, 0.0, 0.0, 0.0, 0.0, 0.0, 0.0, 0.0, 0.0, 0.0, 0.0, 0.0, 0.0, 0.0, 0.0, 0.0, 0.0, 0.0, 0.0, 0.0, 0.0, 0.0, 0.0, 0.0, 0.0, 0.0, 0.0, 0.0, 0.0, 0.0, 0.0, 0.0, 0.0, 0.0, 0.0, 0.0, 0.0, 0.0, 0.0, 0.0, 0.0, 0.0, 0.0, 0.0, 0.0, 0.0, 0.0]","[0.0, 0.0, 0.0, 0.0, 0.0, 0.0, 0.0, 0.0, 0.0, 0.0, 0.0, 0.0, 0.0, 0.0, 0.0, 0.0, 0.0, 0.0, 0.0, 0.0, 0.0, 0.0, 0.0, 0.0, 0.0, 0.0, 0.0, 0.0, 0.0, 0.0, 0.0, 0.0, 0.0, 0.0, 0.0, 0.0, 0.0, 0.0, 0.0, 0.0, 0.0, 0.0, 0.0, 0.0, 0.0, 0.0, 0.0, 0.0, 0.0, 0.0, 0.0, 0.0, 0.0, 0.0, 0.0, 0.0, 0.0, 0.0, 0.0, 0.0, 0.0, 0.0, 0.0, 0.0, 0.0, 0.0, 0.0, 0.0, 0.0, 0.0, 0.0, 0.0, 0.0, 0.0, 0.0, 0.0, 0.0, 0.0, 0.0, 0.0, 0.0, 0.0, 0.0, 0.0, 0.0, 0.0, 0.0, 0.0, 0.0, 0.0, 0.0, 0.0, 0.0, 0.0, 0.0, 0.0, 0.0, 0.0, 0.0, 0.0, 0.0, 0.0, 0.0, 0.0, 0.0, 0.0, 0.0, 0.0, 0.0, 0.0, 0.0, 0.0, 0.0, 0.0, 0.0, 0.0, 0.0, 0.0, 0.0, 0.0, 0.0, 0.0, 0.0, 0.0, 0.0, 0.0, 0.0, 0.0, 0.0, 0.0, 0.0, 0.0, 0.0, 0.0, 0.0, 0.0, 0.0, 0.0, 0.0, 0.0, 0.0, 0.0, 0.0, 0.0, 0.0, 0.0, 0.0, 0.0]","[0.0, 0.0, 0.0, 0.0, 0.0, 0.0, 0.0, 0.0, 0.0, 0.0, 0.0, 0.0, 0.0, 0.0, 0.0, 0.0, 0.0, 0.0, 0.0, 0.0, 0.0, 0.0, 0.0, 0.0, 0.0, 0.0, 0.0, 0.0, 0.0, 0.0, 0.0, 0.0, 0.0, 0.0, 0.0, 0.0, 0.0, 0.0, 0.0, 0.0, 0.0, 0.0, 0.0, 0.0, 0.0, 0.0, 0.0, 0.0, 0.0, 0.0, 0.0, 0.0, 0.0, 0.0, 0.0, 0.0, 0.0, 0.0, 0.0, 0.0, 0.0, 0.0, 0.0, 0.0, 0.0, 0.0, 0.0, 0.0, 0.0, 0.0, 0.0, 0.0, 0.0, 0.0, 0.0, 0.0, 0.0, 0.0, 0.0, 0.0, 0.0, 0.0, 0.0, 0.0, 0.0, 0.0, 0.0, 0.0, 0.0, 0.0, 0.0, 0.0, 0.0, 0.0, 0.0, 0.0, 0.0, 0.0, 0.0, 0.0, 0.0, 0.0, 0.0, 0.0, 0.0, 0.0, 0.0, 0.0, 0.0, 0.0, 0.0, 0.0, 0.0, 0.0, 0.0, 0.0, 0.0, 0.0, 0.0, 0.0, 0.0, 0.0, 0.0, 0.0, 0.0, 0.0, 0.0, 0.0, 0.0, 0.0, 0.0, 0.0, 0.0, 0.0, 0.0, 0.0, 0.0, 0.0, 0.0, 0.0, 0.0, 0.0, 0.0, 0.0, 0.0, 0.0, 0.0, 0.0]","[0.0, 0.0, 0.0, 0.0, 0.0, 0.0, 0.0, 0.0, 0.0, 0.0, 0.0, 0.0, 0.0, 0.0, 0.0, 0.0, 0.0, 0.0, 0.0, 0.0, 0.0, 0.0, 0.0, 0.0, 0.0, 0.0, 0.0, 0.0, 0.0, 0.0, 0.0, 0.0, 0.0, 0.0, 0.0, 0.0, 0.0, 0.0, 0.0, 0.0, 0.0, 0.0, 0.0, 0.0, 0.0, 0.0, 0.0, 0.0, 0.0, 0.0, 0.0, 0.0, 0.0, 0.0, 0.0, 0.0, 0.0, 0.0, 0.0, 0.0, 0.0, 0.0, 0.0, 0.0, 0.0, 0.0, 0.0, 0.0, 0.0, 0.0, 0.0, 0.0, 0.0, 0.0, 0.0, 0.0, 0.0, 0.0, 0.0, 0.0, 0.0, 0.0, 0.0, 0.0, 0.0, 0.0, 0.0, 0.0, 0.0, 0.0, 0.0, 0.0, 0.0, 0.0, 0.0, 0.0, 0.0, 0.0, 0.0, 0.0, 0.0, 0.0, 0.0, 0.0, 0.0, 0.0, 0.0, 0.0, 0.0, 0.0, 0.0, 0.0, 0.0, 0.0, 0.0, 0.0, 0.0, 0.0, 0.0, 0.0, 0.0, 0.0, 0.0, 0.0, 0.0, 0.0, 0.0, 0.0, 0.0, 0.0, 0.0, 0.0, 0.0, 0.0, 0.0, 0.0, 0.0, 0.0, 0.0, 0.0, 0.0, 0.0, 0.0, 0.0, 0.0, 0.0, 0.0, 0.0]","[0.0, 0.0, 0.0, 0.0, 0.0, 0.0, 0.0, 0.0, 0.0, 0.0, 0.0, 0.0, 0.0, 0.0, 0.0, 0.0, 0.0, 0.0, 0.0, 0.0, 0.0, 0.0, 0.0, 0.0, 0.0, 0.0, 0.0, 0.0, 0.0, 0.0, 0.0, 0.0, 0.0, 0.0, 0.0, 0.0, 0.0, 0.0, 0.0, 0.0, 0.0, 0.0, 0.0, 0.0, 0.0, 0.0, 0.0, 0.0, 0.0, 0.0, 0.0, 0.0, 0.0, 0.0, 0.0, 0.0, 0.0, 0.0, 0.0, 0.0, 0.0, 0.0, 0.0, 0.0, 0.0, 0.0, 0.0, 0.0, 0.0, 0.0, 0.0, 0.0, 0.0, 0.0, 0.0, 0.0, 0.0, 0.0, 0.0, 0.0, 0.0, 0.0, 0.0, 0.0, 0.0, 0.0, 0.0, 0.0, 0.0, 0.0, 0.0, 0.0, 0.0, 0.0, 0.0, 0.0, 0.0, 0.0, 0.0, 0.0, 0.0, 0.0, 0.0, 0.0, 0.0, 0.0, 0.0, 0.0, 0.0, 0.0, 0.0, 0.0, 0.0, 0.0, 0.0, 0.0, 0.0, 0.0, 0.0, 0.0, 0.0, 0.0, 0.0, 0.0, 0.0, 0.0, 0.0, 0.0, 0.0, 0.0, 0.0, 0.0, 0.0, 0.0, 0.0, 0.0, 0.0, 0.0, 0.0, 0.0, 0.0, 0.0, 0.0, 0.0, 0.0, 0.0, 0.0, 0.0]","[0.0, 0.0, 0.0, 0.0, 0.0, 0.0, 0.0, 0.0, 0.0, 0.0, 0.0, 0.0, 0.0, 0.0, 0.0, 0.0, 0.0, 0.0, 0.0, 0.0, 0.0, 0.0, 0.0, 0.0, 0.0, 0.0, 0.0, 0.0, 0.0, 0.0, 0.0, 0.0, 0.0, 0.0, 0.0, 0.0, 0.0, 0.0, 0.0, 0.0, 0.0, 0.0, 0.0, 0.0, 0.0, 0.0, 0.0, 0.0, 0.0, 0.0, 0.0, 0.0, 0.0, 0.0, 0.0, 0.0, 0.0, 0.0, 0.0, 0.0, 0.0, 0.0, 0.0, 0.0, 0.0, 0.0, 0.0, 0.0, 0.0, 0.0, 0.0, 0.0, 0.0, 0.0, 0.0, 0.0, 0.0, 0.0, 0.0, 0.0, 0.0, 0.0, 0.0, 0.0, 0.0, 0.0, 0.0, 0.0, 0.0, 0.0, 0.0, 0.0, 0.0, 0.0, 0.0, 0.0, 0.0, 0.0, 0.0, 0.0, 0.0, 0.0, 0.0, 0.0, 0.0, 0.0, 0.0, 0.0, 0.0, 0.0, 0.0, 0.0, 0.0, 0.0, 0.0, 0.0, 0.0, 0.0, 0.0, 0.0, 0.0, 0.0, 0.0, 0.0, 0.0, 0.0, 0.0, 0.0, 0.0, 0.0, 0.0, 0.0, 0.0, 0.0, 0.0, 0.0, 0.0, 0.0, 0.0, 0.0, 0.0, 0.0, 0.0, 0.0, 0.0, 0.0, 0.0, 0.0]","[0.0, 0.0, 0.0, 0.0, 0.0, 0.0, 0.0, 0.0, 0.0, 0.0, 0.0, 0.0, 0.0, 0.0, 0.0, 0.0, 0.0, 0.0, 0.0, 0.0, 0.0, 0.0, 0.0, 0.0, 0.0, 0.0, 0.0, 0.0, 0.0, 0.0, 0.0, 0.0, 0.0, 0.0, 0.0, 0.0, 0.0, 0.0, 0.0, 0.0, 0.0, 0.0, 0.0, 0.0, 0.0, 0.0, 0.0, 0.0, 0.0, 0.0, 0.0, 0.0, 0.0, 0.0, 0.0, 0.0, 0.0, 0.0, 0.0, 0.0, 0.0, 0.0, 0.0, 0.0, 0.0, 0.0, 0.0, 0.0, 0.0, 0.0, 0.0, 0.0, 0.0, 0.0, 0.0, 0.0, 0.0, 0.0, 0.0, 0.0, 0.0, 0.0, 0.0, 0.0, 0.0, 0.0, 0.0, 0.0, 0.0, 0.0, 0.0, 0.0, 0.0, 0.0, 0.0, 0.0, 0.0, 0.0, 0.0, 0.0, 0.0, 0.0, 0.0, 0.0, 0.0, 0.0, 0.0, 0.0, 0.0, 0.0, 0.0, 0.0, 0.0, 0.0, 0.0, 0.0, 0.0, 0.0, 0.0, 0.0, 0.0, 0.0, 0.0, 0.0, 0.0, 0.0, 0.0, 0.0, 0.0, 0.0, 0.0, 0.0, 0.0, 0.0, 0.0, 0.0, 0.0, 0.0, 0.0, 0.0, 0.0, 0.0, 0.0, 0.0, 0.0, 0.0, 0.0, 0.0]","[0.0, 0.0, 0.0, 0.0, 0.0, 0.0, 0.0, 0.0, 0.0, 0.0, 0.0, 0.0, 0.0, 0.0, 0.0, 0.0, 0.0, 0.0, 0.0, 0.0, 0.0, 0.0, 0.0, 0.0, 0.0, 0.0, 0.0, 0.0, 0.0, 0.0, 0.0, 0.0, 0.0, 0.0, 0.0, 0.0, 0.0, 0.0, 0.0, 0.0, 0.0, 0.0, 0.0, 0.0, 0.0, 0.0, 0.0, 0.0, 0.0, 0.0, 0.0, 0.0, 0.0, 0.0, 0.0, 0.0, 0.0, 0.0, 0.0, 0.0, 0.0, 0.0, 0.0, 0.0, 0.0, 0.0, 0.0, 0.0, 0.0, 0.0, 0.0, 0.0, 0.0, 0.0, 0.0, 0.0, 0.0, 0.0, 0.0, 0.0, 0.0, 0.0, 0.0, 0.0, 0.0, 0.0, 0.0, 0.0, 0.0, 0.0, 0.0, 0.0, 0.0, 0.0, 0.0, 0.0, 0.0, 0.0, 0.0, 0.0, 0.0, 0.0, 0.0, 0.0, 0.0, 0.0, 0.0, 0.0, 0.0, 0.0, 0.0, 0.0, 0.0, 0.0, 0.0, 0.0, 0.0, 0.0, 0.0, 0.0, 0.0, 0.0, 0.0, 0.0, 0.0, 0.0, 0.0, 0.0, 0.0, 0.0, 0.0, 0.0, 0.0, 0.0, 0.0, 0.0, 0.0, 0.0, 0.0, 0.0, 0.0, 0.0, 0.0, 0.0, 0.0, 0.0, 0.0, 0.0]","[0.0, 0.0, 0.0, 0.0, 0.0, 0.0, 0.0, 0.0, 0.0, 0.0, 0.0, 0.0, 0.0, 0.0, 0.0, 0.0, 0.0, 0.0, 0.0, 0.0, 0.0, 0.0, 0.0, 0.0, 0.0, 0.0, 0.0, 0.0, 0.0, 0.0, 0.0, 0.0, 0.0, 0.0, 0.0, 0.0, 0.0, 0.0, 0.0, 0.0, 0.0, 0.0, 0.0, 0.0, 0.0, 0.0, 0.0, 0.0, 0.0, 0.0, 0.0, 0.0, 0.0, 0.0, 0.0, 0.0, 0.0, 0.0, 0.0, 0.0, 0.0, 0.0, 0.0, 0.0, 0.0, 0.0, 0.0, 0.0, 0.0, 0.0, 0.0, 0.0, 0.0, 0.0, 0.0, 0.0, 0.0, 0.0, 0.0, 0.0, 0.0, 0.0, 0.0, 0.0, 0.0, 0.0, 0.0, 0.0, 0.0, 0.0, 0.0, 0.0, 0.0, 0.0, 0.0, 0.0, 0.0, 0.0, 0.0, 0.0, 0.0, 0.0, 0.0, 0.0, 0.0, 0.0, 0.0, 0.0, 0.0, 0.0, 0.0, 0.0, 0.0, 0.0, 0.0, 0.0, 0.0, 0.0, 0.0, 0.0, 0.0, 0.0, 0.0, 0.0, 0.0, 0.0, 0.0, 0.0, 0.0, 0.0, 0.0, 0.0, 0.0, 0.0, 0.0, 0.0, 0.0, 0.0, 0.0, 0.0, 0.0, 0.0, 0.0, 0.0, 0.0, 0.0, 0.0, 0.0]","[0.0, 0.0, 0.0, 0.0, 0.0, 0.0, 0.0, 0.0, 0.0, 0.0, 0.0, 0.0, 0.0, 0.0, 0.0, 0.0, 0.0, 0.0, 0.0, 0.0, 0.0, 0.0, 0.0, 0.0, 0.0, 0.0, 0.0, 0.0, 0.0, 0.0, 0.0, 0.0, 0.0, 0.0, 0.0, 0.0, 0.0, 0.0, 0.0, 0.0, 0.0, 0.0, 0.0, 0.0, 0.0, 0.0, 0.0, 0.0, 0.0, 0.0, 0.0, 0.0, 0.0, 0.0, 0.0, 0.0, 0.0, 0.0, 0.0, 0.0, 0.0, 0.0, 0.0, 0.0, 0.0, 0.0, 0.0, 0.0, 0.0, 0.0, 0.0, 0.0, 0.0, 0.0, 0.0, 0.0, 0.0, 0.0, 0.0, 0.0, 0.0, 0.0, 0.0, 0.0, 0.0, 0.0, 0.0, 0.0, 0.0, 0.0, 0.0, 0.0, 0.0, 0.0, 0.0, 0.0, 0.0, 0.0, 0.0, 0.0, 0.0, 0.0, 0.0, 0.0, 0.0, 0.0, 0.0, 0.0, 0.0, 0.0, 0.0, 0.0, 0.0, 0.0, 0.0, 0.0, 0.0, 0.0, 0.0, 0.0, 0.0, 0.0, 0.0, 0.0, 0.0, 0.0, 0.0, 0.0, 0.0, 0.0, 0.0, 0.0, 0.0, 0.0, 0.0, 0.0, 0.0, 0.0, 0.0, 0.0, 0.0, 0.0, 0.0, 0.0, 0.0, 0.0, 0.0, 0.0]","[0.0, 0.0, 0.0, 0.0, 0.0, 0.0, 0.0, 0.0, 0.0, 0.0, 0.0, 0.0, 0.0, 0.0, 0.0, 0.0, 0.0, 0.0, 0.0, 0.0, 0.0, 0.0, 0.0, 0.0, 0.0, 0.0, 0.0, 0.0, 0.0, 0.0, 0.0, 0.0, 0.0, 0.0, 0.0, 0.0, 0.0, 0.0, 0.0, 0.0, 0.0, 0.0, 0.0, 0.0, 0.0, 0.0, 0.0, 0.0, 0.0, 0.0, 0.0, 0.0, 0.0, 0.0, 0.0, 0.0, 0.0, 0.0, 0.0, 0.0, 0.0, 0.0, 0.0, 0.0, 0.0, 0.0, 0.0, 0.0, 0.0, 0.0, 0.0, 0.0, 0.0, 0.0, 0.0, 0.0, 0.0, 0.0, 0.0, 0.0, 0.0, 0.0, 0.0, 0.0, 0.0, 0.0, 0.0, 0.0, 0.0, 0.0, 0.0, 0.0, 0.0, 0.0, 0.0, 0.0, 0.0, 0.0, 0.0, 0.0, 0.0, 0.0, 0.0, 0.0, 0.0, 0.0, 0.0, 0.0, 0.0, 0.0, 0.0, 0.0, 0.0, 0.0, 0.0, 0.0, 0.0, 0.0, 0.0, 0.0, 0.0, 0.0, 0.0, 0.0, 0.0, 0.0, 0.0, 0.0, 0.0, 0.0, 0.0, 0.0, 0.0, 0.0, 0.0, 0.0, 0.0, 0.0, 0.0, 0.0, 0.0, 0.0, 0.0, 0.0, 0.0, 0.0, 0.0, 0.0]","[0.0, 0.0, 0.0, 0.0, 0.0, 0.0, 0.0, 0.0, 0.0, 0.0, 0.0, 0.0, 0.0, 0.0, 0.0, 0.0, 0.0, 0.0, 0.0, 0.0, 0.0, 0.0, 0.0, 0.0, 0.0, 0.0, 0.0, 0.0, 0.0, 0.0, 0.0, 0.0, 0.0, 0.0, 0.0, 0.0, 0.0, 0.0, 0.0, 0.0, 0.0, 0.0, 0.0, 0.0, 0.0, 0.0, 0.0, 0.0, 0.0, 0.0, 0.0, 0.0, 0.0, 0.0, 0.0, 0.0, 0.0, 0.0, 0.0, 0.0, 0.0, 0.0, 0.0, 0.0, 0.0, 0.0, 0.0, 0.0, 0.0, 0.0, 0.0, 0.0, 0.0, 0.0, 0.0, 0.0, 0.0, 0.0, 0.0, 0.0, 0.0, 0.0, 0.0, 0.0, 0.0, 0.0, 0.0, 0.0, 0.0, 0.0, 0.0, 0.0, 0.0, 0.0, 0.0, 0.0, 0.0, 0.0, 0.0, 0.0, 0.0, 0.0, 0.0, 0.0, 0.0, 0.0, 0.0, 0.0, 0.0, 0.0, 0.0, 0.0, 0.0, 0.0, 0.0, 0.0, 0.0, 0.0, 0.0, 0.0, 0.0, 0.0, 0.0, 0.0, 0.0, 0.0, 0.0, 0.0, 0.0, 0.0, 0.0, 0.0, 0.0, 0.0, 0.0, 0.0, 0.0, 0.0, 0.0, 0.0, 0.0, 0.0, 0.0, 0.0, 0.0, 0.0, 0.0, 0.0]","[0.0, 0.0, 0.0, 0.0, 0.0, 0.0, 0.0, 0.0, 0.0, 0.0, 0.0, 0.0, 0.0, 0.0, 0.0, 0.0, 0.0, 0.0, 0.0, 0.0, 0.0, 0.0, 0.0, 0.0, 0.0, 0.0, 0.0, 0.0, 0.0, 0.0, 0.0, 0.0, 0.0, 0.0, 0.0, 0.0, 0.0, 0.0, 0.0, 0.0, 0.0, 0.0, 0.0, 0.0, 0.0, 0.0, 0.0, 0.0, 0.0, 0.0, 0.0, 0.0, 0.0, 0.0, 0.0, 0.0, 0.0, 0.0, 0.0, 0.0, 0.0, 0.0, 0.0, 0.0, 0.0, 0.0, 0.0, 0.0, 0.0, 0.0, 0.0, 0.0, 0.0, 0.0, 0.0, 0.0, 0.0, 0.0, 0.0, 0.0, 0.0, 0.0, 0.0, 0.0, 0.0, 0.0, 0.0, 0.0, 0.0, 0.0, 0.0, 0.0, 0.0, 0.0, 0.0, 0.0, 0.0, 0.0, 0.0, 0.0, 0.0, 0.0, 0.0, 0.0, 0.0, 0.0, 0.0, 0.0, 0.0, 0.0, 0.0, 0.0, 0.0, 0.0, 0.0, 0.0, 0.0, 0.0, 0.0, 0.0, 0.0, 0.0, 0.0, 0.0, 0.0, 0.0, 0.0, 0.0, 0.0, 0.0, 0.0, 0.0, 0.0, 0.0, 0.0, 0.0, 0.0, 0.0, 0.0, 0.0, 0.0, 0.0, 0.0, 0.0, 0.0, 0.0, 0.0, 0.0]","[0.0, 0.0, 0.0, 0.0, 0.0, 0.0, 0.0, 0.0, 0.0, 0.0, 0.0, 0.0, 0.0, 0.0, 0.0, 0.0, 0.0, 0.0, 0.0, 0.0, 0.0, 0.0, 0.0, 0.0, 0.0, 0.0, 0.0, 0.0, 0.0, 0.0, 0.0, 0.0, 0.0, 0.0, 0.0, 0.0, 0.0, 0.0, 0.0, 0.0, 0.0, 0.0, 0.0, 0.0, 0.0, 0.0, 0.0, 0.0, 0.0, 0.0, 0.0, 0.0, 0.0, 0.0, 0.0, 0.0, 0.0, 0.0, 0.0, 0.0, 0.0, 0.0, 0.0, 0.0, 0.0, 0.0, 0.0, 0.0, 0.0, 0.0, 0.0, 0.0, 0.0, 0.0, 0.0, 0.0, 0.0, 0.0, 0.0, 0.0, 0.0, 0.0, 0.0, 0.0, 0.0, 0.0, 0.0, 0.0, 0.0, 0.0, 0.0, 0.0, 0.0, 0.0, 0.0, 0.0, 0.0, 0.0, 0.0, 0.0, 0.0, 0.0, 0.0, 0.0, 0.0, 0.0, 0.0, 0.0, 0.0, 0.0, 0.0, 0.0, 0.0, 0.0, 0.0, 0.0, 0.0, 0.0, 0.0, 0.0, 0.0, 0.0, 0.0, 0.0, 0.0, 0.0, 0.0, 0.0, 0.0, 0.0, 0.0, 0.0, 0.0, 0.0, 0.0, 0.0, 0.0, 0.0, 0.0, 0.0, 0.0, 0.0, 0.0, 0.0, 0.0, 0.0, 0.0, 0.0]","[0.0, 0.0, 0.0, 0.0, 0.0, 0.0, 0.0, 0.0, 0.0, 0.0, 0.0, 0.0, 0.0, 0.0, 0.0, 0.0, 0.0, 0.0, 0.0, 0.0, 0.0, 0.0, 0.0, 0.0, 0.0, 0.0, 0.0, 0.0, 0.0, 0.0, 0.0, 0.0, 0.0, 0.0, 0.0, 0.0, 0.0, 0.0, 0.0, 0.0, 0.0, 0.0, 0.0, 0.0, 0.0, 0.0, 0.0, 0.0, 0.0, 0.0, 0.0, 0.0, 0.0, 0.0, 0.0, 0.0, 0.0, 0.0, 0.0, 0.0, 0.0, 0.0, 0.0, 0.0, 0.0, 0.0, 0.0, 0.0, 0.0, 0.0, 0.0, 0.0, 0.0, 0.0, 0.0, 0.0, 0.0, 0.0, 0.0, 0.0, 0.0, 0.0, 0.0, 0.0, 0.0, 0.0, 0.0, 0.0, 0.0, 0.0, 0.0, 0.0, 0.0, 0.0, 0.0, 0.0, 0.0, 0.0, 0.0, 0.0, 0.0, 0.0, 0.0, 0.0, 0.0, 0.0, 0.0, 0.0, 0.0, 0.0, 0.0, 0.0, 0.0, 0.0, 0.0, 0.0, 0.0, 0.0, 0.0, 0.0, 0.0, 0.0, 0.0, 0.0, 0.0, 0.0, 0.0, 0.0, 0.0, 0.0, 0.0, 0.0, 0.0, 0.0, 0.0, 0.0, 0.0, 0.0, 0.0, 0.0, 0.0, 0.0, 0.0, 0.0, 0.0, 0.0, 0.0, 0.0]","[0.0, 0.0, 0.0, 0.0, 0.0, 0.0, 0.0, 0.0, 0.0, 0.0, 0.0, 0.0, 0.0, 0.0, 0.0, 0.0, 0.0, 0.0, 0.0, 0.0, 0.0, 0.0, 0.0, 0.0, 0.0, 0.0, 0.0, 0.0, 0.0, 0.0, 0.0, 0.0, 0.0, 0.0, 0.0, 0.0, 0.0, 0.0, 0.0, 0.0, 0.0, 0.0, 0.0, 0.0, 0.0, 0.0, 0.0, 0.0, 0.0, 0.0, 0.0, 0.0, 0.0, 0.0, 0.0, 0.0, 0.0, 0.0, 0.0, 0.0, 0.0, 0.0, 0.0, 0.0, 0.0, 0.0, 0.0, 0.0, 0.0, 0.0, 0.0, 0.0, 0.0, 0.0, 0.0, 0.0, 0.0, 0.0, 0.0, 0.0, 0.0, 0.0, 0.0, 0.0, 0.0, 0.0, 0.0, 0.0, 0.0, 0.0, 0.0, 0.0, 0.0, 0.0, 0.0, 0.0, 0.0, 0.0, 0.0, 0.0, 0.0, 0.0, 0.0, 0.0, 0.0, 0.0, 0.0, 0.0, 0.0, 0.0, 0.0, 0.0, 0.0, 0.0, 0.0, 0.0, 0.0, 0.0, 0.0, 0.0, 0.0, 0.0, 0.0, 0.0, 0.0, 0.0, 0.0, 0.0, 0.0, 0.0, 0.0, 0.0, 0.0, 0.0, 0.0, 0.0, 0.0, 0.0, 0.0, 0.0, 0.0, 0.0, 0.0, 0.0, 0.0, 0.0, 0.0, 0.0]","[0.0, 0.0, 0.0, 0.0, 0.0, 0.0, 0.0, 0.0, 0.0, 0.0, 0.0, 0.0, 0.0, 0.0, 0.0, 0.0, 0.0, 0.0, 0.0, 0.0, 0.0, 0.0, 0.0, 0.0, 0.0, 0.0, 0.0, 0.0, 0.0, 0.0, 0.0, 0.0, 0.0, 0.0, 0.0, 0.0, 0.0, 0.0, 0.0, 0.0, 0.0, 0.0, 0.0, 0.0, 0.0, 0.0, 0.0, 0.0, 0.0, 0.0, 0.0, 0.0, 0.0, 0.0, 0.0, 0.0, 0.0, 0.0, 0.0, 0.0, 0.0, 0.0, 0.0, 0.0, 0.0, 0.0, 0.0, 0.0, 0.0, 0.0, 0.0, 0.0, 0.0, 0.0, 0.0, 0.0, 0.0, 0.0, 0.0, 0.0, 0.0, 0.0, 0.0, 0.0, 0.0, 0.0, 0.0, 0.0, 0.0, 0.0, 0.0, 0.0, 0.0, 0.0, 0.0, 0.0, 0.0, 0.0, 0.0, 0.0, 0.0, 0.0, 0.0, 0.0, 0.0, 0.0, 0.0, 0.0, 0.0, 0.0, 0.0, 0.0, 0.0, 0.0, 0.0, 0.0, 0.0, 0.0, 0.0, 0.0, 0.0, 0.0, 0.0, 0.0, 0.0, 0.0, 0.0, 0.0, 0.0, 0.0, 0.0, 0.0, 0.0, 0.0, 0.0, 0.0, 0.0, 0.0, 0.0, 0.0, 0.0, 0.0, 0.0, 0.0, 0.0, 0.0, 0.0, 0.0]","[0.0, 0.0, 0.0, 0.0, 0.0, 0.0, 0.0, 0.0, 0.0, 0.0, 0.0, 0.0, 0.0, 0.0, 0.0, 0.0, 0.0, 0.0, 0.0, 0.0, 0.0, 0.0, 0.0, 0.0, 0.0, 0.0, 0.0, 0.0, 0.0, 0.0, 0.0, 0.0, 0.0, 0.0, 0.0, 0.0, 0.0, 0.0, 0.0, 0.0, 0.0, 0.0, 0.0, 0.0, 0.0, 0.0, 0.0, 0.0, 0.0, 0.0, 0.0, 0.0, 0.0, 0.0, 0.0, 0.0, 0.0, 0.0, 0.0, 0.0, 0.0, 0.0, 0.0, 0.0, 0.0, 0.0, 0.0, 0.0, 0.0, 0.0, 0.0, 0.0, 0.0, 0.0, 0.0, 0.0, 0.0, 0.0, 0.0, 0.0, 0.0, 0.0, 0.0, 0.0, 0.0, 0.0, 0.0, 0.0, 0.0, 0.0, 0.0, 0.0, 0.0, 0.0, 0.0, 0.0, 0.0, 0.0, 0.0, 0.0, 0.0, 0.0, 0.0, 0.0, 0.0, 0.0, 0.0, 0.0, 0.0, 0.0, 0.0, 0.0, 0.0, 0.0, 0.0, 0.0, 0.0, 0.0, 0.0, 0.0, 0.0, 0.0, 0.0, 0.0, 0.0, 0.0, 0.0, 0.0, 0.0, 0.0, 0.0, 0.0, 0.0, 0.0, 0.0, 0.0, 0.0, 0.0, 0.0, 0.0, 0.0, 0.0, 0.0, 0.0, 0.0, 0.0, 0.0, 0.0]","[0.0, 0.0, 0.0, 0.0, 0.0, 0.0, 0.0, 0.0, 0.0, 0.0, 0.0, 0.0, 0.0, 0.0, 0.0, 0.0, 0.0, 0.0, 0.0, 0.0, 0.0, 0.0, 0.0, 0.0, 0.0, 0.0, 0.0, 0.0, 0.0, 0.0, 0.0, 0.0, 0.0, 0.0, 0.0, 0.0, 0.0, 0.0, 0.0, 0.0, 0.0, 0.0, 0.0, 0.0, 0.0, 0.0, 0.0, 0.0, 0.0, 0.0, 0.0, 0.0, 0.0, 0.0, 0.0, 0.0, 0.0, 0.0, 0.0, 0.0, 0.0, 0.0, 0.0, 0.0, 0.0, 0.0, 0.0, 0.0, 0.0, 0.0, 0.0, 0.0, 0.0, 0.0, 0.0, 0.0, 0.0, 0.0, 0.0, 0.0, 0.0, 0.0, 0.0, 0.0, 0.0, 0.0, 0.0, 0.0, 0.0, 0.0, 0.0, 0.0, 0.0, 0.0, 0.0, 0.0, 0.0, 0.0, 0.0, 0.0, 0.0, 0.0, 0.0, 0.0, 0.0, 0.0, 0.0, 0.0, 0.0, 0.0, 0.0, 0.0, 0.0, 0.0, 0.0, 0.0, 0.0, 0.0, 0.0, 0.0, 0.0, 0.0, 0.0, 0.0, 0.0, 0.0, 0.0, 0.0, 0.0, 0.0, 0.0, 0.0, 0.0, 0.0, 0.0, 0.0, 0.0, 0.0, 0.0, 0.0, 0.0, 0.0, 0.0, 0.0, 0.0, 0.0, 0.0, 0.0]","[0.0, 0.0, 0.0, 0.0, 0.0, 0.0, 0.0, 0.0, 0.0, 0.0, 0.0, 0.0, 0.0, 0.0, 0.0, 0.0, 0.0, 0.0, 0.0, 0.0, 0.0, 0.0, 0.0, 0.0, 0.0, 0.0, 0.0, 0.0, 0.0, 0.0, 0.0, 0.0, 0.0, 0.0, 0.0, 0.0, 0.0, 0.0, 0.0, 0.0, 0.0, 0.0, 0.0, 0.0, 0.0, 0.0, 0.0, 0.0, 0.0, 0.0, 0.0, 0.0, 0.0, 0.0, 0.0, 0.0, 0.0, 0.0, 0.0, 0.0, 0.0, 0.0, 0.0, 0.0, 0.0, 0.0, 0.0, 0.0, 0.0, 0.0, 0.0, 0.0, 0.0, 0.0, 0.0, 0.0, 0.0, 0.0, 0.0, 0.0, 0.0, 0.0, 0.0, 0.0, 0.0, 0.0, 0.0, 0.0, 0.0, 0.0, 0.0, 0.0, 0.0, 0.0, 0.0, 0.0, 0.0, 0.0, 0.0, 0.0, 0.0, 0.0, 0.0, 0.0, 0.0, 0.0, 0.0, 0.0, 0.0, 0.0, 0.0, 0.0, 0.0, 0.0, 0.0, 0.0, 0.0, 0.0, 0.0, 0.0, 0.0, 0.0, 0.0, 0.0, 0.0, 0.0, 0.0, 0.0, 0.0, 0.0, 0.0, 0.0, 0.0, 0.0, 0.0, 0.0, 0.0, 0.0, 0.0, 0.0, 0.0, 0.0, 0.0, 0.0, 0.0, 0.0, 0.0, 0.0]","[0.0, 0.0, 0.0, 0.0, 0.0, 0.0, 0.0, 0.0, 0.0, 0.0, 0.0, 0.0, 0.0, 0.0, 0.0, 0.0, 0.0, 0.0, 0.0, 0.0, 0.0, 0.0, 0.0, 0.0, 0.0, 0.0, 0.0, 0.0, 0.0, 0.0, 0.0, 0.0, 0.0, 0.0, 0.0, 0.0, 0.0, 0.0, 0.0, 0.0, 0.0, 0.0, 0.0, 0.0, 0.0, 0.0, 0.0, 0.0, 0.0, 0.0, 0.0, 0.0, 0.0, 0.0, 0.0, 0.0, 0.0, 0.0, 0.0, 0.0, 0.0, 0.0, 0.0, 0.0, 0.0, 0.0, 0.0, 0.0, 0.0, 0.0, 0.0, 0.0, 0.0, 0.0, 0.0, 0.0, 0.0, 0.0, 0.0, 0.0, 0.0, 0.0, 0.0, 0.0, 0.0, 0.0, 0.0, 0.0, 0.0, 0.0, 0.0, 0.0, 0.0, 0.0, 0.0, 0.0, 0.0, 0.0, 0.0, 0.0, 0.0, 0.0, 0.0, 0.0, 0.0, 0.0, 0.0, 0.0, 0.0, 0.0, 0.0, 0.0, 0.0, 0.0, 0.0, 0.0, 0.0, 0.0, 0.0, 0.0, 0.0, 0.0, 0.0, 0.0, 0.0, 0.0, 0.0, 0.0, 0.0, 0.0, 0.0, 0.0, 0.0, 0.0, 0.0, 0.0, 0.0, 0.0, 0.0, 0.0, 0.0, 0.0, 0.0, 0.0, 0.0, 0.0, 0.0, 0.0]","[0.0, 0.0, 0.0, 0.0, 0.0, 0.0, 0.0, 0.0, 0.0, 0.0, 0.0, 0.0, 0.0, 0.0, 0.0, 0.0, 0.0, 0.0, 0.0, 0.0, 0.0, 0.0, 0.0, 0.0, 0.0, 0.0, 0.0, 0.0, 0.0, 0.0, 0.0, 0.0, 0.0, 0.0, 0.0, 0.0, 0.0, 0.0, 0.0, 0.0, 0.0, 0.0, 0.0, 0.0, 0.0, 0.0, 0.0, 0.0, 0.0, 0.0, 0.0, 0.0, 0.0, 0.0, 0.0, 0.0, 0.0, 0.0, 0.0, 0.0, 0.0, 0.0, 0.0, 0.0, 0.0, 0.0, 0.0, 0.0, 0.0, 0.0, 0.0, 0.0, 0.0, 0.0, 0.0, 0.0, 0.0, 0.0, 0.0, 0.0, 0.0, 0.0, 0.0, 0.0, 0.0, 0.0, 0.0, 0.0, 0.0, 0.0, 0.0, 0.0, 0.0, 0.0, 0.0, 0.0, 0.0, 0.0, 0.0, 0.0, 0.0, 0.0, 0.0, 0.0, 0.0, 0.0, 0.0, 0.0, 0.0, 0.0, 0.0, 0.0, 0.0, 0.0, 0.0, 0.0, 0.0, 0.0, 0.0, 0.0, 0.0, 0.0, 0.0, 0.0, 0.0, 0.0, 0.0, 0.0, 0.0, 0.0, 0.0, 0.0, 0.0, 0.0, 0.0, 0.0, 0.0, 0.0, 0.0, 0.0, 0.0, 0.0, 0.0, 0.0, 0.0, 0.0, 0.0, 0.0]","[0.0, 0.0, 0.0, 0.0, 0.0, 0.0, 0.0, 0.0, 0.0, 0.0, 0.0, 0.0, 0.0, 0.0, 0.0, 0.0, 0.0, 0.0, 0.0, 0.0, 0.0, 0.0, 0.0, 0.0, 0.0, 0.0, 0.0, 0.0, 0.0, 0.0, 0.0, 0.0, 0.0, 0.0, 0.0, 0.0, 0.0, 0.0, 0.0, 0.0, 0.0, 0.0, 0.0, 0.0, 0.0, 0.0, 0.0, 0.0, 0.0, 0.0, 0.0, 0.0, 0.0, 0.0, 0.0, 0.0, 0.0, 0.0, 0.0, 0.0, 0.0, 0.0, 0.0, 0.0, 0.0, 0.0, 0.0, 0.0, 0.0, 0.0, 0.0, 0.0, 0.0, 0.0, 0.0, 0.0, 0.0, 0.0, 0.0, 0.0, 0.0, 0.0, 0.0, 0.0, 0.0, 0.0, 0.0, 0.0, 0.0, 0.0, 0.0, 0.0, 0.0, 0.0, 0.0, 0.0, 0.0, 0.0, 0.0, 0.0, 0.0, 0.0, 0.0, 0.0, 0.0, 0.0, 0.0, 0.0, 0.0, 0.0, 0.0, 0.0, 0.0, 0.0, 0.0, 0.0, 0.0, 0.0, 0.0, 0.0, 0.0, 0.0, 0.0, 0.0, 0.0, 0.0, 0.0, 0.0, 0.0, 0.0, 0.0, 0.0, 0.0, 0.0, 0.0, 0.0, 0.0, 0.0, 0.0, 0.0, 0.0, 0.0, 0.0, 0.0, 0.0, 0.0, 0.0, 0.0]","[0.0, 0.0, 0.0, 0.0, 0.0, 0.0, 0.0, 0.0, 0.0, 0.0, 0.0, 0.0, 0.0, 0.0, 0.0, 0.0, 0.0, 0.0, 0.0, 0.0, 0.0, 0.0, 0.0, 0.0, 0.0, 0.0, 0.0, 0.0, 0.0, 0.0, 0.0, 0.0, 0.0, 0.0, 0.0, 0.0, 0.0, 0.0, 0.0, 0.0, 0.0, 0.0, 0.0, 0.0, 0.0, 0.0, 0.0, 0.0, 0.0, 0.0, 0.0, 0.0, 0.0, 0.0, 0.0, 0.0, 0.0, 0.0, 0.0, 0.0, 0.0, 0.0, 0.0, 0.0, 0.0, 0.0, 0.0, 0.0, 0.0, 0.0, 0.0, 0.0, 0.0, 0.0, 0.0, 0.0, 0.0, 0.0, 0.0, 0.0, 0.0, 0.0, 0.0, 0.0, 0.0, 0.0, 0.0, 0.0, 0.0, 0.0, 0.0, 0.0, 0.0, 0.0, 0.0, 0.0, 0.0, 0.0, 0.0, 0.0, 0.0, 0.0, 0.0, 0.0, 0.0, 0.0, 0.0, 0.0, 0.0, 0.0, 0.0, 0.0, 0.0, 0.0, 0.0, 0.0, 0.0, 0.0, 0.0, 0.0, 0.0, 0.0, 0.0, 0.0, 0.0, 0.0, 0.0, 0.0, 0.0, 0.0, 0.0, 0.0, 0.0, 0.0, 0.0, 0.0, 0.0, 0.0, 0.0, 0.0, 0.0, 0.0, 0.0, 0.0, 0.0, 0.0, 0.0, 0.0]","[0.0, 0.0, 0.0, 0.0, 0.0, 0.0, 0.0, 0.0, 0.0, 0.0, 0.0, 0.0, 0.0, 0.0, 0.0, 0.0, 0.0, 0.0, 0.0, 0.0, 0.0, 0.0, 0.0, 0.0, 0.0, 0.0, 0.0, 0.0, 0.0, 0.0, 0.0, 0.0, 0.0, 0.0, 0.0, 0.0, 0.0, 0.0, 0.0, 0.0, 0.0, 0.0, 0.0, 0.0, 0.0, 0.0, 0.0, 0.0, 0.0, 0.0, 0.0, 0.0, 0.0, 0.0, 0.0, 0.0, 0.0, 0.0, 0.0, 0.0, 0.0, 0.0, 0.0, 0.0, 0.0, 0.0, 0.0, 0.0, 0.0, 0.0, 0.0, 0.0, 0.0, 0.0, 0.0, 0.0, 0.0, 0.0, 0.0, 0.0, 0.0, 0.0, 0.0, 0.0, 0.0, 0.0, 0.0, 0.0, 0.0, 0.0, 0.0, 0.0, 0.0, 0.0, 0.0, 0.0, 0.0, 0.0, 0.0, 0.0, 0.0, 0.0, 0.0, 0.0, 0.0, 0.0, 0.0, 0.0, 0.0, 0.0, 0.0, 0.0, 0.0, 0.0, 0.0, 0.0, 0.0, 0.0, 0.0, 0.0, 0.0, 0.0, 0.0, 0.0, 0.0, 0.0, 0.0, 0.0, 0.0, 0.0, 0.0, 0.0, 0.0, 0.0, 0.0, 0.0, 0.0, 0.0, 0.0, 0.0, 0.0, 0.0, 0.0, 0.0, 0.0, 0.0, 0.0, 0.0]","[0.0, 0.0, 0.0, 0.0, 0.0, 0.0, 0.0, 0.0, 0.0, 0.0, 0.0, 0.0, 0.0, 0.0, 0.0, 0.0, 0.0, 0.0, 0.0, 0.0, 0.0, 0.0, 0.0, 0.0, 0.0, 0.0, 0.0, 0.0, 0.0, 0.0, 0.0, 0.0, 0.0, 0.0, 0.0, 0.0, 0.0, 0.0, 0.0, 0.0, 0.0, 0.0, 0.0, 0.0, 0.0, 0.0, 0.0, 0.0, 0.0, 0.0, 0.0, 0.0, 0.0, 0.0, 0.0, 0.0, 0.0, 0.0, 0.0, 0.0, 0.0, 0.0, 0.0, 0.0, 0.0, 0.0, 0.0, 0.0, 0.0, 0.0, 0.0, 0.0, 0.0, 0.0, 0.0, 0.0, 0.0, 0.0, 0.0, 0.0, 0.0, 0.0, 0.0, 0.0, 0.0, 0.0, 0.0, 0.0, 0.0, 0.0, 0.0, 0.0, 0.0, 0.0, 0.0, 0.0, 0.0, 0.0, 0.0, 0.0, 0.0, 0.0, 0.0, 0.0, 0.0, 0.0, 0.0, 0.0, 0.0, 0.0, 0.0, 0.0, 0.0, 0.0, 0.0, 0.0, 0.0, 0.0, 0.0, 0.0, 0.0, 0.0, 0.0, 0.0, 0.0, 0.0, 0.0, 0.0, 0.0, 0.0, 0.0, 0.0, 0.0, 0.0, 0.0, 0.0, 0.0, 0.0, 0.0, 0.0, 0.0, 0.0, 0.0, 0.0, 0.0, 0.0, 0.0, 0.0]","[0.0, 0.0, 0.0, 0.0, 0.0, 0.0, 0.0, 0.0, 0.0, 0.0, 0.0, 0.0, 0.0, 0.0, 0.0, 0.0, 0.0, 0.0, 0.0, 0.0, 0.0, 0.0, 0.0, 0.0, 0.0, 0.0, 0.0, 0.0, 0.0, 0.0, 0.0, 0.0, 0.0, 0.0, 0.0, 0.0, 0.0, 0.0, 0.0, 0.0, 0.0, 0.0, 0.0, 0.0, 0.0, 0.0, 0.0, 0.0, 0.0, 0.0, 0.0, 0.0, 0.0, 0.0, 0.0, 0.0, 0.0, 0.0, 0.0, 0.0, 0.0, 0.0, 0.0, 0.0, 0.0, 0.0, 0.0, 0.0, 0.0, 0.0, 0.0, 0.0, 0.0, 0.0, 0.0, 0.0, 0.0, 0.0, 0.0, 0.0, 0.0, 0.0, 0.0, 0.0, 0.0, 0.0, 0.0, 0.0, 0.0, 0.0, 0.0, 0.0, 0.0, 0.0, 0.0, 0.0, 0.0, 0.0, 0.0, 0.0, 0.0, 0.0, 0.0, 0.0, 0.0, 0.0, 0.0, 0.0, 0.0, 0.0, 0.0, 0.0, 0.0, 0.0, 0.0, 0.0, 0.0, 0.0, 0.0, 0.0, 0.0, 0.0, 0.0, 0.0, 0.0, 0.0, 0.0, 0.0, 0.0, 0.0, 0.0, 0.0, 0.0, 0.0, 0.0, 0.0, 0.0, 0.0, 0.0, 0.0, 0.0, 0.0, 0.0, 0.0, 0.0, 0.0, 0.0, 0.0]","[0.0, 0.0, 0.0, 0.0, 0.0, 0.0, 0.0, 0.0, 0.0, 0.0, 0.0, 0.0, 0.0, 0.0, 0.0, 0.0, 0.0, 0.0, 0.0, 0.0, 0.0, 0.0, 0.0, 0.0, 0.0, 0.0, 0.0, 0.0, 0.0, 0.0, 0.0, 0.0, 0.0, 0.0, 0.0, 0.0, 0.0, 0.0, 0.0, 0.0, 0.0, 0.0, 0.0, 0.0, 0.0, 0.0, 0.0, 0.0, 0.0, 0.0, 0.0, 0.0, 0.0, 0.0, 0.0, 0.0, 0.0, 0.0, 0.0, 0.0, 0.0, 0.0, 0.0, 0.0, 0.0, 0.0, 0.0, 0.0, 0.0, 0.0, 0.0, 0.0, 0.0, 0.0, 0.0, 0.0, 0.0, 0.0, 0.0, 0.0, 0.0, 0.0, 0.0, 0.0, 0.0, 0.0, 0.0, 0.0, 0.0, 0.0, 0.0, 0.0, 0.0, 0.0, 0.0, 0.0, 0.0, 0.0, 0.0, 0.0, 0.0, 0.0, 0.0, 0.0, 0.0, 0.0, 0.0, 0.0, 0.0, 0.0, 0.0, 0.0, 0.0, 0.0, 0.0, 0.0, 0.0, 0.0, 0.0, 0.0, 0.0, 0.0, 0.0, 0.0, 0.0, 0.0, 0.0, 0.0, 0.0, 0.0, 0.0, 0.0, 0.0, 0.0, 0.0, 0.0, 0.0, 0.0, 0.0, 0.0, 0.0, 0.0, 0.0, 0.0, 0.0, 0.0, 0.0, 0.0]","[0.0, 0.0, 0.0, 0.0, 0.0, 0.0, 0.0, 0.0, 0.0, 0.0, 0.0, 0.0, 0.0, 0.0, 0.0, 0.0, 0.0, 0.0, 0.0, 0.0, 0.0, 0.0, 0.0, 0.0, 0.0, 0.0, 0.0, 0.0, 0.0, 0.0, 0.0, 0.0, 0.0, 0.0, 0.0, 0.0, 0.0, 0.0, 0.0, 0.0, 0.0, 0.0, 0.0, 0.0, 0.0, 0.0, 0.0, 0.0, 0.0, 0.0, 0.0, 0.0, 0.0, 0.0, 0.0, 0.0, 0.0, 0.0, 0.0, 0.0, 0.0, 0.0, 0.0, 0.0, 0.0, 0.0, 0.0, 0.0, 0.0, 0.0, 0.0, 0.0, 0.0, 0.0, 0.0, 0.0, 0.0, 0.0, 0.0, 0.0, 0.0, 0.0, 0.0, 0.0, 0.0, 0.0, 0.0, 0.0, 0.0, 0.0, 0.0, 0.0, 0.0, 0.0, 0.0, 0.0, 0.0, 0.0, 0.0, 0.0, 0.0, 0.0, 0.0, 0.0, 0.0, 0.0, 0.0, 0.0, 0.0, 0.0, 0.0, 0.0, 0.0, 0.0, 0.0, 0.0, 0.0, 0.0, 0.0, 0.0, 0.0, 0.0, 0.0, 0.0, 0.0, 0.0, 0.0, 0.0, 0.0, 0.0, 0.0, 0.0, 0.0, 0.0, 0.0, 0.0, 0.0, 0.0, 0.0, 0.0, 0.0, 0.0, 0.0, 0.0, 0.0, 0.0, 0.0, 0.0]"
gamma,"[8.209893050578341e-12, 7.033676759191398e-12, 5.097189888933926e-12, 3.0327187143520155e-12, 2.0827798512669734e-12, 4.4627272923377395e-12, 5.530396776412188e-12, 4.4747139229177795e-12, 4.460734586732151e-12, 3.6857813869584225e-12, 4.574449485795493e-12, 2.499870145868234e-12, 2.888879097561308e-12, 4.463388832726036e-12, 4.45847298916867e-12, 2.3751191555967157e-12, 3.0485354437160386e-12, 2.5898793081027405e-12, 3.5179986416359505e-12, 2.6978059566690373e-12, 1.7457333221429513e-12, 5.0049197733628564e-12, 3.531743194469175e-12, 2.5622665736654117e-12, 3.93520785041205e-12, 2.45505631241396e-12, 1.5387844626537051e-12, 3.2206400318712632e-12, 2.164029524154586e-12, 2.4816923341518663e-12, 6.322414987070305e-12, 2.1383586307399297e-12, 4.227965888804188e-12, 1.6288554445829577e-12, 3.128157084901477e-12, 3.2269111774544504e-12, 3.4226755798507563e-12, 3.606296685959506e-12, 2.2904206356003743e-12, 3.411524915682203e-12, 3.5593533791702635e-12, 2.1807122264518845e-12, 5.073495507670427e-12, 2.0435289853553134e-12, 2.990694799119913e-12, 2.287075857600936e-12, 2.230670277677703e-12, 2.160525179228058e-12, 4.4962074015917956e-12, 1.903033610025964e-12, 4.332000298103294e-12, 2.4179061968372882e-12, 2.1197129481853004e-12, 1.9444684556505556e-12, 4.312392333583085e-12, 1.8936554072555307e-12, 1.3416032583406446e-12, 3.1559381893225614e-12, 1.0714566308121927e-12, 2.6050489675930624e-12, 1.5303912639177278e-12, 6.255928883524996e-12, 2.64727102600101e-12, 2.489169134098946e-12, 3.191154540513944e-12, 3.5737784522255743e-12, 2.8839834551833213e-12, 2.9130336152541154e-12, 3.8276506489727084e-12, 1.6165352134284563e-12, 2.901194991435592e-12, 1.2015405982648728e-12, 2.3738827050427167e-12, 2.0608082897240857e-12, 4.1989667502452425e-12, 2.0591706464746487e-12, 3.987075514073814e-12, 5.215169994747305e-12, 2.832775937415584e-12, 3.2617498594966734e-12, 3.826051306423151e-12, 2.0831221332541596e-12, 5.124748626255884e-12, 2.000439149435312e-12, 2.9755486027986163e-12, 3.850817548003158e-12, 1.979645308314642e-12, 2.278414945340715e-12, 3.2204759467840358e-12, 4.070905595862391e-12, 1.5830468717764642e-12, 1.0867494269570074e-12, 3.5843941726542505e-12, 1.887710237485476e-12, 2.7114162937714637e-12, 1.3747855597833229e-12, 1.4965237666903137e-12, 2.6154527953824477e-12, 3.3612087421347475e-12, 5.8417767176052015e-12, 1.6398500439726882e-12, 3.1962663704748644e-12, 3.8862798629755955e-12, 2.4923485248666078e-12, 2.593679342075758e-12, 4.671424949199561e-12, 2.200972678030684e-12, 1.315909412646306e-12, 3.5645954234234436e-12, 3.790479439300348e-12, 3.4422732115396153e-12, 3.1851037431189547e-12, 3.8578530041468316e-12, 2.118788776352142e-12, 3.5792187976814562e-12, 2.6356153149412024e-12, 5.9574433623921854e-12, 3.3938076953367204e-12, 1.2116543654093837e-12, 3.3065581325833593e-12, 3.0246952613815374e-12, 1.9207206480171995e-12, 2.7258838166004986e-12, 1.7549397522849797e-12, 2.762735626040065e-12, 2.649940440612995e-12, 3.773633623405411e-12, 3.262381474330665e-12, 2.897312815997875e-12, 3.2164767029863265e-12, 1.9770890927002404e-12, 2.40163275758875e-12, 2.242124149677016e-12, 4.886736759641419e-12, 2.9285223410670785e-12, 3.592526121089663e-12, 4.363517907572794e-12, 2.63866017047452e-12, 4.62425388771334e-12, 3.710437117216657e-12, 3.094667080400737e-12, 2.5793781402250322e-12, 4.0652764088115065e-12, 2.969272821192806e-12, 3.899620165376735e-12, 3.448219678939221e-12, 5.495215480565467e-12, 3.1943534838717193e-12]","[2.7564557910829475e-12, 1.597273464097558e-12, 1.692644579899621e-12, 1.2695441977859698e-12, 2.541567224161318e-12, 9.586958794363924e-13, 1.089119080791328e-12, 2.5749300559680066e-12, 4.193370936492877e-12, 1.6191702295568857e-12, 2.4824434431483923e-12, 1.5025466684769145e-12, 1.5313232035026222e-12, 1.0708834106310292e-12, 1.644771810224934e-12, 1.3069745795222364e-12, 1.6205204110288794e-12, 1.7588295392279922e-12, 2.2485504534365485e-12, 1.777039245050599e-12, 1.1109898796657975e-12, 9.234837335967622e-13, 2.0806203616814477e-12, 1.1938203438925512e-12, 1.6240002245688294e-12, 1.4101215887248543e-12, 1.3006168474931635e-12, 1.6112415137444068e-12, 9.70464615005065e-13, 2.0574928828867717e-12, 4.853586154826582e-12, 1.3816922933780392e-12, 1.4567022392306354e-12, 1.1506173530435088e-12, 1.9052155358421278e-12, 1.4761069395537228e-12, 9.93840140376981e-13, 1.5842926407793337e-12, 1.0844236156420338e-12, 1.1924315247863718e-12, 1.472212283442811e-12, 1.0634732421702314e-12, 1.6578586485075798e-12, 1.4450972016866645e-12, 2.105618062214043e-12, 1.5805267019146162e-12, 1.579291886905937e-12, 1.1381436520233705e-12, 1.3184482442304299e-12, 1.6728170437991323e-12, 2.2405498528782914e-12, 1.3141038021659815e-12, 1.2887807960821246e-12, 3.6460030847575346e-12, 2.909782066028739e-12, 2.2302061166933673e-12, 9.227076263453407e-13, 1.959128287400719e-12, 1.446238293590595e-12, 7.74582174529362e-13, 1.4812912121603607e-12, 1.5715796081899759e-12, 1.3238096610430874e-12, 1.328227714308789e-12, 1.9354516364588756e-12, 2.0378115897211373e-12, 1.4399653888644434e-12, 1.8073306020961612e-12, 2.2221165991485863e-12, 1.0850764416970415e-12, 1.4003553289657636e-12, 4.816278110351897e-13, 9.419094364055145e-13, 1.9938651619943296e-12, 1.1887305245930756e-12, 8.968093296480995e-13, 1.987536404235564e-12, 2.644859385871145e-12, 1.887642176694285e-12, 1.9854039936794805e-12, 2.052279046771255e-12, 1.418187299017706e-12, 1.989768742171566e-12, 9.452183877876621e-13, 1.0366061981235163e-12, 3.655796938920222e-12, 1.2790384054459088e-12, 2.78390019083397e-12, 3.3542848220609038e-12, 1.0238346989100892e-12, 2.255893407534222e-12, 2.038375372830098e-12, 3.327495757632631e-12, 1.057760929926604e-12, 2.7174904859287747e-12, 1.3688588199541288e-12, 1.0508620984224208e-12, 1.4282390534376494e-12, 2.2609280164234956e-12, 1.865554069422834e-12, 1.0929080099881555e-12, 8.522001911997691e-13, 1.7203014344532869e-12, 2.0095505160107487e-12, 5.54402320336064e-13, 1.912072675711736e-12, 1.6093268722187793e-12, 1.1885377816383688e-12, 9.80384587778933e-13, 1.3037805460940164e-12, 1.2313193803986475e-12, 1.382149568134554e-12, 2.1205145277516333e-12, 2.620860794103642e-12, 2.9963218529720706e-12, 1.2515878035008839e-12, 1.9194580146713443e-12, 1.857364884425389e-12, 1.7021210336820944e-12, 1.818064975549347e-12, 1.0968953430261926e-12, 2.7247312632850297e-12, 2.6089790684279445e-12, 1.1908408052617137e-12, 1.8470760153096885e-12, 2.04994119538771e-12, 1.7857344171804634e-12, 1.5136219887850185e-12, 3.290826374173377e-12, 1.6558866957294564e-12, 2.9578494548773417e-12, 1.151097849626658e-12, 1.966796726583535e-12, 1.2591428325329079e-12, 2.315612017758722e-12, 1.470885744264811e-12, 2.1624564755284727e-12, 2.1071037986699153e-12, 1.4810725658117726e-12, 9.292733341141939e-13, 2.353243575679007e-12, 1.607841581964047e-12, 1.165062122555604e-12, 1.0098337735011933e-12, 3.669776323914122e-12, 2.2174945315389385e-12, 1.2077734700839002e-12, 2.0864103378133278e-12]","[3.896045765971428e-12, 3.1711167047467978e-12, 1.6139171340099554e-12, 1.769568017297486e-12, 2.4156991252980526e-12, 1.16870004457647e-12, 1.2718044269038737e-12, 3.845682211682935e-12, 4.045217264908126e-12, 2.2562523398381738e-12, 3.197451265993069e-12, 2.5193427391377894e-12, 2.1338528335396134e-12, 1.6778783186837918e-12, 2.2705928158697286e-12, 4.125334188788358e-12, 1.3658238300412606e-12, 1.2500023969396261e-12, 3.0397447945105997e-12, 2.1096360865902278e-12, 1.40421127907573e-12, 1.2200976632643566e-12, 2.981654055800246e-12, 2.369757652120306e-12, 2.7695348062500072e-12, 1.810674248534927e-12, 1.6931571884830454e-12, 2.86203765026625e-12, 1.4956345783677307e-12, 3.3973978814533784e-12, 3.890361987084564e-12, 1.4612128129928809e-12, 1.5309268875669589e-12, 1.7884088655535792e-12, 1.6481542868905558e-12, 2.153419089489818e-12, 1.418270804558267e-12, 2.3961459189325455e-12, 1.2884566521990773e-12, 2.230107396477915e-12, 1.5992142225965815e-12, 1.3672823953649132e-12, 3.3133139693754833e-12, 2.2572408360969642e-12, 2.38718782730219e-12, 1.5717314234533892e-12, 1.6584993706068277e-12, 1.6313026349463897e-12, 1.8620450421310564e-12, 1.8090474620661916e-12, 1.7021807340165758e-12, 1.8405807547361242e-12, 1.216628751601284e-12, 3.3416563153809283e-12, 4.004935905998346e-12, 1.814241099725541e-12, 1.4645670103727045e-12, 2.5483727221707825e-12, 1.8696512173629634e-12, 9.37807152061862e-13, 1.7520681512732838e-12, 1.5878262960053243e-12, 1.0995063558915983e-12, 1.609645944308199e-12, 1.6378997550764124e-12, 2.5195299783784636e-12, 2.8553783466702456e-12, 2.7072898968008445e-12, 2.5826890968665018e-12, 1.0685430933181828e-12, 1.7940055025287854e-12, 6.309063574644561e-13, 5.391283442140736e-13, 1.8585848823937163e-12, 1.65188381691217e-12, 1.1691908132463864e-12, 1.411573687683425e-12, 2.501546450816225e-12, 2.3714791652143247e-12, 5.191847603304202e-12, 2.809663465227293e-12, 1.586648134869283e-12, 3.119262559266245e-12, 9.084254480562249e-13, 1.2914720221105058e-12, 5.038504994621689e-12, 1.2110941199054465e-12, 2.426427926266581e-12, 3.997439426427678e-12, 1.239739046475125e-12, 2.8713482145091115e-12, 1.972182697203015e-12, 2.4501526560815093e-12, 1.4180197281040903e-12, 1.495038843809373e-12, 1.3849079631477693e-12, 1.1751714364831549e-12, 2.0526443140671285e-12, 3.1715140129797663e-12, 2.4835607591230416e-12, 1.3339995198125449e-12, 1.1512837710500198e-12, 2.263109766200668e-12, 2.6303968384828662e-12, 1.3021928751576843e-12, 2.2291573263360654e-12, 1.941677548362056e-12, 1.0395816902357551e-12, 1.4623307585863782e-12, 1.4138915514065494e-12, 1.513743398907025e-12, 1.3439733259527966e-12, 1.914964810454286e-12, 3.1607206467066093e-12, 2.3594087779751865e-12, 2.081166077644916e-12, 2.3267446274383076e-12, 1.08257781178732e-12, 2.1343098804351287e-12, 1.9700903149797472e-12, 1.3075770151276092e-12, 2.2472264903495394e-12, 3.4880751250060203e-12, 9.64243581715989e-13, 2.618768678883916e-12, 2.9368928930707578e-12, 2.325572187181727e-12, 2.945044848489169e-12, 3.4101114169612842e-12, 1.3086684635597208e-12, 2.525553067644057e-12, 1.1206453708134061e-12, 2.286152534675042e-12, 1.449373821518305e-12, 2.012383706860426e-12, 2.219039629196282e-12, 2.2503098189346148e-12, 2.126826661073363e-12, 1.5681217923426229e-12, 1.8056066240296817e-12, 1.482056009068853e-12, 1.3252441399645292e-12, 1.3882707191258436e-12, 1.3816361866574263e-12, 6.916369184960855e-12, 3.332194252264031e-12, 1.871639981895685e-12, 2.5789227399381335e-12]","[6.156196917278805e-12, 7.189368437237306e-12, 5.623329989246297e-12, 2.8707494073427346e-12, 1.2308246424314295e-12, 2.1974666805334163e-12, 3.73857673485505e-12, 3.6132157058879412e-12, 4.197582768292149e-12, 2.582425319537387e-12, 3.201787576400959e-12, 1.7676806598195705e-12, 2.6543240854309514e-12, 2.8875451696720253e-12, 3.1932988877828464e-12, 2.5976496066498856e-12, 1.5423947471584573e-12, 2.562677872292618e-12, 3.960383056121847e-12, 2.2701490527132613e-12, 1.2731743331830688e-12, 2.4764592071770092e-12, 3.835571514960618e-12, 2.739951534178954e-12, 2.1160186557200175e-12, 1.492789364272195e-12, 1.5328047602751202e-12, 2.9452225108391656e-12, 1.1985351180968731e-12, 5.3685670546844005e-12, 3.1128423895141477e-12, 2.1757216287073662e-12, 3.2785903689204574e-12, 1.4751137098474906e-12, 1.7728711841331168e-12, 2.6282722855729072e-12, 2.718457208287161e-12, 2.641665211119718e-12, 1.7279404436140125e-12, 2.3360563127627005e-12, 2.0000332743865577e-12, 2.1751798807538065e-12, 4.033265820645203e-12, 2.471147075107227e-12, 1.8699540781926317e-12, 1.6685526094306356e-12, 2.495681812741229e-12, 2.6368411484399848e-12, 3.0027463762615726e-12, 1.1272473758638942e-12, 2.204216211545856e-12, 2.9374250450664423e-12, 2.5447289677530953e-12, 2.208411959186271e-12, 4.34661118160122e-12, 2.1131175623116266e-12, 1.041724373453327e-12, 4.456162536588383e-12, 4.376670220569505e-12, 1.8204619281039617e-12, 2.1083734430074455e-12, 6.067631941180724e-12, 3.389510586045453e-12, 2.292382256017693e-12, 2.723282039710361e-12, 4.0071245138012615e-12, 3.3526754794352088e-12, 2.9337102012460334e-12, 3.81064258200588e-12, 3.162393929539626e-12, 2.3888933587622897e-12, 1.310179313121536e-12, 9.695295653506285e-13, 1.8143275006142585e-12, 1.7696266789049122e-12, 1.3160274234548072e-12, 2.1825421222404884e-12, 3.3304344232437006e-12, 3.0790533588735536e-12, 5.169878779924141e-12, 3.6983945318535045e-12, 1.929026167903558e-12, 3.691345005889207e-12, 1.4800722327600813e-12, 1.4329361627884348e-12, 4.577066978150251e-12, 2.4733115730516865e-12, 1.58475868110452e-12, 3.300099730316983e-12, 1.031873990519643e-12, 2.674485326503024e-12, 1.3442037340717522e-12, 2.144116692276596e-12, 1.655598154581658e-12, 2.7609814342378875e-12, 1.639865985569665e-12, 1.4632342592980992e-12, 2.471658912129996e-12, 4.010863964783908e-12, 2.4573582186261785e-12, 1.91320468688426e-12, 1.7931960423558436e-12, 2.3722670444336337e-12, 2.0013336612544898e-12, 2.091238031250551e-12, 2.343183010556264e-12, 1.9175841199262122e-12, 2.4356220584512406e-12, 3.074959541079102e-12, 1.599243576983487e-12, 4.348212766831896e-12, 2.9292949901585342e-12, 1.718400447405626e-12, 3.2034936102179054e-12, 2.0040938888724175e-12, 3.042337284439563e-12, 3.2383316307956257e-12, 2.4241590583396474e-12, 4.611614835205072e-12, 2.634718465685337e-12, 3.4009585257433188e-12, 2.7179305388550965e-12, 4.144880900389292e-12, 1.8993159499729116e-12, 3.1447516908909107e-12, 2.6235238910342777e-12, 2.542774513283778e-12, 3.973960099544808e-12, 1.8818959073507255e-12, 1.952836524108356e-12, 2.62102637268394e-12, 1.0993280480213735e-12, 2.2975791607459053e-12, 2.1756872504314797e-12, 1.9652782910501846e-12, 4.62084297628966e-12, 2.8613329347236684e-12, 1.893943588723651e-12, 2.465994338987513e-12, 1.6090267801367833e-12, 2.4677731799694668e-12, 1.7451147493054528e-12, 1.957013820754519e-12, 1.1379269937717677e-12, 3.7639113212617045e-12, 3.8849164554232505e-12, 3.3496645717059732e-12, 3.007532391135883e-12]","[3.939980729082992e-12, 4.412049780273388e-12, 5.7651633259591405e-12, 2.753284137843314e-12, 9.453430550910542e-13, 2.259824064204469e-12, 4.0974533336664294e-12, 1.9106090103509277e-12, 8.61347399354061e-12, 1.9556589657663617e-12, 2.2066492864634462e-12, 2.0440219817260923e-12, 3.4907751121679756e-12, 2.1227453729919877e-12, 2.388267835445202e-12, 1.396561567324636e-12, 1.634910769107208e-12, 2.969514364387064e-12, 3.330487226426455e-12, 3.838012469312129e-12, 1.3623808979563235e-12, 2.4495058625176577e-12, 1.972774083776563e-12, 2.545741533894071e-12, 8.907749988348436e-13, 9.405375067837055e-13, 1.1247666007146325e-12, 2.0926487157480883e-12, 3.5914835898738383e-12, 5.073616057736293e-12, 7.318871607460917e-12, 2.1369880303244835e-12, 2.4597283503064308e-12, 1.2993420282306702e-12, 2.2775434953708445e-12, 2.3942297238308677e-12, 2.2732649522609015e-12, 1.8687080356312824e-12, 1.7901797323720186e-12, 2.2369588918481996e-12, 1.2936842100725706e-12, 1.4299296668812594e-12, 3.236279383566885e-12, 4.230701864020432e-12, 1.007448452281744e-12, 5.714265938698609e-12, 3.931552162563952e-12, 2.6972840918597087e-12, 3.308122952776222e-12, 8.51463056668968e-13, 2.080647091612531e-12, 2.6257737018752606e-12, 1.985639907445245e-12, 2.7988710414618627e-12, 2.5093082267055193e-12, 9.849755646499167e-13, 1.1393939736877603e-12, 3.2426088401235966e-12, 4.924523159674468e-12, 1.3676046540577014e-12, 2.3510896612497044e-12, 6.781373299457e-12, 2.0304214253789507e-12, 1.2383433108936504e-12, 3.0468800060319663e-12, 5.032528386070274e-12, 1.83579851837996e-12, 2.2107672217686802e-12, 5.6025978489908485e-12, 4.505403020873738e-12, 1.8777013132058374e-12, 2.439436858228055e-12, 1.626643245733908e-12, 2.9505443038133645e-12, 1.504365657493348e-12, 1.0168041637517438e-12, 3.0650134440581343e-12, 1.9546618082828857e-12, 1.813758605574108e-12, 3.4844838173659516e-12, 2.4391250534215614e-12, 2.239431878747833e-12, 1.1281176841352453e-12, 2.3359820901180278e-12, 1.9971858370244555e-12, 3.4628899712564863e-12, 3.3262086491011465e-12, 1.5776013301145777e-12, 2.2593719466384994e-12, 2.3688765608382393e-12, 3.5182911454561856e-12, 1.2401798075993307e-12, 3.6646277487462925e-12, 1.7025614042044257e-12, 1.7625820100776215e-12, 1.1155146813797587e-12, 2.1898195153805577e-12, 2.739818799934895e-12, 4.486996243339869e-12, 1.6486601913960046e-12, 1.560716030088469e-12, 2.146668881851717e-12, 1.4804052807349371e-12, 1.6759851748271282e-12, 1.3075284617522892e-12, 9.260388961230337e-13, 1.3686543588740913e-12, 2.8696832984186793e-12, 2.4057118783540866e-12, 8.857186977330269e-13, 3.3708867624408515e-12, 3.699654046793153e-12, 2.7580559338468664e-12, 1.5082878385142488e-12, 1.1276376234180224e-12, 1.6876246484195312e-12, 2.1120563972876862e-12, 2.613407195952068e-12, 4.142563932276415e-12, 4.458570727653e-12, 6.160655068931656e-12, 2.0780652790808462e-12, 3.9791921458282165e-12, 1.9359259924081153e-12, 1.3183166335182696e-12, 1.7451720555206736e-12, 1.5072031301479305e-12, 2.8383455034117256e-12, 1.225174686891056e-12, 1.240080702833689e-12, 2.2218225030133553e-12, 1.5866023661858202e-12, 2.399118356140247e-12, 1.7016233730960105e-12, 1.9655718371135923e-12, 2.8964595988636664e-12, 4.3662188056995564e-12, 2.4050182133850513e-12, 1.6868450275757683e-12, 1.248347083672479e-12, 7.760501060054902e-13, 8.777492572430356e-13, 1.749958941077348e-12, 1.115600363248828e-12, 1.5738303299650058e-12, 2.41925630983354e-12, 2.496860911785647e-12, 1.8572780995309394e-12]","[3.7273985344406895e-12, 4.060389074610104e-12, 1.5721320161462096e-12, 2.6179535023266843e-12, 1.5163764576611277e-12, 1.2209809004803791e-12, 2.655444428934409e-12, 2.6872617204956265e-12, 2.595358244300489e-12, 2.165515412130924e-12, 2.828145464168818e-12, 1.0141642128944052e-12, 2.0826362153966006e-12, 2.08154360248382e-12, 3.0396108683333842e-12, 1.8887393931633e-12, 1.2009947908508316e-12, 1.5471786158761947e-12, 2.2405243521775282e-12, 1.827013831459284e-12, 1.0575625340010862e-12, 2.5122151418718983e-12, 2.068491656281485e-12, 2.2645026445944795e-12, 1.6942196041547755e-12, 1.235668820621319e-12, 1.1645379598805305e-12, 2.3221163630126954e-12, 1.3382579919157739e-12, 2.626403832566005e-12, 9.485452666901827e-13, 1.354297201694044e-12, 1.319878948246096e-12, 8.662189336270406e-13, 9.757881697853217e-13, 2.475549026404321e-12, 2.3658101399161094e-12, 2.134745788333344e-12, 1.1287728728347159e-12, 1.599021487148866e-12, 1.6030836610810455e-12, 1.3883958167705413e-12, 3.3428769974598825e-12, 2.0152369118292446e-12, 1.193701993241643e-12, 2.0207737980563617e-12, 2.6886599827826794e-12, 1.575422605984645e-12, 1.5017210688776061e-12, 9.670259079538925e-13, 2.8923980339854305e-12, 1.7687310385101883e-12, 1.7490838374848614e-12, 1.969326792113142e-12, 2.174637966272485e-12, 1.4807762962405148e-12, 9.040189831865238e-13, 2.8276099941980262e-12, 2.522401448055253e-12, 1.0238032545974278e-12, 2.379877413737824e-12, 2.693588544787083e-12, 1.5018522331072919e-12, 1.356783361338119e-12, 2.022052944868127e-12, 2.940986003434352e-12, 4.170499368902346e-12, 4.029774806481505e-12, 1.4680289819644405e-12, 1.153647488744603e-12, 2.1608042614596866e-12, 9.114340099107463e-13, 1.035584499033544e-12, 9.722854414996966e-13, 1.820660202137959e-12, 1.103221921036091e-12, 1.1657454185948707e-12, 2.2367414141529036e-12, 2.5155881512796298e-12, 4.410514176036727e-12, 3.221079523055224e-12, 1.3887507223978335e-12, 1.3412028687528247e-12, 7.888924280335393e-13, 1.4126855888114846e-12, 3.226237434161688e-12, 1.3382647622238052e-12, 6.299424260034683e-13, 2.416273084131174e-12, 1.2762956523777226e-12, 2.101371070463795e-12, 1.5150425474450556e-12, 1.558111373592649e-12, 1.913745034739856e-12, 1.5369338721728382e-12, 9.332200236920089e-13, 1.188857419899652e-12, 1.737211164199904e-12, 4.082816576181806e-12, 2.732814587053766e-12, 1.0736835448508332e-12, 1.2334681668755582e-12, 1.6486111108993678e-12, 1.4205533299698388e-12, 1.5305200073034699e-12, 1.1860082181261098e-12, 1.3076892981549519e-12, 1.5924028601336118e-12, 1.6162943758284566e-12, 9.801695960526352e-13, 2.392089146583713e-12, 1.4124256797102606e-12, 1.229305973377112e-12, 1.7814164041841888e-12, 2.060983756240645e-12, 1.825940585923773e-12, 1.9252299161048424e-12, 1.0918317060233604e-12, 2.304510223063073e-12, 1.2879606682349596e-12, 1.4161104502465725e-12, 1.7074105965548673e-12, 4.426240714163111e-12, 7.109295282006376e-13, 1.5697523362513581e-12, 1.898767102525445e-12, 1.457310385669704e-12, 3.383300157128407e-12, 1.2282396721167812e-12, 1.8433409939883973e-12, 1.686193242204164e-12, 9.371563600022344e-13, 1.5220079306888598e-12, 1.6938784489742047e-12, 1.5089453692245772e-12, 1.4849438950456197e-12, 2.913699532622759e-12, 9.337588825780633e-13, 2.1558113569197134e-12, 1.520872411722548e-12, 9.488698681631363e-13, 1.5342218319528666e-12, 2.0548314913372235e-12, 9.778863788636394e-13, 2.39665445283655e-12, 2.158303262289351e-12, 3.9044509098838266e-12, 2.6860938442937516e-12]","[1.4798528487288924e-12, 2.0178124873862006e-12, 1.793296832255822e-12, 2.003249283340891e-12, 1.722048341857589e-12, 7.394966510909312e-13, 8.342996511872667e-13, 1.7477397372926723e-12, 3.5331497584026138e-12, 1.236536410824978e-12, 1.8029712040431646e-12, 8.507066681030341e-13, 1.9411977366573656e-12, 1.2579530161871128e-12, 1.9539150819310936e-12, 1.1335154540206103e-12, 1.632068778707775e-12, 1.5707084892823998e-12, 1.1114835930637013e-12, 1.2218999446297393e-12, 6.327398104822656e-13, 8.944001969178792e-13, 9.290985621361439e-13, 7.646974015388824e-13, 1.289135518560171e-12, 1.2149887774040576e-12, 6.52314881328293e-13, 1.7625125071001995e-12, 1.0892419813995903e-12, 1.3219554649254062e-12, 3.2093771198358874e-12, 1.9248392547665775e-12, 9.523604309509676e-13, 1.0776584868234016e-12, 1.0271165980461942e-12, 1.321110494075062e-12, 1.016751805032633e-12, 7.472433648496606e-13, 5.201239042517441e-13, 9.994300611335414e-13, 1.2597044786741383e-12, 9.528852476506557e-13, 1.2262960738457637e-12, 1.4216481814364546e-12, 1.3488805119819082e-12, 1.556418651216571e-12, 1.3085947457556009e-12, 1.332784795311754e-12, 1.4180529141747744e-12, 9.86758260792236e-13, 1.3537605635346682e-12, 4.894500616446183e-13, 1.1027631233189523e-12, 2.678005922126769e-12, 1.9291200853758723e-12, 2.078082852503677e-12, 7.863074788968189e-13, 2.3738587976907046e-12, 1.0812735545325623e-12, 1.2257012711650494e-12, 1.0053722888058198e-12, 1.5015969936672006e-12, 7.403011999989085e-13, 1.2246597993110121e-12, 1.055730638236646e-12, 2.1889682088487407e-12, 1.6596222678296182e-12, 2.0045977946919135e-12, 1.1043645790140516e-12, 1.2726505517036372e-12, 1.329950344562563e-12, 4.982503273925554e-13, 6.17049832445632e-13, 8.083586779403393e-13, 1.5235789578395803e-12, 7.508350453886889e-13, 1.2675369437033834e-12, 1.4973662387675773e-12, 1.3792457977553778e-12, 1.657870933891437e-12, 1.2175971245093098e-12, 1.2410681591795805e-12, 1.0736945737228043e-12, 9.228698614154337e-13, 1.1910619772419166e-12, 2.9262788606189542e-12, 9.04220773517931e-13, 2.265940356846484e-12, 2.084163916012041e-12, 8.779366471744886e-13, 2.0597109988672833e-12, 2.4360430671597087e-12, 2.047360552478725e-12, 9.109392836669805e-13, 2.03328536716521e-12, 9.677650707302211e-13, 1.15633554122278e-12, 1.3731951520804336e-12, 2.5405489141421045e-12, 1.1184842266556102e-12, 8.759244966986547e-13, 8.22310933944194e-13, 1.2184046837064334e-12, 1.31223443164164e-12, 7.476120792470606e-13, 1.016612097979691e-12, 1.9113460436981678e-12, 1.2639915849086054e-12, 9.617295591207339e-13, 9.114147314785831e-13, 6.03416473092241e-13, 1.6264057660017565e-12, 1.0931670257267034e-12, 1.8170703177308295e-12, 1.8580856208249183e-12, 1.0159666249555179e-12, 1.9839344977374544e-12, 1.1517227874290491e-12, 2.1141664618228626e-12, 1.6203989206334184e-12, 1.1647347404709308e-12, 1.4751602313163042e-12, 2.56246482055039e-12, 6.774205304283436e-13, 1.5986925571271045e-12, 1.8939290460237182e-12, 1.5310770983925404e-12, 1.0762670433437858e-12, 1.6022287690317245e-12, 1.184443464754951e-12, 2.0954117811520396e-12, 9.91669095669059e-13, 1.4237314455639076e-12, 8.312633004667315e-13, 2.304416894342696e-12, 8.533037890154789e-13, 4.014012403164451e-12, 1.1610528494845568e-12, 1.0257348993489534e-12, 1.4108605546217818e-12, 2.0388523111427857e-12, 1.2283851335937965e-12, 1.4403781018329414e-12, 1.0078861993086296e-12, 2.5754935249446766e-12, 1.3050502551474948e-12, 9.24016938894935e-13, 1.4945923537173785e-12]","[1.5532053934180358e-12, 1.4751450207992725e-12, 1.4481013523208546e-12, 2.2192388344307115e-12, 1.038656105589708e-12, 7.181379562097669e-13, 1.4050214245890603e-12, 9.819287532596178e-13, 8.359525243235881e-13, 1.053825678998182e-12, 1.7405378305587126e-12, 5.456983363904719e-13, 1.3514194061902715e-12, 1.4855485714624153e-12, 1.5781252083362084e-12, 1.263707844300104e-12, 1.701749261400049e-12, 1.0331045992948878e-12, 6.730840812419933e-13, 1.4258663408974054e-12, 8.499168323062835e-13, 1.0401796154724526e-12, 7.310042397696371e-13, 1.2679660377090917e-12, 9.413733793104067e-13, 1.103989268347467e-12, 6.535661694360961e-13, 1.5716680786884567e-12, 5.636376821808479e-13, 7.659869017837335e-13, 1.1994025833686113e-12, 9.803181102626272e-13, 9.785461752870857e-13, 7.636329909475871e-13, 7.508630129065798e-13, 1.6287995341099233e-12, 1.3082013661898918e-12, 9.85413903550018e-13, 7.080190399294442e-13, 1.251985901060462e-12, 1.0107127898766668e-12, 1.0333977198230478e-12, 1.342158133591546e-12, 1.3993199564056785e-12, 1.1934838206786298e-12, 1.546449018692035e-12, 1.5757608343632938e-12, 1.3684544838835315e-12, 9.526531989257937e-13, 1.2158959677311629e-12, 2.273268245513711e-12, 9.178719586109947e-13, 1.5378928449668278e-12, 1.4642489905157928e-12, 1.0064873954307938e-12, 2.2431804420845884e-12, 1.1245653540710371e-12, 1.686356828611309e-12, 1.372290602432195e-12, 1.3437386647960358e-12, 1.3155169409898272e-12, 1.1041438113218912e-12, 8.138039184729255e-13, 4.445913100091113e-13, 8.874768136963012e-13, 2.5543735205141185e-12, 1.0239494660497095e-12, 1.409194719482869e-12, 5.849091863642878e-13, 7.15689085502269e-13, 1.1761150151648122e-12, 1.2221991878716092e-12, 7.842825848042138e-13, 5.699732768888345e-13, 6.455887685561358e-13, 8.936551667242389e-13, 4.005073799348328e-13, 1.1417693847364473e-12, 1.5046403867977485e-12, 1.852294667089201e-12, 1.3169669193524082e-12, 1.0465428342400044e-12, 1.0290462241794233e-12, 8.541541516152277e-13, 1.430505251813842e-12, 1.8392837508409833e-12, 8.999043473400433e-13, 8.391908755221898e-13, 9.59091096222675e-13, 9.866515651298743e-13, 2.0515064351638557e-12, 1.7857353955006466e-12, 7.222908140290248e-13, 7.148247077626611e-13, 1.7401949533716626e-12, 5.239846448465476e-13, 5.939335885115022e-13, 1.3518028520436595e-12, 2.9720680358336188e-12, 1.2266621589705376e-12, 8.368993469472596e-13, 1.5098074137150868e-12, 9.446548127584305e-13, 9.898558487221596e-13, 9.904494883651798e-13, 7.978068673517233e-13, 1.7302347793313305e-12, 1.3144613841720993e-12, 8.65507399614526e-13, 1.5215931666282563e-12, 8.607888981255406e-13, 1.3015031831524672e-12, 4.432952815715991e-13, 9.465763647115166e-13, 1.4072964004901522e-12, 5.874955566862365e-13, 1.5639668807904917e-12, 6.358868808333153e-13, 1.1225111534031726e-12, 1.3226752782556107e-12, 9.659656733619507e-13, 1.0952353290170702e-12, 1.4213455559635926e-12, 5.337483859236632e-13, 9.784128907905054e-13, 1.1355437620786462e-12, 1.302169701123157e-12, 1.069945047928036e-12, 9.374537968154257e-13, 8.389787593839776e-13, 1.2641202123954065e-12, 8.935566127543311e-13, 8.409382487808205e-13, 1.014460968574785e-12, 9.352859639967175e-13, 6.287873648544893e-13, 3.519611522048579e-12, 8.6584615918256e-13, 1.2761287448986883e-12, 1.3444996865239133e-12, 1.2939534288900284e-12, 1.3415270679618287e-12, 1.3335799398541118e-12, 5.532682461103461e-13, 1.541600095167078e-12, 1.0856736879326105e-12, 1.058087883344695e-12, 1.948624621158132e-12]","[7.558543414156185e-12, 7.426889467034883e-12, 5.3006017223928645e-12, 5.806202928530095e-12, 3.982020495501765e-12, 5.954039267797031e-12, 6.99539649375944e-12, 1.9150479714045828e-12, 8.439002178582101e-12, 4.163793690276995e-12, 3.951271450074796e-12, 1.808447380433333e-12, 6.0108449090110344e-12, 2.970552966676774e-12, 2.9007671020369617e-12, 2.2639795301554124e-12, 4.001165501056173e-12, 4.475595830798758e-12, 2.6737733844358792e-12, 2.610482516870734e-12, 1.7701118056974828e-12, 4.68286431558433e-12, 1.2243779680932248e-12, 2.69933125549233e-12, 1.5220279473040883e-12, 1.9599279477887456e-12, 1.6153030029446894e-12, 2.6526121273730446e-12, 2.0857672816180374e-12, 3.9010826372879535e-12, 1.8271300312446814e-12, 1.6467299290171879e-12, 1.4698796278192365e-12, 1.1177366475839364e-12, 1.6795481320735948e-12, 2.162875944978704e-12, 2.7793722679791416e-12, 2.7546930570660482e-12, 1.1889667916494226e-12, 2.004581820996819e-12, 2.5178822054079677e-12, 1.9496723901037354e-12, 7.610961024733472e-12, 2.393522650142173e-12, 1.0321314778326013e-12, 3.3891714179723505e-12, 4.164002464559801e-12, 2.6176903412278095e-12, 2.945491761128004e-12, 1.4479491101012188e-12, 4.846371791479863e-12, 2.815730143557407e-12, 2.7312566423828325e-12, 1.94247109461004e-12, 2.0786416678230158e-12, 1.6801518661384552e-12, 6.454968484301273e-12, 2.3994903331709306e-12, 4.163057799165257e-12, 1.5903502792039879e-12, 3.5859114448330842e-12, 4.550962287119859e-12, 2.820997016083661e-12, 1.2549429759961527e-12, 3.665537382754539e-12, 3.1755564719675787e-12, 3.813036384821185e-12, 5.361121070692876e-12, 2.552434388276386e-12, 2.158788402263467e-12, 2.8909586687438073e-12, 1.5194440830435883e-12, 1.5937859941035946e-12, 1.318506607539278e-12, 3.1038364382600758e-12, 1.7294547741977317e-12, 1.7877543895166197e-12, 2.9966538711640214e-12, 2.2005928273810257e-12, 5.541777496914933e-12, 4.40031968886863e-12, 3.665735174630608e-12, 1.6686175032807185e-12, 2.0120695215680725e-12, 2.803936668204091e-12, 4.3151843090427246e-12, 2.694399575999414e-12, 1.3899124460092488e-12, 3.934153056948295e-12, 2.2539031412552074e-12, 3.284686101655124e-12, 2.6528158036255435e-12, 2.1711894191321332e-12, 2.0297251985882884e-12, 3.557567454957432e-12, 1.5193675098713527e-12, 1.9109616234004535e-12, 1.252837625297144e-12, 3.5420791663028313e-12, 3.4087829381738206e-12, 9.923723397096422e-13, 2.7137858428480546e-12, 1.852340164198469e-12, 3.1286605222360834e-12, 2.599459986047845e-12, 1.0820789413952813e-12, 1.4137470785606075e-12, 3.334747679941928e-12, 1.3593243214076972e-12, 1.894506912398279e-12, 4.3828102379525875e-12, 3.9236448657066525e-12, 1.2265487750675477e-12, 1.7617828070066558e-12, 3.2899716020754596e-12, 1.825352218007359e-12, 3.339327570104761e-12, 2.0527658271960522e-12, 2.862111478116436e-12, 1.324266321527524e-12, 5.1031316580476285e-12, 2.5730977797523715e-12, 6.9645570416948084e-12, 1.4220753084211535e-12, 1.6968284537596612e-12, 2.50083993654161e-12, 1.7398145871914104e-12, 4.278357738725761e-12, 2.974191864002894e-12, 2.4937721400315356e-12, 2.2763169406894525e-12, 2.0141206705575125e-12, 3.106943580637295e-12, 2.924896315633541e-12, 4.0495515719609396e-12, 1.7609256951342528e-12, 2.647571735242986e-12, 1.50757317042383e-12, 3.9106252986975e-12, 3.6071051571744662e-12, 1.5065548123480098e-12, 2.3754657244299156e-12, 3.147917598727107e-12, 2.3167310121337914e-12, 2.385955625989901e-12, 2.877387973180371e-12, 5.03430066460355e-12, 3.4398247627367462e-12]","[2.049331029679057e-12, 2.1293631678601816e-12, 1.6738263379494055e-12, 1.6637976798384313e-12, 1.5601370369384465e-12, 1.9935717404471494e-12, 1.7415200102321511e-12, 1.4371703185314525e-12, 3.180540287583498e-12, 1.6286937298080995e-12, 3.456977609651923e-12, 1.645581244182744e-12, 2.653779670720461e-12, 2.299779690489588e-12, 2.2048506356660604e-12, 2.590933172929769e-12, 2.5155870073859757e-12, 2.534218426361069e-12, 1.7875113429379977e-12, 1.659369507952127e-12, 1.7794657587707904e-12, 2.650552527464216e-12, 1.138612283519969e-12, 2.2060094187439554e-12, 1.5874147234431692e-12, 1.185443925286701e-12, 1.2991763485753929e-12, 1.0412805643963559e-12, 1.571842124714037e-12, 1.7916307884448573e-12, 1.3641779017768532e-12, 1.291316847645155e-12, 1.3285297640990486e-12, 8.869942048620671e-13, 1.7587525279309263e-12, 8.481192516936448e-13, 1.9507777559648125e-12, 1.1605840882853719e-12, 1.3814672363321841e-12, 1.967445007649725e-12, 2.2097898160240753e-12, 1.508357889640098e-12, 3.5535520383885203e-12, 1.3288268013532445e-12, 1.260368437964122e-12, 2.222893128760189e-12, 2.3288447854621347e-12, 2.497176530017673e-12, 2.003286991678149e-12, 8.783384801728986e-13, 3.7749283407274275e-12, 2.139662562739385e-12, 2.2601864430793912e-12, 1.10461075738217e-12, 1.2012074227249954e-12, 1.9102492348583157e-12, 1.5913148395442729e-12, 1.2697702171624307e-12, 2.8621403332607567e-12, 1.915118511521202e-12, 1.4305280951107722e-12, 1.5384101347288064e-12, 1.916359113701266e-12, 1.4028754335022264e-12, 2.4355400451156095e-12, 1.7442802778453558e-12, 1.4496368743325637e-12, 2.841737244828191e-12, 9.564384695522731e-13, 9.576270866342014e-13, 1.0503621496936207e-12, 1.5441703222308472e-12, 1.6378927414171216e-12, 1.21468679714189e-12, 1.2699192753417567e-12, 8.001252059723857e-13, 8.854225292386207e-13, 1.180978475954277e-12, 2.027087445483032e-12, 1.5452805720924886e-12, 1.7659801224696593e-12, 1.9068183550798696e-12, 1.926111564848332e-12, 1.7467398146715611e-12, 1.9418636169068843e-12, 1.4824695365635182e-12, 1.8608886111230607e-12, 1.5058447140625368e-12, 2.0334876906056633e-12, 3.0415604714393398e-12, 2.8429773095142558e-12, 2.412149970978897e-12, 1.4665003574645914e-12, 9.054127584559392e-13, 2.9539614937759426e-12, 1.0365175768442494e-12, 9.311241449995488e-13, 1.2495695210996162e-12, 2.597577067816015e-12, 2.163134254074016e-12, 8.665664307482392e-13, 3.3031803836442162e-12, 1.0398132343118394e-12, 2.103532470773121e-12, 2.306121035409207e-12, 2.0355809268107277e-12, 1.3970425279337727e-12, 1.787931113683204e-12, 7.756032746799505e-13, 2.9338609175307932e-12, 1.515234365615476e-12, 1.3149583636555083e-12, 1.7202037858080128e-12, 1.3744971771140081e-12, 2.0143151057897908e-12, 1.2309949012071986e-12, 2.315292681086276e-12, 9.228322872355937e-13, 1.915185114999694e-12, 1.365987322055718e-12, 1.5654555523764749e-12, 2.4213698998005644e-12, 2.3749712354571683e-12, 1.0451951862717681e-12, 1.7635496999369793e-12, 1.4238074465203126e-12, 1.3553387347963358e-12, 2.168863987700766e-12, 2.2503315296651083e-12, 1.4033851057502346e-12, 1.5812942316933066e-12, 1.5996342167763381e-12, 1.871209372624967e-12, 1.4456253771958688e-12, 1.7705869343901677e-12, 1.6054174416019117e-12, 2.7858734979531425e-12, 1.565974888173472e-12, 1.6848368440743074e-12, 2.0667693073933707e-12, 2.0902135475004806e-12, 2.9732588621110227e-12, 2.341295279203851e-12, 9.352213598732e-13, 2.5792934234720697e-12, 1.9503043265974465e-12, 2.7461491655350265e-12, 3.1242282460724504e-12]","[1.5684627217038154e-12, 1.406772047757997e-12, 1.1255666434838812e-12, 1.3894675608723149e-12, 1.413571508025044e-12, 1.310750191905794e-12, 9.945187451984043e-13, 6.781540671371695e-13, 5.801478650473852e-13, 7.124626362155379e-13, 6.488375009577819e-13, 5.934227015058391e-13, 1.115044045239043e-12, 7.172636030617766e-13, 1.2489408266842041e-12, 1.1339561964509919e-12, 2.275992988756871e-12, 9.224326524897464e-13, 5.33184488240065e-13, 9.339560478126708e-13, 7.323358774166978e-13, 1.025369674673217e-12, 5.782525006740129e-13, 7.878598837403451e-13, 7.109638548551093e-13, 1.2941548082458518e-12, 7.59330441341503e-13, 9.504238584714698e-13, 6.524060898197765e-13, 7.221544762576892e-13, 1.0602833312851947e-12, 1.577893613956235e-12, 1.5233301255691536e-12, 1.024341791386357e-12, 1.29464940156359e-12, 8.670184640280631e-13, 1.6680575445282609e-12, 1.1054342143522663e-12, 6.910528105362697e-13, 1.5158999845607832e-12, 1.2168865088054122e-12, 8.245937968555357e-13, 1.1970850315833456e-12, 1.109411776202417e-12, 6.96260561011812e-13, 1.1148345674379411e-12, 1.0672641972285062e-12, 7.320359953934621e-13, 8.801377047242583e-13, 7.887421377068514e-13, 1.8549849075329426e-12, 6.072264287773834e-13, 2.0801001798756013e-12, 6.494308000662841e-13, 1.0467379094354617e-12, 1.4790064914972826e-12, 7.701610097011851e-13, 8.126345510999312e-13, 1.3901810004943598e-12, 1.4544139089086495e-12, 1.1379243958529514e-12, 1.649779168786479e-12, 8.864086386933788e-13, 5.180984136244107e-13, 7.465549025797428e-13, 1.2513331761097754e-12, 5.924921552947013e-13, 8.796435856743826e-13, 5.82612065583403e-13, 1.2488261395046692e-12, 9.981883450988015e-13, 1.059175081556007e-12, 5.500887490594686e-13, 1.3696383652195557e-12, 1.172694445166224e-12, 4.347630693838533e-13, 1.3222180578843872e-12, 5.05451492032851e-13, 9.084116188347398e-13, 1.9217799097533886e-12, 1.378339487279096e-12, 1.17700808732719e-12, 9.877952851494871e-13, 7.695361384337022e-13, 1.1411664116860575e-12, 1.7473461845355023e-12, 4.290653418052997e-13, 8.581704942032998e-13, 7.30783042569569e-13, 1.0534668712964743e-12, 2.000637098174596e-12, 1.5095670428425127e-12, 8.251833000840289e-13, 8.6758092789862e-13, 1.4862408951416854e-12, 8.216172775067487e-13, 5.994205207061065e-13, 1.3572686525549036e-12, 1.4887965767220126e-12, 9.66930244155798e-13, 7.456855588006633e-13, 2.148515761512963e-12, 1.350374172004016e-12, 9.48026182073422e-13, 1.3343723443153269e-12, 1.2980599152141474e-12, 8.865596840840171e-13, 1.5570103182156448e-12, 7.178145524835158e-13, 1.3412607077001422e-12, 8.35420077155191e-13, 1.315615445625441e-12, 1.037790923959612e-12, 8.25869980296024e-13, 9.425857863519399e-13, 6.564643975695502e-13, 1.7082731435641907e-12, 5.609492312184316e-13, 5.486127198205483e-13, 1.399413997205506e-12, 8.859220772637156e-13, 8.750411120418681e-13, 8.98282273154616e-13, 7.893737718758439e-13, 7.527938041780476e-13, 6.743233968110798e-13, 1.6246896890249602e-12, 8.73578045763101e-13, 9.073906909969603e-13, 8.797137078001221e-13, 8.359651873015138e-13, 8.212863478607707e-13, 1.0761522549655748e-12, 1.2254872955057934e-12, 1.0512581209734464e-12, 1.6464208494226134e-12, 2.4831323642829425e-12, 8.820235096992727e-13, 1.0209253973443737e-12, 1.6965994627975263e-12, 8.575573732511342e-13, 1.5996761219173106e-12, 5.697472804478656e-13, 8.080183069055861e-13, 1.7497967374954463e-12, 1.2924431618395511e-12, 8.127910529518891e-13, 1.2658032391681375e-12]","[4.024737813003113e-12, 2.0843833832352106e-12, 1.4689685177106622e-12, 1.9520233860988618e-12, 1.7465192251818346e-12, 1.7107544085201795e-12, 1.991701193001916e-12, 1.9532690372384616e-12, 1.1450642212780416e-12, 1.362397292959984e-12, 1.5058021457907666e-12, 1.9750898437483734e-12, 1.9256392216111875e-12, 1.0150935005294655e-12, 1.1564484141412104e-12, 9.843987299134478e-13, 2.199193782906463e-12, 1.177040079183259e-12, 1.4805237851729069e-12, 1.8539171939228517e-12, 1.0642225503737412e-12, 1.7136279321558618e-12, 1.3338161459404761e-12, 9.811288797903661e-13, 2.320299705973912e-12, 2.040020072696615e-12, 1.1911570569611403e-12, 1.6216319973105242e-12, 1.437397389647607e-12, 1.005875928434656e-12, 1.5251483022259901e-12, 1.8648284097534814e-12, 2.729712452149625e-12, 1.6061885364917868e-12, 1.1086190513029757e-12, 1.9008787549108533e-12, 1.758947478059674e-12, 1.891599498249718e-12, 1.0488620369247236e-12, 1.2320952829462278e-12, 1.8779326586064517e-12, 1.0748534511859565e-12, 2.3162784439272824e-12, 1.3672752928433558e-12, 1.5055257300074014e-12, 1.508631839981313e-12, 1.6719405770970985e-12, 9.977050639558718e-13, 2.308716085534258e-12, 1.4495748145769263e-12, 1.7828543773623817e-12, 1.0443172049452445e-12, 1.732707787360438e-12, 1.3335074400404475e-12, 1.9391333888097165e-12, 8.825019983438576e-13, 1.4803586123755063e-12, 1.0025885695930603e-12, 1.9792405719455793e-12, 1.881536056264788e-12, 1.0699090149016087e-12, 2.757010169698781e-12, 2.001428050078678e-12, 1.3594766508827407e-12, 1.5358214427737278e-12, 2.0764467145824395e-12, 1.3634206468540773e-12, 2.4077414333904145e-12, 1.559664205049426e-12, 1.6010057319819161e-12, 1.0894335739574422e-12, 1.9639389076448977e-12, 9.062748611580722e-13, 2.2926026702745543e-12, 1.952116040839491e-12, 1.2686942242099518e-12, 2.375103114159716e-12, 2.033480101884655e-12, 1.171917224232134e-12, 2.0366849469248375e-12, 2.472702542669005e-12, 7.875305667198713e-13, 1.0420673507330504e-12, 7.382259479844551e-13, 1.2845540267783756e-12, 2.5032067145534782e-12, 1.0169246526689135e-12, 1.6753442463852658e-12, 2.197670956542864e-12, 2.0269508410819873e-12, 1.2919976345830033e-12, 1.6100388161410152e-12, 1.7419909211921959e-12, 1.0918545377475367e-12, 1.4841551826546067e-12, 1.5328817111930116e-12, 1.6142686624568103e-12, 1.6987450264552851e-12, 1.6797052907156659e-12, 1.7661456664681536e-12, 9.136268324620286e-13, 3.265335153884928e-12, 2.4948032439403888e-12, 1.963083699896545e-12, 1.121839757692818e-12, 2.9716577307593345e-12, 1.383500505389382e-12, 2.1095010927478487e-12, 9.495806028199112e-13, 1.7242628827773002e-12, 1.970021323680282e-12, 1.8511284080434274e-12, 1.7862688174968954e-12, 2.9476752325527163e-12, 1.7113788297428945e-12, 1.638752807600338e-12, 2.826362125023575e-12, 1.1949533516113014e-12, 8.487194673511923e-13, 1.3263095220571147e-12, 7.802630981857804e-13, 1.2144905728788829e-12, 1.7078748605110077e-12, 1.5915284858854447e-12, 1.7229298556051682e-12, 1.4220351648395862e-12, 2.5308443839032966e-12, 1.4187153892129244e-12, 2.1809106059108434e-12, 9.181162434637816e-13, 1.3357691650758697e-12, 1.6619047677832425e-12, 1.7965953106771183e-12, 2.8982615732096672e-12, 1.2710918570610274e-12, 1.996242361945611e-12, 1.5025423227485128e-12, 1.5938748532649406e-12, 2.776027688124204e-12, 1.7154528840742383e-12, 9.345661434757e-13, 1.8776662314581063e-12, 9.776374737973763e-13, 1.7949780536394967e-12, 1.919576854485448e-12, 1.666553282853316e-12, 1.22239778341264e-12, 1.3961907216270733e-12]","[1.6399413764538666e-12, 2.403985254396588e-12, 2.21930592566799e-12, 2.273433751371024e-12, 1.540792809323452e-12, 2.455981646800303e-12, 1.934687546071109e-12, 7.630809770170195e-13, 3.3490259738864e-12, 1.469488218722497e-12, 3.026937920096822e-12, 1.3369785714065842e-12, 2.1568279239739723e-12, 2.1528668818474864e-12, 1.3779500442403505e-12, 2.4392634843396016e-12, 2.4602829572079797e-12, 1.6824108594740491e-12, 2.079418352814378e-12, 1.9181220699991963e-12, 1.1070022059296041e-12, 2.2205901102698084e-12, 8.609845786980632e-13, 1.9820712718196042e-12, 1.3423319251091225e-12, 1.5013963023477427e-12, 1.0825921609904897e-12, 2.1027172638005906e-12, 1.4410350072230031e-12, 5.24450688085191e-13, 1.4258539797531663e-12, 1.4631577264265262e-12, 1.7039351946019356e-12, 1.5492798884771747e-12, 1.5136440582823156e-12, 1.151519836863573e-12, 1.551784227265517e-12, 1.5585488346066167e-12, 1.2560774028789677e-12, 2.2924711070152e-12, 1.7907740448363494e-12, 1.5057429417001316e-12, 1.9823118747072356e-12, 1.0607276979787086e-12, 1.704254934602347e-12, 1.6006091558019921e-12, 1.950353370546137e-12, 1.069726113080147e-12, 1.91756111191923e-12, 1.3843067463850318e-12, 3.890755985021665e-12, 1.2373978946673152e-12, 1.8711221463273514e-12, 1.2166084725136493e-12, 1.3037638627997466e-12, 1.906446597261753e-12, 1.7935865196550582e-12, 1.1436723045126616e-12, 2.7856076804412625e-12, 2.7075430782287163e-12, 1.3331125225130754e-12, 1.8280773588673504e-12, 2.0285814517789527e-12, 1.6278004423642681e-12, 2.048664728156991e-12, 2.430604827004695e-12, 1.6645135211142972e-12, 2.0844606581343247e-12, 8.160016078518717e-13, 1.8995689981262436e-12, 9.501143571519245e-13, 1.669025157284532e-12, 1.8243475314569624e-12, 2.0403359111144662e-12, 1.4129340379600643e-12, 5.848845233763316e-13, 1.0983159619588597e-12, 1.860961661302283e-12, 1.131756246308586e-12, 3.42938781092685e-12, 2.477980403360089e-12, 1.1881922032027487e-12, 1.6311257595104163e-12, 1.3974276687231268e-12, 1.827284460377395e-12, 1.5366076480800903e-12, 1.0600897518125406e-12, 1.9708193665759885e-12, 1.5507322738224481e-12, 2.2533648899142805e-12, 2.0249565384168856e-12, 1.4679870674742052e-12, 2.1114785539684892e-12, 1.5474178117798402e-12, 3.020854311234757e-12, 1.461880771841252e-12, 8.789575929776938e-13, 1.0160782677740877e-12, 1.775202877183824e-12, 1.4794685689726698e-12, 1.0668096962142847e-12, 2.807758157668846e-12, 1.6183978351183614e-12, 8.507138371689053e-13, 1.5465926050385262e-12, 2.373193095258797e-12, 1.1117444883914483e-12, 1.6198234235465031e-12, 8.064519582884122e-13, 2.3947531337473096e-12, 1.6274122182904377e-12, 7.47474449304036e-13, 2.3736327794961857e-12, 1.3356409929244412e-12, 1.9841472902702523e-12, 1.3451000501531666e-12, 2.4649985298668085e-12, 1.0479440320395295e-12, 2.2609323549871897e-12, 2.04926880090207e-12, 1.940711760202929e-12, 2.4180707339129123e-12, 1.4211361099628833e-12, 1.6019944099984643e-12, 2.5181100165927803e-12, 2.0000150495595422e-12, 1.4594056798446818e-12, 1.4452461876540738e-12, 2.7179798627963585e-12, 1.0488280505902317e-12, 1.7471902965053042e-12, 1.3806094869765003e-12, 2.053797631142079e-12, 1.7650947097881461e-12, 1.2386361527708495e-12, 2.898696810995168e-12, 3.799186205425249e-12, 1.0342209750811711e-12, 1.4940350651207309e-12, 2.3847455306151667e-12, 3.028106178086871e-12, 3.904031432639315e-12, 1.7789904987778875e-12, 1.1239925960496096e-12, 3.304307896259684e-12, 1.5309962821061163e-12, 2.686056825750234e-12, 3.596214497885087e-12]","[3.840436817839691e-12, 3.2796059275316602e-12, 6.525888010180671e-12, 4.1930738078114666e-12, 4.291041920217281e-12, 3.6040558740647604e-12, 2.2865371758291917e-12, 3.203068886287903e-12, 7.439000566297446e-12, 2.280929874586025e-12, 4.946289447338983e-12, 2.438711369826787e-12, 4.8711315201234574e-12, 4.490067616277302e-12, 3.2083687911862404e-12, 4.8577428796371995e-12, 5.57828090319484e-12, 4.20546683408159e-12, 2.565540962369911e-12, 3.149769854091241e-12, 1.949838668686115e-12, 4.496386814695141e-12, 3.650742498957422e-12, 4.243305257854342e-12, 2.2275954001792608e-12, 2.5648738989580763e-12, 1.7211426476279396e-12, 3.1557510741419528e-12, 2.073814266609064e-12, 2.707364369281646e-12, 3.038338225167765e-12, 2.8532863034849912e-12, 3.883887395712632e-12, 4.12228229707008e-12, 2.0535046835416047e-12, 1.7386990632232425e-12, 2.6524206733288978e-12, 1.7859346637232853e-12, 1.7416873586620259e-12, 2.2934714206684052e-12, 3.482702473300255e-12, 2.7835875103718743e-12, 5.4747340107472894e-12, 2.9662804427550663e-12, 2.5793466169342208e-12, 1.977360628355035e-12, 3.7457780127836425e-12, 1.754473679967427e-12, 4.997208197078005e-12, 1.9781721550504024e-12, 3.673918598094055e-12, 2.8142337629385826e-12, 2.9094604661010608e-12, 3.3218012459346243e-12, 1.5381121264709652e-12, 2.548225633028361e-12, 2.975124733223753e-12, 2.0634106733353903e-12, 3.182943791766364e-12, 2.5827508141655368e-12, 1.6826546844049452e-12, 2.296620080442737e-12, 2.3978532790646716e-12, 2.732442441826802e-12, 4.2691389007966774e-12, 2.8784547050735628e-12, 2.3177577803574383e-12, 5.65676693819741e-12, 1.6305987503571312e-12, 1.39762390488611e-12, 2.6113553357686827e-12, 2.863134839459533e-12, 2.8516017991717373e-12, 1.8429036107607e-12, 1.6881648622377784e-12, 2.1922033068706488e-12, 1.749288800466663e-12, 3.567263424566691e-12, 4.462345863322473e-12, 3.2985609133361873e-12, 4.260756688201792e-12, 2.7558211030026665e-12, 2.6432018108813523e-12, 3.71046489879725e-12, 1.9581058456521263e-12, 4.030307513398609e-12, 3.2764108118352548e-12, 2.6295005024628462e-12, 4.642281699692704e-12, 2.5623060342430256e-12, 2.9510533520017217e-12, 6.4273288650198114e-12, 3.2393185801525827e-12, 1.6902444927486357e-12, 3.6207211891704236e-12, 2.0011298367965886e-12, 4.284173440122195e-12, 1.8994479775875793e-12, 2.0378308771450297e-12, 3.966195379514146e-12, 1.3653151552859443e-12, 4.621768525779897e-12, 3.0356089017198042e-12, 2.8896218213889174e-12, 2.777291281512255e-12, 3.4173299369325738e-12, 1.3630448262874143e-12, 3.826844961235795e-12, 2.2201912191858064e-12, 5.1339662292506506e-12, 2.388338882064996e-12, 2.524215301739849e-12, 3.736680720407161e-12, 3.3626384809254443e-12, 6.477652205457144e-12, 2.6280660420158834e-12, 4.845381637859658e-12, 3.277813442781573e-12, 4.656220546915767e-12, 3.617182950363203e-12, 3.945552374341578e-12, 3.325428505715808e-12, 2.470293441925167e-12, 2.5748910525907417e-12, 3.1681754834226827e-12, 2.8316284387377845e-12, 2.1189205601771463e-12, 3.1955636295454122e-12, 3.2340360267317365e-12, 2.1223096601161465e-12, 4.35535499031959e-12, 3.829392489519319e-12, 2.642141682005585e-12, 2.1292164065934446e-12, 5.683518313593844e-12, 5.1142191466114254e-12, 9.66648219109716e-12, 1.0172630092580061e-12, 2.8873649570721e-12, 4.400943018359402e-12, 3.845912514471878e-12, 4.365061192512939e-12, 4.635022633956094e-12, 2.6376051448932245e-12, 5.425174613957711e-12, 5.052748976163134e-12, 5.471926159450402e-12, 5.5532758107491575e-12]","[6.2777419988918545e-12, 6.200701041168483e-12, 9.114384551466823e-12, 1.4445290610356711e-11, 6.7676754407363125e-12, 7.262429063457214e-12, 7.1578599653979355e-12, 6.7060451730368025e-12, 8.717246660942723e-12, 4.090078441323292e-12, 1.1646275672253353e-11, 9.541214754544351e-12, 9.071470629795826e-12, 1.560959059512676e-11, 5.388880749964472e-12, 4.422232034290842e-12, 6.652654398722454e-12, 6.5036980615405944e-12, 1.2141216225703483e-11, 5.7112146742211914e-12, 1.7312867808330783e-12, 5.149522368464543e-12, 6.328248752386867e-12, 4.300082685298108e-12, 2.1827504053454887e-12, 2.499968005958669e-12, 1.7520363458619472e-12, 4.633611062097271e-12, 2.83655568093346e-12, 3.2935905967735342e-12, 5.866057739058128e-12, 3.650689327086564e-12, 2.719026203774786e-12, 3.4429640431783473e-12, 3.909609036888064e-12, 5.922461470036824e-12, 2.5224131625856025e-12, 4.1684066390380415e-12, 2.097173006604721e-12, 2.013578739969643e-12, 4.4543540897462774e-12, 3.6012160567787706e-12, 3.7783339969541594e-12, 2.3601505306262997e-12, 3.840357424498327e-12, 2.1340285055446158e-12, 4.08176047837894e-12, 1.7392298369675994e-12, 2.2387307680065867e-12, 2.0743142589905573e-12, 4.394905937800788e-12, 3.0184942585410244e-12, 4.03644256463043e-12, 3.221457332272323e-12, 3.306894644017211e-12, 3.08873287402887e-12, 2.4406665028433703e-12, 4.137693966418785e-12, 2.646970000861897e-12, 2.8644219918232336e-12, 3.0090094831881813e-12, 2.2289941126185487e-12, 2.0855180399532536e-12, 2.132467101127273e-12, 2.4095649528621214e-12, 3.5077779043291877e-12, 2.8426164547422174e-12, 5.841749441329332e-12, 1.243155291023649e-12, 9.522910035677907e-13, 4.367803848448874e-12, 1.8979741767228563e-12, 3.1137696592365715e-12, 2.5331133856030857e-12, 1.9038388879166574e-12, 3.089571579651919e-12, 2.413013087744599e-12, 4.678047840008833e-12, 2.924608107159783e-12, 5.600076365829555e-12, 6.003038135300391e-12, 2.2631874613261272e-12, 5.157652345532215e-12, 2.2491489800942833e-12, 2.3991581257298356e-12, 3.1050993586163662e-12, 1.6216521306929353e-12, 2.7067185209589573e-12, 5.641962866346429e-12, 3.197367592124892e-12, 2.738241607983996e-12, 2.3287792017143165e-12, 3.49964481573087e-12, 3.462532779297953e-12, 3.1945687254462137e-12, 1.5630044825319012e-12, 1.4055111502342827e-12, 2.5967514359096898e-12, 1.4274903898060701e-12, 2.54644779124227e-12, 1.2863357114406713e-12, 2.558546139610564e-12, 1.534550534419795e-12, 2.38083670690431e-12, 3.1523046192726144e-12, 1.7066882548776846e-12, 2.0083074896973925e-12, 3.029302049853942e-12, 1.687545802420606e-12, 2.483382393132286e-12, 2.197995925596539e-12, 2.823078418532182e-12, 2.26708514301361e-12, 2.1891397876651283e-12, 4.477757894659115e-12, 3.727311324049193e-12, 2.473447414627173e-12, 2.105855171280376e-12, 3.619844307680924e-12, 1.6937667391408067e-12, 2.0051787458066493e-12, 1.5908411429356491e-12, 3.0969805888396876e-12, 2.9993199720019475e-12, 2.7819257574412926e-12, 2.618602858632728e-12, 2.4300939904916535e-12, 2.724550129888872e-12, 3.964443522775974e-12, 3.790536736889519e-12, 4.057161132566277e-12, 1.8744894696023764e-12, 3.761828407389648e-12, 2.2115596444685157e-12, 3.252756112152041e-12, 3.4466706536118436e-12, 6.488348380571135e-12, 3.1148614937102535e-12, 3.942036659246885e-12, 3.0590601759984553e-12, 7.51006917568804e-12, 4.375324780919252e-12, 3.792591198645014e-12, 2.642057832484732e-12, 3.1730400515240484e-12, 5.315245119214859e-12, 3.3600925261315693e-12, 4.265602459988114e-12]","[4.802249257304068e-12, 5.689829399897386e-12, 3.216405540762485e-12, 4.0292957536478174e-12, 1.8078986537647292e-12, 2.8763438248311235e-12, 3.6861461194869565e-12, 2.7208326159726707e-12, 2.8448787112119703e-12, 2.0228430781023325e-12, 3.1379623185589665e-12, 2.723090862787095e-12, 2.929738211425277e-12, 4.897387753264273e-12, 3.728541352625162e-12, 2.0636976836718195e-12, 4.346898351142299e-12, 3.3313886519937085e-12, 3.4903261114731998e-12, 3.455519486126837e-12, 1.928874334062645e-12, 2.2040125125874152e-12, 2.708643133007919e-12, 3.377556387024001e-12, 2.435399730323817e-12, 2.0887216088294403e-12, 1.9008356227584957e-12, 4.672263115582444e-12, 2.315058530619755e-12, 2.96769590877593e-12, 5.355144101830561e-12, 3.5644561744682575e-12, 2.6288074540627898e-12, 1.5737845740362332e-12, 2.0736622922596186e-12, 2.406341184655946e-12, 2.4811140429731435e-12, 3.0070454114348248e-12, 1.3613205829621173e-12, 2.1964220966872023e-12, 2.2898410551353607e-12, 3.5487036939356757e-12, 4.85340523934405e-12, 2.1282838036320484e-12, 4.770704547911891e-12, 1.4987587172835958e-12, 3.32828465942679e-12, 2.6509470876085675e-12, 2.8942217362777917e-12, 3.297663242372224e-12, 3.463909877164164e-12, 3.027147283179162e-12, 3.8492235663294444e-12, 2.780153962592059e-12, 4.432010484384018e-12, 2.664036020144495e-12, 2.3332189446961755e-12, 2.5574454170047375e-12, 2.4277879624763984e-12, 3.3174644360895638e-12, 2.6092315143687188e-12, 1.6142724768937876e-12, 2.0765846692206178e-12, 2.5480445626185388e-12, 2.4372569779808147e-12, 3.1198143030684255e-12, 2.8972511079753356e-12, 4.098884730860804e-12, 2.057893009449283e-12, 2.282436590807702e-12, 2.096008455867102e-12, 1.6500610523673593e-12, 2.6283094448988986e-12, 2.240851526058586e-12, 3.3236929527061743e-12, 1.717851637945247e-12, 3.892689384989992e-12, 4.085275971433073e-12, 2.779253864310606e-12, 4.272608102960973e-12, 4.264352735378203e-12, 1.995712224176373e-12, 3.686030206127441e-12, 2.3655460381921764e-12, 2.3273357711814233e-12, 2.989322007762649e-12, 1.1265073985963665e-12, 1.7010231408042737e-12, 4.059038951672635e-12, 1.6406900977355763e-12, 4.656624842433702e-12, 2.5397762990039548e-12, 2.271801382918239e-12, 2.78216747338717e-12, 4.194324016513625e-12, 1.6693033755422132e-12, 1.391300383179459e-12, 3.0095021905710495e-12, 2.1382581453764893e-12, 2.6280004207865806e-12, 1.7575756955653305e-12, 3.275566408248234e-12, 2.3952736157658e-12, 3.8027660416608995e-12, 2.4475971146474054e-12, 1.99527107022029e-12, 2.5611390602166083e-12, 2.0426144777559284e-12, 1.4862799768939867e-12, 1.8785511674164725e-12, 2.780134858543876e-12, 2.114379791598402e-12, 1.4348185532357245e-12, 2.8154889444424485e-12, 2.467115077151251e-12, 3.6311198453770175e-12, 1.9104532067633567e-12, 1.850334914074033e-12, 2.0462725865035917e-12, 1.9733036252044285e-12, 1.5495563136959687e-12, 1.3210059553227915e-12, 4.006086151208372e-12, 2.513994397817513e-12, 1.4370943018823625e-12, 2.202251928467132e-12, 2.1215135148497987e-12, 1.7198426848938106e-12, 4.203826503145597e-12, 3.897676737749653e-12, 3.395629149166324e-12, 2.145054585581272e-12, 2.351520277961572e-12, 1.406680910664486e-12, 2.9891157780829915e-12, 2.3922258579602517e-12, 5.136634568198914e-12, 3.3336086699427005e-12, 3.8027110726254265e-12, 2.579484295847761e-12, 4.173129762499895e-12, 2.3395511388747155e-12, 3.4285050663753277e-12, 2.8326763682237097e-12, 2.9137966022952356e-12, 5.01091086486149e-12, 2.5835973666993804e-12, 2.8520783906674745e-12]","[4.2408809470617456e-12, 6.0572930177567155e-12, 3.344753067736069e-12, 4.100186104331553e-12, 1.874870226163307e-12, 2.8428247808725535e-12, 3.5538161015594258e-12, 2.7891187146070534e-12, 2.6763228244616872e-12, 1.9645745086538058e-12, 3.2423759429588882e-12, 2.5022775551694963e-12, 3.1335331831792844e-12, 4.610251148368631e-12, 3.763248434477994e-12, 2.298278026491605e-12, 4.16173517829253e-12, 3.1516072042829943e-12, 3.3742508100993294e-12, 4.001241681473522e-12, 1.6481770471649773e-12, 2.4066896277386455e-12, 2.5383856744864343e-12, 3.439797809974455e-12, 2.3981285271583517e-12, 1.6309777177281776e-12, 2.0851947372299403e-12, 4.542807808189983e-12, 2.1811340860836563e-12, 2.983065328118213e-12, 5.3255845911390884e-12, 3.6122863765177666e-12, 2.8002854393388837e-12, 1.7323551775653538e-12, 2.029098958242251e-12, 2.575225007295057e-12, 2.2663547230394295e-12, 3.0447906363516237e-12, 1.3926907585897618e-12, 2.0001867148406706e-12, 2.6079065536081493e-12, 3.5305107634980864e-12, 4.727250138031067e-12, 2.046744262604181e-12, 4.992156389882879e-12, 1.6668780633501179e-12, 3.0915996953716394e-12, 2.772774715685998e-12, 2.510000620435778e-12, 3.4081843064521435e-12, 3.722139022900541e-12, 2.834937936820288e-12, 3.6377966526252485e-12, 2.8537789001525544e-12, 4.620776841260173e-12, 2.9789701263752987e-12, 2.288618892567648e-12, 2.522880049004743e-12, 2.264716193099346e-12, 3.5787662866556614e-12, 2.6316461358141055e-12, 1.904085207310393e-12, 2.0901570875171983e-12, 2.351530467675051e-12, 2.4719743817383443e-12, 3.200444908098149e-12, 2.7912606519355884e-12, 4.0423445916448055e-12, 1.6740177470745238e-12, 2.2604272476389445e-12, 2.4896483272391345e-12, 1.645131670654551e-12, 2.722645135480191e-12, 2.201227140711072e-12, 2.9921344113869855e-12, 1.8006722521277201e-12, 4.0498263317979866e-12, 3.651585702827592e-12, 2.5655283202543082e-12, 4.273790905868194e-12, 4.231597652155217e-12, 2.1510024003101497e-12, 3.86731852272307e-12, 2.165012691528843e-12, 1.880966864931585e-12, 3.013217232522678e-12, 1.0240648712661515e-12, 1.9301211902832597e-12, 4.236283214076287e-12, 1.511760132651486e-12, 4.684247922251494e-12, 2.47335812534125e-12, 2.477852269854776e-12, 2.4336804243554413e-12, 4.298455250317413e-12, 1.4760204412732183e-12, 1.5679430660991136e-12, 2.4407563300371023e-12, 1.8955252015647056e-12, 2.4796618329778103e-12, 1.9991696752368508e-12, 3.1650169019436442e-12, 1.9258767797790716e-12, 3.691006719584513e-12, 2.5259860790397724e-12, 2.1669293067522066e-12, 2.620462172749994e-12, 2.0387320891651624e-12, 1.4966598914768787e-12, 2.0239512611022958e-12, 2.7557074154063236e-12, 2.2160272772777515e-12, 1.6271124964413355e-12, 2.582477432978961e-12, 2.539171532044653e-12, 3.4384080515802754e-12, 1.9450605910953916e-12, 1.933944079177585e-12, 2.0797937425392615e-12, 1.8461275974123655e-12, 1.6136914868269393e-12, 1.3281651325345503e-12, 4.1448415687005774e-12, 2.3170974035497366e-12, 1.4527532230629683e-12, 2.3442967941787837e-12, 2.5402688372819545e-12, 1.7270588295300585e-12, 4.070829592346818e-12, 4.371790449928422e-12, 3.0603461098207125e-12, 1.90020698408713e-12, 2.5768419455220287e-12, 1.298508448758212e-12, 3.0299030153922374e-12, 2.4081820753001647e-12, 5.591739149988079e-12, 3.0224607003952243e-12, 4.226127577381017e-12, 2.821823487675993e-12, 4.240389899923097e-12, 1.9857455082662246e-12, 3.2632613904190606e-12, 2.8147583184669387e-12, 2.9889241488455153e-12, 5.2099157977375775e-12, 2.1003413813633695e-12, 2.5370235856323466e-12]","[4.160206068568615e-12, 1.8538289260929328e-12, 3.411673101433305e-12, 3.793865219381965e-12, 1.6623600382813113e-12, 1.8072355152416192e-12, 2.155382403380217e-12, 3.8743301966017755e-12, 3.5753145811394466e-12, 2.245793691991171e-12, 2.5732959833285496e-12, 2.155418436381196e-12, 2.531063743195775e-12, 1.474684969614041e-12, 1.5195045015965635e-12, 3.2472039245811744e-12, 1.130391320963102e-12, 2.4581723513682124e-12, 1.2476383095053392e-12, 2.34954814064109e-12, 1.5331126380631884e-12, 2.7311706998051097e-12, 2.662006102765179e-12, 1.715064887732951e-12, 4.0608840297733425e-12, 3.331731658836759e-12, 1.8036338877335067e-12, 1.2838813400259745e-12, 1.6419538424891872e-12, 2.273302375033746e-12, 1.797779169930895e-12, 1.4719868217379612e-12, 3.2416312604766032e-12, 1.6552256540866702e-12, 1.469591282409176e-12, 2.362011397700125e-12, 1.1998304539836956e-12, 1.8476706405902946e-12, 1.7038992290887727e-12, 1.015324581585517e-12, 2.1327108795251855e-12, 1.5377067754227104e-12, 3.7468829564661076e-12, 1.859136072704494e-12, 1.3079825417160642e-12, 2.8847977807750777e-12, 2.0096896228588958e-12, 1.6336653365663924e-12, 2.2735833863829007e-12, 9.789220490627161e-13, 1.8030703472939003e-12, 1.781825051609631e-12, 1.5674546243574566e-12, 2.1806207739417392e-12, 2.3718756647841313e-12, 1.9556618882832266e-12, 1.560598439336336e-12, 7.917088693745444e-13, 2.653059847365455e-12, 2.673032158123277e-12, 2.2030873785205645e-12, 2.673763970274261e-12, 2.3788856782805572e-12, 1.2049088265258743e-12, 1.8254449891102323e-12, 2.5677956647032036e-12, 2.1293662329963946e-12, 3.758819704108008e-12, 2.8373435439648314e-12, 2.1021027471169824e-12, 2.174113742418554e-12, 1.971180333300843e-12, 1.5809585521029037e-12, 2.487245886424464e-12, 3.2045306741315257e-12, 1.1361000821933565e-12, 2.0675449533534996e-12, 4.112182292482204e-12, 3.79389839816774e-12, 2.932909168198412e-12, 2.9698486507651464e-12, 2.4184900641182595e-12, 1.888842144714754e-12, 1.519077117617606e-12, 2.1379369038004037e-12, 4.076005344580883e-12, 2.0022296437172695e-12, 2.009102219508339e-12, 3.0318163583980738e-12, 2.5644694749987394e-12, 4.41237938460921e-12, 1.3402094037963497e-12, 2.00967040277417e-12, 1.8054124574792763e-12, 4.400685846759758e-12, 2.669488897284215e-12, 2.2085063042977188e-12, 1.30890482650516e-12, 2.2870010388465596e-12, 2.8338579812301845e-12, 1.5762707970560216e-12, 1.812221312008916e-12, 1.8551653019775612e-12, 2.0308677158553314e-12, 1.7036651435605413e-12, 2.2676400407751726e-12, 5.623957592236324e-12, 2.797411241547185e-12, 1.6354578473475896e-12, 1.2797847480042928e-12, 3.862471626564299e-12, 2.6023895502668953e-12, 3.3273545602890316e-12, 3.4914624481612308e-12, 3.5018089157152702e-12, 2.150197577405597e-12, 2.893621534646708e-12, 2.0395996876718457e-12, 1.5070397346975846e-12, 2.95473813822723e-12, 1.6737201292060352e-12, 2.2632576007743166e-12, 4.93697102980933e-12, 1.3929753867848482e-12, 2.5842709881846935e-12, 3.0088384273577473e-12, 2.231883212177441e-12, 2.029207020954628e-12, 3.434090559454164e-12, 1.7490955409607532e-12, 1.9901448890542775e-12, 2.8500549250841882e-12, 2.1726902513415656e-12, 3.4183439007900152e-12, 1.579009560563109e-12, 1.848537084388958e-12, 2.5896520856097897e-12, 1.9090120735677357e-12, 3.1236622668902495e-12, 1.2455196605393299e-12, 3.680443260893825e-12, 4.8127781018869655e-12, 3.3278004359976585e-12, 1.7565387226650194e-12, 2.767978364656428e-12, 8.795049893731248e-13, 3.851292558685933e-12, 2.6512991424720043e-12]","[4.290115817847134e-12, 3.94960534337619e-12, 2.799334679744017e-12, 3.673544342581835e-12, 2.405815167856641e-12, 1.5298728572732883e-12, 1.7965136048877105e-12, 2.939706025764674e-12, 5.277957998208029e-12, 2.8409628797860413e-12, 3.1391113298929804e-12, 1.8378716729243335e-12, 3.726043547798153e-12, 2.5585555413231567e-12, 2.712363732301033e-12, 2.6335879720193237e-12, 2.3018123499548197e-12, 5.078256118142702e-12, 2.5446578292421434e-12, 1.5632692400878321e-12, 1.753019482860668e-12, 2.6966100153235036e-12, 2.6908325205686715e-12, 3.401956716681817e-12, 1.954672604060572e-12, 2.0153686374222532e-12, 2.5699282783440407e-12, 2.9672282732732353e-12, 1.6623222191099787e-12, 2.745592485049152e-12, 4.7905563928858114e-12, 2.9047298722596106e-12, 2.979092466061033e-12, 2.4438729569445196e-12, 2.237402535484515e-12, 2.8724782698068645e-12, 2.400090605919364e-12, 2.4973106877069692e-12, 1.5335234869872364e-12, 2.2600572898588037e-12, 1.8763442161333186e-12, 3.5373285299123298e-12, 3.987279492496425e-12, 4.125154269620417e-12, 2.0587710607827217e-12, 3.570280464236069e-12, 2.9099300160011937e-12, 3.2887672561592013e-12, 3.459799107610668e-12, 2.2646801131899507e-12, 1.8731426501808506e-12, 1.6977029703251201e-12, 2.712278626402473e-12, 2.773096867597361e-12, 3.0007202394657122e-12, 2.9634015053341163e-12, 2.5179420529433284e-12, 3.5530240143779444e-12, 2.388749858015825e-12, 3.5152890110507944e-12, 2.6257643043160547e-12, 2.0418884292979087e-12, 2.457657357108213e-12, 9.431434743598023e-13, 2.4816398109955937e-12, 2.5704661659223825e-12, 3.178234214328269e-12, 4.099933591760667e-12, 2.2133685730327955e-12, 4.2073160043217214e-12, 1.9847165091131712e-12, 1.3084005517360636e-12, 3.3163435016296145e-12, 2.8974653595449667e-12, 1.710529163715237e-12, 1.0768058900210672e-12, 1.8535754923241445e-12, 2.593704761405856e-12, 4.1595754777852526e-12, 3.676840562105201e-12, 2.797014592666256e-12, 3.4204639962120593e-12, 3.228546372819383e-12, 1.8324484053293666e-12, 2.163053698754231e-12, 7.823604025774339e-12, 2.2507150540746924e-12, 2.978224169908377e-12, 2.619177729559794e-12, 1.824762367533588e-12, 9.046410171976674e-12, 3.6065758888815893e-12, 2.463835917867813e-12, 2.7878534093848528e-12, 4.2566137931891735e-12, 2.3798549379367597e-12, 2.6680749865722745e-12, 4.134386877782428e-12, 4.827310895196944e-12, 2.854463933039847e-12, 2.3211396573904736e-12, 2.9859411230789554e-12, 3.122381086576172e-12, 4.6448448121863986e-12, 2.3818450565847377e-12, 3.656493298999223e-12, 4.933331101602653e-12, 4.379187563108812e-12, 1.1996148650398435e-12, 1.150904804333202e-12, 3.6062495406338925e-12, 2.7796871068828348e-12, 3.872049351502451e-12, 3.5436204338540274e-12, 2.9533761561635726e-12, 2.973962319108011e-12, 3.955594904378334e-12, 2.5289870332141785e-12, 1.4161576902591005e-12, 2.6099811111705814e-12, 3.6076102455368537e-12, 4.615980260400757e-12, 6.249889541628109e-12, 1.4530231858171404e-12, 2.8538714121660196e-12, 2.6788419120227114e-12, 2.1349598001030877e-12, 3.9679209287257334e-12, 2.924928992942292e-12, 3.3708241014500394e-12, 3.275106462772464e-12, 2.481424974104212e-12, 3.4457971178072955e-12, 4.89465255394582e-12, 2.796401073464491e-12, 1.7784773653500968e-12, 3.653287966808239e-12, 3.010918523789228e-12, 2.484224952840853e-12, 2.5436539562131715e-12, 2.5786399815850653e-12, 5.303801485515314e-12, 3.48685224551876e-12, 2.2824337165809526e-12, 3.075302713791435e-12, 2.6276430266171236e-12, 3.6871763540018464e-12, 3.9504032542303584e-12]","[2.1978249464208182e-12, 3.487244672337481e-12, 2.6709343408732856e-12, 4.46844221832497e-12, 1.6597336614992863e-12, 1.3790107198025837e-12, 1.4766141761310403e-12, 3.645062315376498e-12, 3.2627059385353147e-12, 1.924355675200765e-12, 3.407741526690559e-12, 9.951371612503374e-13, 2.3940806012291175e-12, 2.2441906786397235e-12, 2.356385160282327e-12, 1.8940656166705042e-12, 1.936122969587362e-12, 3.1235004275098805e-12, 2.2193021634806736e-12, 2.442196868527761e-12, 2.030732735855516e-12, 2.21784751044653e-12, 1.6584583772130917e-12, 2.051014282146194e-12, 3.116238768131643e-12, 1.4412494597896765e-12, 2.674722283223767e-12, 1.383963370674592e-12, 2.298558715880431e-12, 1.665889473635955e-12, 2.0432616664318044e-12, 1.0631533648339261e-12, 2.4014426527222476e-12, 2.3954700630715246e-12, 1.973949960063451e-12, 2.394903355151474e-12, 1.4877069133058437e-12, 2.522420443228943e-12, 2.5463828533546442e-12, 2.1250313140637323e-12, 1.8176947704030922e-12, 1.3854754792314671e-12, 2.63720801945468e-12, 2.1384039905820497e-12, 1.9203546570467075e-12, 3.2379139937100897e-12, 2.688547498224362e-12, 1.784637477709952e-12, 3.313335960268709e-12, 2.3443093626813337e-12, 3.189216238249166e-12, 1.5874394512900385e-12, 2.205404549074089e-12, 4.186709180010368e-12, 3.179688081683885e-12, 2.839114912531352e-12, 3.959314957634014e-12, 2.154305538636089e-12, 3.741085752425333e-12, 2.7752972741172498e-12, 2.7873986053058988e-12, 2.300633426879813e-12, 1.7169972393729716e-12, 2.209092361399707e-12, 2.2677806179199897e-12, 1.814972675478191e-12, 3.2875227546330137e-12, 3.649636632185528e-12, 2.709358712543513e-12, 2.664230875040856e-12, 1.7316663737422975e-12, 1.387582750830572e-12, 1.7822678950888236e-12, 2.0648767722535545e-12, 2.090321518287512e-12, 2.3051650000990855e-12, 2.2938221486243506e-12, 3.0086582856505114e-12, 3.7859612634738574e-12, 1.4476794843652895e-12, 2.219730917674453e-12, 3.5929622988533227e-12, 2.205702464536176e-12, 2.4389123238826465e-12, 2.862272935745715e-12, 4.626668927636357e-12, 2.072206172303167e-12, 1.9946739183514254e-12, 2.0666660696546146e-12, 1.2233963009435587e-12, 4.9887159530831144e-12, 3.4105159098134054e-12, 2.240888614256363e-12, 2.5753829045623885e-12, 3.46954269394501e-12, 1.877512308613781e-12, 2.242431814868882e-12, 1.4335948752778516e-12, 3.1772637056352962e-12, 3.4182614733002837e-12, 2.7657672475291403e-12, 2.3315113951277515e-12, 1.9226987828011884e-12, 3.047257173280932e-12, 3.1643329959878164e-12, 2.0988995251092367e-12, 4.358125993019364e-12, 1.6574473899422975e-12, 1.6147302702744711e-12, 9.806376350224495e-13, 2.4011089500413326e-12, 3.017167637376383e-12, 3.847913076240101e-12, 3.663037019741806e-12, 2.8543214713390714e-12, 1.7158693659524902e-12, 2.2967641707110043e-12, 1.6482249105154413e-12, 2.621502856550944e-12, 1.907694580935845e-12, 3.743693729908007e-12, 2.7733943908951498e-12, 5.153352089398218e-12, 2.11804142266411e-12, 3.04126818878708e-12, 1.846555949786286e-12, 3.5021325910651775e-12, 4.134695323887717e-12, 1.5411888423422422e-12, 3.41939958302306e-12, 2.622686301473532e-12, 1.1677592802924422e-12, 2.509793764675799e-12, 3.8845738870613355e-12, 2.3340465273403288e-12, 2.3766382062018598e-12, 2.034860229176733e-12, 2.37416577918133e-12, 3.0650276985874657e-12, 2.5582937307291464e-12, 4.87251862541778e-12, 5.317868549605967e-12, 5.101041401627846e-12, 1.4102893016100883e-12, 4.154727584893613e-12, 2.731655747261611e-12, 4.928217249448858e-12, 3.3604464175163522e-12]","[2.434181750942225e-12, 1.3526867762470989e-12, 1.2850594902003746e-12, 1.528264466933701e-12, 1.3829450368310262e-12, 1.185616682272813e-12, 1.4865981289812906e-12, 1.734483852016882e-12, 1.0947516975652025e-12, 9.029785607820663e-13, 1.149140281313559e-12, 1.0598914305412939e-12, 1.6585973952757422e-12, 7.29442901417855e-13, 9.125327583503868e-13, 1.0983032294865932e-12, 1.0922847966552972e-12, 9.417182339727958e-13, 6.059586502969412e-13, 1.182925133901477e-12, 6.830299828929998e-13, 1.4450875613074663e-12, 1.3334351090052688e-12, 7.835746048605858e-13, 1.963573022428507e-12, 1.518250230972622e-12, 1.0216756979470772e-12, 8.308674598587089e-13, 9.986947587318124e-13, 1.2097167070633138e-12, 8.005826544744336e-13, 4.95941548592052e-13, 1.6442021487730361e-12, 7.690215054530766e-13, 6.71283100455312e-13, 9.101661029916133e-13, 7.378143447273173e-13, 1.0716949043975828e-12, 1.216869533644838e-12, 5.505697931330947e-13, 1.3642885592176777e-12, 9.558232772577813e-13, 1.493797607354809e-12, 9.991517619005839e-13, 1.3011264511694356e-12, 8.661202753287283e-13, 6.726659529827993e-13, 8.253471312116828e-13, 1.1475190974701332e-12, 8.423382626817162e-13, 9.898263054627687e-13, 1.0097067943955187e-12, 1.1956323703550165e-12, 1.0340141864058722e-12, 1.0558612064628708e-12, 4.0585379945555017e-13, 1.1509926699261616e-12, 4.840022048357223e-13, 1.1550526156822043e-12, 9.974384471228477e-13, 1.0726687513410046e-12, 1.2672814183424264e-12, 1.2518932634758357e-12, 8.609426946832185e-13, 9.417111767983752e-13, 1.7241917291267145e-12, 1.046604634100101e-12, 2.6825420906943667e-12, 1.4441998748825413e-12, 1.1750937337280097e-12, 9.780447696702957e-13, 1.1357891143001266e-12, 3.811419932987604e-13, 1.1302408115714305e-12, 1.5634238909571808e-12, 8.738158645085675e-13, 1.7600392701452332e-12, 1.3714662924210426e-12, 1.0430397927925674e-12, 9.546904752317985e-13, 1.6586850081170464e-12, 7.302755039842339e-13, 7.959799804731382e-13, 7.60634399786581e-13, 6.697983053300201e-13, 1.4774150718520882e-12, 1.0063664088861059e-12, 8.619872754351592e-13, 1.513634701037e-12, 1.9990116894070485e-12, 1.0883671780375859e-12, 1.2510383771318445e-12, 1.2598110807242254e-12, 6.738583304751906e-13, 1.471699714135051e-12, 1.2004974916247464e-12, 1.2609428650697982e-12, 1.2734912131434681e-12, 9.528847577942604e-13, 1.667532151225334e-12, 5.86569420795429e-13, 1.7223034702483468e-12, 1.0137605062687489e-12, 1.1776017079008069e-12, 1.4865987705218587e-12, 1.526389000654767e-12, 1.4747898406167256e-12, 1.3219646857865198e-12, 7.562287689856044e-13, 9.21176279362793e-13, 9.124950467356347e-13, 1.6241395214571696e-12, 1.2890429000361772e-12, 1.976809570288647e-12, 1.91540975834067e-12, 9.941633251228102e-13, 2.2408329899239728e-12, 8.383456634289851e-13, 6.079959259346826e-13, 1.0725753878687988e-12, 5.424558513075972e-13, 8.909002752669528e-13, 1.4311240956541272e-12, 5.092486317429023e-13, 9.647825588194796e-13, 1.114062830428845e-12, 1.72974324992059e-12, 1.1760763447493235e-12, 1.3376794859491219e-12, 8.442198901356841e-13, 1.1486477655430134e-12, 1.3581496718999234e-12, 8.654303773796881e-13, 1.5970918968726354e-12, 8.783566451351878e-13, 1.0022992779051474e-12, 1.9842893310853164e-12, 8.508521934155589e-13, 1.548829903591692e-12, 1.183806835171026e-12, 9.887815877334619e-13, 1.1466103959798365e-12, 1.0094478265217285e-12, 1.2409411144537517e-12, 1.2752887147374932e-12, 5.068285682772544e-13, 1.561782578562634e-12, 1.1186425172399826e-12]","[1.7206195034364323e-12, 2.218776599539289e-12, 2.668339791969132e-12, 2.332890902000242e-12, 2.139318013492936e-12, 7.768128963726098e-13, 1.4603110995983397e-12, 1.5217964866416955e-12, 3.1417751364547297e-12, 1.6110695712380073e-12, 1.3641458487488893e-12, 1.0976592440041653e-12, 1.92272992699428e-12, 2.005920955166785e-12, 2.5581223120680963e-12, 1.393767628961598e-12, 1.7392698090318577e-12, 2.2983248233943703e-12, 1.083207086307352e-12, 1.527503580455878e-12, 7.192853045182288e-13, 1.5183697642455966e-12, 1.531678997399758e-12, 9.492391026792352e-13, 1.0872116123589076e-12, 1.2427390877963034e-12, 6.606979677578923e-13, 1.880441085448353e-12, 1.3031065930510925e-12, 1.7659473590852068e-12, 3.5682554267603237e-12, 1.6980780646641517e-12, 1.2647788519985596e-12, 1.360757226545102e-12, 1.1674171320089498e-12, 7.640408703032761e-13, 1.1722526308433097e-12, 1.2573246992010712e-12, 1.4264684354952672e-12, 1.2546178970528913e-12, 1.2472534616856338e-12, 7.522656185027369e-13, 1.2261145837789243e-12, 1.3994644467495133e-12, 1.4392391744314365e-12, 1.2235064407817446e-12, 1.9273586820539265e-12, 1.1526003094054559e-12, 1.5305076697439871e-12, 8.231280360205342e-13, 1.9740604598840854e-12, 6.387378939649888e-13, 1.4097092398314175e-12, 2.568654269162471e-12, 1.6914132090620754e-12, 2.5387899439388974e-12, 1.0708626485458493e-12, 1.4143267291764214e-12, 7.002188991138842e-13, 1.3773215094827445e-12, 1.7355730468866973e-12, 2.2068723500304946e-12, 1.0330693858508079e-12, 1.2976487930046044e-12, 1.3266433506030135e-12, 2.0708098460550315e-12, 1.3898596742505777e-12, 2.372187139531056e-12, 1.459006316684025e-12, 2.3041973102506934e-12, 8.720141978464573e-13, 7.834183529788062e-13, 8.716096180810706e-13, 1.1291423272993338e-12, 1.953565070269633e-12, 9.055008994531733e-13, 1.732593328380815e-12, 1.6743746251852542e-12, 1.1964968635964917e-12, 1.6811442666093387e-12, 1.8127205713666466e-12, 1.5662668741706724e-12, 9.214246142447634e-13, 1.298912626296893e-12, 1.4747602481490705e-12, 2.7413279919654506e-12, 1.4951824129657278e-12, 2.2964194335421598e-12, 2.76474981200032e-12, 1.2516932246148607e-12, 2.0333622592394885e-12, 2.796152706023935e-12, 2.964284254755261e-12, 1.3572052206503175e-12, 2.2922217159077203e-12, 1.2838710653187664e-12, 1.285085027059265e-12, 1.6178969049705261e-12, 3.116979097696034e-12, 1.3796630143561155e-12, 1.3393894254138824e-12, 9.337623225908974e-13, 1.6592741838082282e-12, 1.3470291153028688e-12, 1.0243238712510594e-12, 1.3135011991366933e-12, 1.2067828915834885e-12, 1.3112461067172113e-12, 1.2643290342749367e-12, 1.1203113899873805e-12, 8.67490469504411e-13, 1.214318576124118e-12, 1.2233560980410244e-12, 1.7700127169826812e-12, 2.085292723825244e-12, 1.293720493113943e-12, 1.977948404446556e-12, 1.911665707793128e-12, 1.9757901595719827e-12, 2.5832966600769697e-12, 1.780580376618955e-12, 1.681309554880588e-12, 2.8401281293201596e-12, 9.078338380360235e-13, 1.3783712106158708e-12, 1.9752052652604072e-12, 1.7300386898460939e-12, 9.45167866560492e-13, 1.7880889706376568e-12, 2.8103127463692797e-12, 3.2138263577997354e-12, 1.2528388760904818e-12, 1.2598224854983586e-12, 1.0244390642000616e-12, 2.0910386469480638e-12, 1.874169689255744e-12, 4.540211661136496e-12, 1.1823602554233448e-12, 1.1931323885119137e-12, 1.5865196772251383e-12, 2.8933514944314198e-12, 1.9532729975593894e-12, 1.8999939677993707e-12, 1.0319453627308078e-12, 2.325642018862971e-12, 1.5476746887550484e-12, 1.4730801450204932e-12, 1.5155999115841253e-12]","[1.6596279370433966e-12, 3.192064962075259e-12, 1.6747186644399996e-12, 1.596024154778173e-12, 8.131596777202781e-13, 6.732057972525381e-13, 1.613723161008961e-12, 1.5086416242849244e-12, 1.6687791618596204e-12, 9.118442527932202e-13, 1.1910025984903374e-12, 5.340459206651075e-13, 8.177217174826079e-13, 8.083358929566328e-13, 6.572989465294983e-13, 1.291163420993287e-12, 7.7764905231461e-13, 1.087530508935333e-12, 1.0785901513636598e-12, 1.0771458786300956e-12, 7.489828032254529e-13, 1.0043357631256344e-12, 7.67844479465991e-13, 8.379055643754542e-13, 1.0657599730958273e-12, 6.238952039820235e-13, 5.991771323824556e-13, 9.902805504413554e-13, 1.3846182579488388e-12, 1.0475047361289132e-12, 7.153430352356676e-13, 8.035168621426047e-13, 9.714463496196457e-13, 1.639144197481673e-12, 6.642127947760023e-13, 8.115518508317334e-13, 1.0746071404475422e-12, 9.22631914437176e-13, 9.888522749698318e-13, 7.638610475543009e-13, 9.722755271453218e-13, 1.1425996927466738e-12, 1.3310068498347363e-12, 6.923197991261173e-13, 7.468450544347132e-13, 1.0916859152258083e-12, 1.5156858828968508e-12, 9.333320687238184e-13, 1.4295828600178322e-12, 1.0276091956697574e-12, 1.908082648044219e-12, 1.0483029226185401e-12, 1.1463294662565698e-12, 9.191897828724264e-13, 6.539027777586894e-13, 2.5591469401917846e-12, 1.4024870006383782e-12, 1.0209980778495143e-12, 1.2758089714289207e-12, 1.0893672315523733e-12, 1.3452428424938362e-12, 9.34169364376109e-13, 1.3301017414525395e-12, 6.683477359926037e-13, 7.125858141013317e-13, 1.10336918056846e-12, 1.6640380026774682e-12, 2.7034088023195403e-12, 8.689494690436214e-13, 8.168184656721393e-13, 1.9004954173855496e-12, 7.467224167024119e-13, 4.10037094072082e-13, 3.826933581417276e-13, 1.0741939817773722e-12, 5.251602423041101e-13, 8.196884731842531e-13, 7.921521386271418e-13, 9.852465841951882e-13, 9.250476501183525e-13, 1.5190918604766617e-12, 2.0257561046439327e-12, 5.223393971957257e-13, 1.0923380316375404e-12, 9.875181211842612e-13, 9.18304679921919e-13, 8.989167925909245e-13, 1.0848702447817617e-12, 1.1447886418489122e-12, 1.2273002877085123e-12, 8.475154438873882e-13, 1.7113383168946956e-12, 1.50943213718082e-12, 7.015548508605581e-13, 1.1163485346699358e-12, 3.538211286001947e-13, 6.458859767510853e-13, 9.199277194777386e-13, 2.1133080072078754e-12, 2.741971981208347e-12, 8.290184608111793e-13, 7.467679424130904e-13, 7.932163083145559e-13, 1.017559246714873e-12, 1.4709964589303042e-12, 1.4334050781965793e-12, 8.014156935482588e-13, 1.202478069183151e-12, 5.500534395433328e-13, 7.769423736303718e-13, 1.027275387340045e-12, 1.0199943023993026e-12, 9.191457546472594e-13, 8.814965950970301e-13, 1.9280665937636038e-12, 5.196686341946385e-13, 9.840859910204316e-13, 8.625992362025174e-13, 1.2294044706668448e-12, 2.2064156353195035e-12, 1.1154401194338728e-12, 1.0341189775056107e-12, 1.3627556189943418e-12, 7.201841803006944e-13, 7.397053659879051e-13, 5.377730727820905e-13, 7.080665003994665e-13, 1.6085230163280168e-12, 8.550224337266031e-13, 1.6420811710651595e-12, 1.0806525590011227e-12, 1.0258375292826822e-12, 8.816678807892875e-13, 1.1364016675459132e-12, 1.2618282937826378e-12, 7.111271926434839e-13, 2.159472399076374e-12, 9.348331542348042e-13, 1.0803264317931306e-12, 1.1802923033010225e-12, 2.28446209905866e-12, 1.2284453140976523e-12, 1.5425020324742518e-12, 1.172308826892733e-12, 1.9028494501854623e-12, 1.1389897398838447e-12, 1.5090543687358473e-12, 2.6868422652228718e-12]","[4.0812805384193136e-12, 5.756385059112923e-12, 2.7408462943777647e-12, 4.150509721896281e-12, 2.3335686517405954e-12, 1.632989892898021e-12, 1.138889462506499e-12, 2.074842832645971e-12, 3.142120007533994e-12, 2.14435210836541e-12, 2.944318065998042e-12, 1.497648415616038e-12, 2.8925183537272267e-12, 2.3534597176938677e-12, 2.8188658270312314e-12, 1.7046902996802982e-12, 4.099249364620371e-12, 1.7967205902028179e-12, 2.844842900313027e-12, 1.943155142146224e-12, 2.2246563340834907e-12, 1.5042044435481127e-12, 1.4734412713897453e-12, 1.6219474404060779e-12, 1.994400007185182e-12, 1.0291926980595255e-12, 1.2989571385690014e-12, 2.6468245507797615e-12, 2.0257223384212915e-12, 1.7203864322638295e-12, 2.996807809206059e-12, 1.3204688883638184e-12, 1.9701675164308746e-12, 1.5619770445433699e-12, 1.680902931121863e-12, 2.901612473429438e-12, 2.899536244279231e-12, 2.7657880010021884e-12, 1.2051054670854857e-12, 2.0692032034326185e-12, 1.9717361583737933e-12, 1.91284549634506e-12, 3.0310590013287316e-12, 2.716463992861869e-12, 3.6040937494021027e-12, 3.526248723074631e-12, 3.992714900940973e-12, 1.6368344997735595e-12, 2.7789571338892933e-12, 3.0300134252263574e-12, 6.066376034627931e-12, 1.1887501598568512e-12, 3.683553247287033e-12, 3.410764986584807e-12, 3.089922046433079e-12, 2.4985615620834927e-12, 3.9874090023214445e-12, 4.201881956859461e-12, 4.280337639218366e-12, 1.9025792104650498e-12, 3.157593269015629e-12, 2.026830474918549e-12, 2.0720347837384086e-12, 2.571841770182193e-12, 2.151053150344881e-12, 2.4384483966620914e-12, 2.3663265715664307e-12, 3.288998370440023e-12, 2.588548625083427e-12, 2.384531680913385e-12, 1.6956742940486025e-12, 2.694932140955564e-12, 1.2739927545011416e-12, 1.9252768573387042e-12, 2.8328046500974624e-12, 1.042413306111899e-12, 3.0581055125731078e-12, 2.3396324529396173e-12, 2.965083920985552e-12, 2.9049298497582934e-12, 3.674924317452696e-12, 4.442667586944951e-12, 1.9671901365128568e-12, 1.5099709906453951e-12, 3.5243450167144464e-12, 1.1187899614503255e-11, 1.3795808211916523e-12, 2.0426051249102282e-12, 2.2705469182176498e-12, 1.5725630077707633e-12, 3.496846228432282e-12, 3.2702313608809897e-12, 1.7385429701776987e-12, 3.8509182624059184e-12, 1.6273991878987213e-12, 1.5688664383779437e-12, 1.7941607087770532e-12, 2.2590660417250537e-12, 5.10471136619508e-12, 3.7335446515730864e-12, 3.5980608985104657e-12, 4.610674897477509e-12, 1.904332293571146e-12, 2.98510697739795e-12, 3.237307703611775e-12, 2.3946293610879937e-12, 2.6452589296854363e-12, 2.5250054043647584e-12, 2.870468402617196e-12, 1.2140096435186459e-12, 1.8444320459850022e-12, 3.949703886839955e-12, 2.777185972021056e-12, 2.9006808900213667e-12, 2.071050623963568e-12, 1.1417534039303606e-12, 2.4597735445542182e-12, 1.5264297421195226e-12, 2.4100446360795196e-12, 2.225482520274742e-12, 2.5263722373219227e-12, 3.2169780823392e-12, 3.8729872794669935e-12, 1.4659724977165513e-12, 1.857059050984424e-12, 2.1663437225331604e-12, 2.6098568477167676e-12, 4.565500849437676e-12, 1.857441051082812e-12, 2.5400224641150367e-12, 1.6588976605308331e-12, 1.4256312286342812e-12, 2.8542687831292372e-12, 2.180395912080525e-12, 2.189534278089737e-12, 1.4988414745968368e-12, 3.2010518512309593e-12, 2.4090267579071734e-12, 3.067916150057724e-12, 2.286364327987258e-12, 4.857910312924204e-12, 5.957242908011825e-12, 4.0149677220691506e-12, 3.941406896310576e-12, 4.651535306961617e-12, 3.805185392380542e-12, 3.010671007416628e-12, 2.3598114623988904e-12]","[5.597745233463987e-12, 3.643560488294552e-12, 4.000783858668786e-12, 2.9205953501014593e-12, 2.1421252999355373e-12, 2.983823674573439e-12, 2.8028306137925958e-12, 1.9391063982168084e-12, 2.518333735931394e-12, 2.642310282433522e-12, 4.405263010192867e-12, 2.0470343400640964e-12, 3.8597730683823515e-12, 2.296657967757511e-12, 5.386676169130048e-12, 3.9833633260872635e-12, 9.265920702957182e-12, 4.1028681825815825e-12, 6.0059910089854826e-12, 5.3004381391834435e-12, 3.096018254796868e-12, 2.3426047315689103e-12, 1.0547074965254561e-12, 2.0037084455490466e-12, 2.990115852584321e-12, 2.3412510119517486e-12, 2.9381110608697875e-12, 6.260411604154029e-12, 2.6024216492896912e-12, 4.44212379877911e-12, 8.606486498738567e-12, 2.499796133940221e-12, 4.0865116269902295e-12, 3.924502731726887e-12, 4.335077598071126e-12, 4.836383943742663e-12, 3.0924399840291648e-12, 4.119126302192609e-12, 3.0443990038478787e-12, 4.867374823415842e-12, 3.998077279889826e-12, 2.1917717035738668e-12, 4.761539661766281e-12, 4.089984067504629e-12, 3.275121283784688e-12, 5.085392294914855e-12, 6.821774363922252e-12, 2.4658243803604464e-12, 5.508880996729733e-12, 2.123343215846133e-12, 5.5559920230368286e-12, 3.1283348787675414e-12, 4.048852096336387e-12, 4.366793887047211e-12, 5.5941834596136044e-12, 2.3891861222116566e-12, 2.9108139463718037e-12, 4.0742222797248715e-12, 7.416172930116455e-12, 2.3397835479302115e-12, 5.206385387076099e-12, 2.6330988451148404e-12, 5.447540609504293e-12, 3.3164626322494627e-12, 3.529342922817575e-12, 4.898210709308771e-12, 2.780505973090389e-12, 3.4384239180349272e-12, 2.302585069496257e-12, 2.0116041316643038e-12, 2.0329777492446763e-12, 4.963331415497705e-12, 1.2860232950704063e-12, 5.108194476317172e-12, 3.3307550176303614e-12, 2.545022613791381e-12, 3.709034166439342e-12, 4.222124382132801e-12, 4.965841087279163e-12, 4.383861806957721e-12, 5.08262902244051e-12, 5.332971039359372e-12, 5.3065403560157e-12, 1.7616868156994721e-12, 5.50047935832949e-12, 9.985569634213068e-12, 3.7090173267638455e-12, 1.965997399830328e-12, 4.116508413204688e-12, 2.4070429798328293e-12, 3.3899282208100972e-12, 3.2333409531056894e-12, 2.891756244583998e-12, 3.3691857822522088e-12, 2.6031124498479947e-12, 1.7987242334176991e-12, 2.0355741539197447e-12, 4.285666442091273e-12, 8.648292918438999e-12, 2.7994199491324707e-12, 4.315574624703299e-12, 4.7737877036535815e-12, 3.868686812689711e-12, 3.6219915136177755e-12, 4.396347684710981e-12, 4.9636339137898825e-12, 4.508322485209024e-12, 4.476309904921571e-12, 2.6438128488899457e-12, 3.0242777767382333e-12, 2.010353386278368e-12, 6.171107398451851e-12, 4.503841048281602e-12, 6.450850083118069e-12, 4.817746994782487e-12, 3.942532745468118e-12, 4.956367459228934e-12, 2.4466304555246867e-12, 2.9243244874467567e-12, 3.611798209306254e-12, 2.6229219061532348e-12, 2.5426797904480653e-12, 4.8089491168919634e-12, 2.061054319745521e-12, 3.5918056759748454e-12, 4.733817385660061e-12, 3.5884693624715426e-12, 3.0553875173362166e-12, 3.851716372162118e-12, 2.2476701004860327e-12, 2.5722060703979513e-12, 2.4584998706098156e-12, 2.4678807556583716e-12, 4.474884720705769e-12, 2.872411517101192e-12, 1.7379720677618188e-12, 5.282959980269595e-12, 3.1750582878241775e-12, 4.451163619600794e-12, 3.888100217842577e-12, 3.4185404595378484e-12, 5.8212538690676285e-12, 3.003422627996324e-12, 3.315688279432132e-12, 3.883428067171433e-12, 4.94971212650816e-12, 2.3317128626531306e-12, 2.2571191189816345e-12]","[2.662922959455221e-12, 3.716516872137197e-12, 1.8287296075536544e-12, 2.18205472790412e-12, 7.126295339035803e-13, 1.4739707773437961e-12, 1.5512401446961529e-12, 1.5242474105159435e-12, 2.1282363683081433e-12, 1.4725996759770548e-12, 2.058034951786254e-12, 1.1842943131458074e-12, 1.953594374530646e-12, 1.9786120057193785e-12, 1.339460453257965e-12, 2.1665562243258913e-12, 3.822766039796561e-12, 1.1238002510122597e-12, 2.60202618071059e-12, 2.2823889596749623e-12, 1.5386091732490458e-12, 1.2559307941004184e-12, 1.0563594735346157e-12, 1.0515248365581255e-12, 1.2538390358446358e-12, 9.00253609596205e-13, 6.764435340661292e-13, 2.65721243098221e-12, 2.4757486460178235e-12, 2.044196941600229e-12, 1.651913324162649e-12, 1.8113299331696932e-12, 1.5842714416848462e-12, 2.2105924139369407e-12, 1.729283133607291e-12, 2.6090600294964236e-12, 2.582586097514016e-12, 1.644662347210773e-12, 8.982029464877379e-13, 2.16528735983829e-12, 1.748207267750388e-12, 1.353959952073923e-12, 2.4189033502835105e-12, 1.954372373656156e-12, 1.4856949305515226e-12, 3.1111952745015304e-12, 4.508606752053815e-12, 7.644060080117432e-13, 2.084175377169347e-12, 1.0863624166501893e-12, 4.370818939797666e-12, 1.2047255103953866e-12, 2.0550111031947868e-12, 2.238444110947663e-12, 1.5008977948161889e-12, 2.1821943687033377e-12, 1.7927459222285316e-12, 2.4256778393108686e-12, 4.140308549908366e-12, 1.7242376244303805e-12, 2.6600929646877836e-12, 1.6197704195431001e-12, 2.9947927359270777e-12, 2.1734620331671487e-12, 1.3850833220891515e-12, 1.0135919308464867e-12, 1.9059188244557525e-12, 3.004445690570624e-12, 1.4517831029673148e-12, 1.691299996112499e-12, 1.2869287100939054e-12, 1.7905613051540713e-12, 1.1206418878246416e-12, 1.714076239694451e-12, 2.0857451738602854e-12, 7.414311685760772e-13, 1.6826023207172732e-12, 2.0183846531577373e-12, 2.2328420341587695e-12, 2.453693691777878e-12, 3.2881540082517657e-12, 2.9897359338426692e-12, 1.763151675139111e-12, 1.0190316633302572e-12, 2.4281685741435386e-12, 3.0702151389756052e-12, 9.042279980144282e-13, 1.148948472687596e-12, 1.2753206211558413e-12, 7.869629860871655e-13, 1.1716388830277666e-12, 1.8729307540324003e-12, 1.696386390789582e-12, 8.024446544202119e-13, 1.5561284185116416e-12, 1.2847526099813841e-12, 8.753196252130969e-13, 1.8465316890553172e-12, 3.365302790643155e-12, 2.1178683395365477e-12, 1.940265021681417e-12, 1.7887285074509628e-12, 1.9487404566726345e-12, 2.0099601359584275e-12, 2.56286300775511e-12, 2.384762839784198e-12, 2.104992291448874e-12, 1.6328152923672254e-12, 9.310323453969435e-13, 1.5178711935945748e-12, 1.3905882621717194e-12, 2.228985361541411e-12, 1.7953949312128794e-12, 1.7840026097397136e-12, 2.417536474179606e-12, 1.7087907008305399e-12, 1.940087003628722e-12, 1.464932869079389e-12, 1.4834740091061416e-12, 1.4312444893826058e-12, 1.2326511589587221e-12, 2.2284687460135026e-12, 3.446073845748603e-12, 9.712435785525277e-13, 1.4653770044725309e-12, 1.58062756716303e-12, 1.675355203371087e-12, 2.0134841841696655e-12, 1.678656771363326e-12, 1.95087865668793e-12, 1.534052776571211e-12, 1.1464394825858129e-12, 2.0105216869765837e-12, 1.4636759385459299e-12, 1.0250472191985376e-12, 8.91607686319551e-13, 3.146641048436278e-12, 1.8143452528137244e-12, 2.0783888748135335e-12, 1.417025001624264e-12, 2.5930125765263703e-12, 2.5464991835707572e-12, 1.6924144544439487e-12, 1.916341574118007e-12, 2.046191191558243e-12, 2.4259958400839935e-12, 1.4746606001022364e-12, 2.6760927480447108e-12]","[1.7339711311375812e-12, 2.5809299655721762e-12, 1.472050141631087e-12, 1.5587908540933757e-12, 1.5276007196516847e-12, 6.444569107298897e-13, 1.2148047363683316e-12, 1.0096173274799248e-12, 1.98353235135876e-12, 6.398374694149268e-13, 1.4523319088150701e-12, 7.684357251542918e-13, 9.517387668094596e-13, 1.388823973918514e-12, 1.0057935371471848e-12, 1.3717197296477416e-12, 9.302259568455152e-13, 8.312847644890172e-13, 7.712543256802124e-13, 8.668887034313602e-13, 4.903094204054249e-13, 9.427700299695758e-13, 8.74199231445026e-13, 6.338104585821175e-13, 4.718543291188136e-13, 6.79506527497296e-13, 4.1500963073634553e-13, 8.368861086595261e-13, 7.581699818852354e-13, 1.7272615943694038e-12, 1.8872934149741134e-12, 1.5662372854860915e-12, 7.803618192700163e-13, 1.0729325796721078e-12, 9.683508624571101e-13, 4.4945981530690996e-13, 1.269734571603812e-12, 9.38526707124139e-13, 1.2272553639033651e-12, 9.336901388358267e-13, 9.938538137310742e-13, 1.0405975788494848e-12, 9.24040418962589e-13, 9.288240787740115e-13, 6.837658285331611e-13, 9.845716903453307e-13, 1.8414524877902033e-12, 5.912092972583629e-13, 8.658152256632777e-13, 5.051440429179247e-13, 2.2744938238675224e-12, 1.1286038887976887e-12, 8.893350519555043e-13, 9.012644714051131e-13, 1.1641574479786413e-12, 2.6519287942940876e-12, 7.411215421504708e-13, 6.794300781629254e-13, 1.090026032393271e-12, 1.1071378679610489e-12, 1.4222830736233782e-12, 1.069693705100647e-12, 1.3217564868181402e-12, 8.012882580795338e-13, 7.983168167968778e-13, 1.0903160243391625e-12, 7.668829208849353e-13, 1.9618328059707463e-12, 7.662764014217663e-13, 1.2804221952922199e-12, 9.56898405143028e-13, 6.30085090543767e-13, 7.962602925656024e-13, 7.104898911056907e-13, 1.0189925506028983e-12, 4.4853767017804134e-13, 9.134423073582751e-13, 1.409769811435706e-12, 5.53113260715991e-13, 9.680306090943948e-13, 2.333127580835474e-12, 1.5121484785211216e-12, 5.320611410293602e-13, 6.183445028901045e-13, 1.103966724673465e-12, 1.060794362888554e-12, 9.552151348539682e-13, 1.1948525615514041e-12, 1.437343120412484e-12, 1.2712182972807806e-12, 1.0791258263429785e-12, 1.5156862688767927e-12, 1.7016171201654251e-12, 9.25915618958839e-13, 1.7185992911801388e-12, 8.275938442707193e-13, 6.924665448758475e-13, 7.462449015416616e-13, 2.2074310846090682e-12, 1.642643192602078e-12, 1.1949553143501786e-12, 7.610749292265699e-13, 7.699670151088249e-13, 8.996065739059934e-13, 9.845866237379593e-13, 1.6074432349556457e-12, 5.598109693151451e-13, 1.270461772474872e-12, 8.291635954208491e-13, 1.1758796902247756e-12, 1.0511801231740027e-12, 1.3285613054083044e-12, 1.0558013266317466e-12, 1.1506613555195055e-12, 1.1889137227272586e-12, 8.609758630976041e-13, 1.5612337166422906e-12, 1.6077331713753282e-12, 1.078450043587634e-12, 1.8925508343930245e-12, 1.4385148478386533e-12, 1.058212235672597e-12, 1.6238705372897612e-12, 8.409683574009671e-13, 8.370951444281936e-13, 9.73126980327392e-13, 8.866074312326261e-13, 1.2335186665241353e-12, 1.0822131980321528e-12, 2.1924578182275065e-12, 1.6050244010609883e-12, 1.1956064273967711e-12, 1.0496999234509884e-12, 1.3924148207014656e-12, 1.620233936714164e-12, 6.482874628434346e-13, 2.503012569618084e-12, 6.852963771000785e-13, 1.3101529516256574e-12, 1.0761192853199078e-12, 1.602359819396086e-12, 1.1154102144806916e-12, 9.834255391213918e-13, 1.0896060162057952e-12, 9.27391928848496e-13, 1.5061582809432714e-12, 1.2143774590303565e-12, 2.1934794716458648e-12]","[2.1399762800403106e-12, 1.8075472181884945e-12, 1.4230931527770377e-12, 1.0858042930981545e-12, 1.6841327275496727e-12, 1.1913299034264225e-12, 1.6898439859810127e-12, 1.1726161480223288e-12, 2.804607262385026e-12, 7.3561331443449e-13, 1.968183566834708e-12, 7.532337713960168e-13, 1.1552774985268615e-12, 1.5710212750545239e-12, 1.1586310460099666e-12, 1.8993289820401556e-12, 1.856771286583338e-12, 1.3504293886207887e-12, 1.4830360814719712e-12, 1.1574842590661841e-12, 7.962528091278103e-13, 1.029788579577913e-12, 1.1182182843468605e-12, 1.1938218589116226e-12, 1.4955474333037343e-12, 1.0274207668754968e-12, 7.86363808824244e-13, 1.273313814772077e-12, 6.649617194655555e-13, 1.4080840085373267e-12, 4.262722896505075e-12, 1.5513763111425256e-12, 1.1135186022688309e-12, 1.1898418604763278e-12, 1.5665489344153284e-12, 1.013246312893627e-12, 1.3402299004613632e-12, 1.61425695031043e-12, 1.4017522065121381e-12, 1.1156631264498718e-12, 9.398795604189224e-13, 1.343487169799764e-12, 1.1522633000077208e-12, 9.798548231462025e-13, 8.875083603192748e-13, 1.8456067482485287e-12, 2.5557377225708966e-12, 7.344266875665791e-13, 1.0210846858502325e-12, 9.460252043632091e-13, 3.463566972333359e-12, 8.765368192760863e-13, 1.0765829110065691e-12, 1.7662277772332396e-12, 2.1669587392907713e-12, 2.030658415734564e-12, 1.3873593370205912e-12, 1.409189400650418e-12, 1.5569922513508408e-12, 1.0423789745326376e-12, 1.5699026407728705e-12, 1.4333371084675042e-12, 2.1783735318592976e-12, 1.2199913129399931e-12, 1.6144667224614152e-12, 1.644331334237683e-12, 9.619343414557106e-13, 1.7042229673275063e-12, 1.3569447447535952e-12, 1.2490574865971783e-12, 6.092870676825253e-13, 8.683469302475143e-13, 1.2646676499774246e-12, 1.3291602826213943e-12, 1.142339339569042e-12, 8.648489619613453e-13, 1.66647056710413e-12, 2.0471954980124888e-12, 9.060334996708847e-13, 1.2685984945843851e-12, 2.106931781262045e-12, 1.5715636144365383e-12, 1.2550797736618587e-12, 7.807487594502948e-13, 9.410618081844187e-13, 2.092302097010591e-12, 1.7421899735411836e-12, 2.0053392505162705e-12, 1.7705394206708969e-12, 9.718865199699256e-13, 1.0168683832689249e-12, 1.1445331788159217e-12, 2.7262772275760153e-12, 1.0524202488558253e-12, 2.800762442476052e-12, 1.5744557033310423e-12, 6.968558855145214e-13, 9.310000528005486e-13, 2.317075034767225e-12, 1.0450832078282629e-12, 1.3553765198998536e-12, 1.0535004396494348e-12, 9.611055623484632e-13, 1.1884322116030477e-12, 7.152543098812874e-13, 1.943509765290734e-12, 9.305592555369239e-13, 1.576244880077431e-12, 1.0201932389957081e-12, 1.5932813123144133e-12, 1.6396687594400488e-12, 2.1028335815077537e-12, 2.0728727448831248e-12, 1.840405971682364e-12, 1.7323240830700053e-12, 1.473452574967629e-12, 1.0327018225358644e-12, 2.2806187641969373e-12, 1.4915698574640644e-12, 1.2262932967357913e-12, 1.3023724947044322e-12, 1.9617164592336676e-12, 2.653350474018351e-12, 9.125807485198925e-13, 1.2194052088051841e-12, 1.731043065282727e-12, 1.5871924137651392e-12, 1.0088142898021215e-12, 1.8114929813794032e-12, 2.5133807154160737e-12, 1.8893542214757403e-12, 1.0390681762589658e-12, 2.208245921050106e-12, 1.3088228204203094e-12, 7.819958914473801e-13, 1.0176159618815205e-12, 1.7041817092110211e-12, 1.6342413075236876e-12, 1.7513388796155695e-12, 1.0817847950432187e-12, 2.5144718195208386e-12, 1.9671690419795423e-12, 1.2491101724595648e-12, 8.437689397631847e-13, 1.209719802926479e-12, 1.1233934492092891e-12, 1.1590418485549144e-12, 2.7282211400423074e-12]","[5.4582951281203356e-12, 3.753749797672058e-12, 3.037628236570488e-12, 2.9042601340715343e-12, 1.7700674764122513e-12, 3.2486279291148807e-12, 3.330637405638527e-12, 2.2356326560995557e-12, 3.364376620172266e-12, 1.8823897602102597e-12, 4.0025779291264035e-12, 2.234565148291012e-12, 2.3037466653912162e-12, 2.6589957614441244e-12, 2.964972718616359e-12, 4.136119544191059e-12, 7.968675427077037e-12, 1.7190727872533609e-12, 4.137817534265666e-12, 3.84886045961934e-12, 1.932764744555398e-12, 2.418538172531042e-12, 1.1125423344919589e-12, 2.118944174586485e-12, 1.7312434990443748e-12, 2.1438797256495482e-12, 1.4714622518821913e-12, 4.99640307569715e-12, 2.632818908729697e-12, 2.613469762785392e-12, 3.4760623211163185e-12, 3.736337771551511e-12, 3.91536952659165e-12, 2.8550658945273116e-12, 2.46965205625716e-12, 4.26354646805943e-12, 4.317062522477378e-12, 2.9892407057745013e-12, 2.1182363110105336e-12, 4.158210876494541e-12, 2.909853462441405e-12, 2.1977795691466423e-12, 3.4677646821425507e-12, 3.092037575101892e-12, 1.897059294639717e-12, 4.637957717550861e-12, 6.48824524768211e-12, 9.42785473114541e-13, 3.4647040141478272e-12, 1.2995780608735178e-12, 5.665960075519627e-12, 2.673767579723421e-12, 2.2806324925211846e-12, 3.3069092825787116e-12, 2.1985811549834897e-12, 1.5474822352006413e-12, 2.6535568761722426e-12, 2.538791190631611e-12, 6.527600641161263e-12, 1.83041373186085e-12, 5.434137196328512e-12, 2.093720580960247e-12, 6.064739955084564e-12, 3.3340047978329072e-12, 2.705830817395103e-12, 3.5530706172752336e-12, 2.6736512719675053e-12, 3.3220143138904926e-12, 1.9296135945435337e-12, 2.019320441309916e-12, 1.8646317022159224e-12, 4.538661643972443e-12, 1.6249775699261854e-12, 3.8441990562858396e-12, 4.0536796635884864e-12, 2.1493288965849673e-12, 1.8648263911681108e-12, 3.7527312172042846e-12, 4.946626206821381e-12, 2.6898060066881417e-12, 6.577898861180118e-12, 3.1554387630025092e-12, 2.9961662233597323e-12, 1.550379430176192e-12, 3.6642774417934934e-12, 2.5051087425199068e-12, 2.6645918291748172e-12, 2.2301715513384365e-12, 1.9058470327473315e-12, 2.2323383624183874e-12, 1.7819248333761007e-12, 1.9607388142321922e-12, 3.0433884510156485e-12, 1.9645972660373377e-12, 3.0405297980140998e-12, 1.8647327522558635e-12, 1.4398802687796085e-12, 2.809261889271795e-12, 7.502855365792095e-12, 2.6714636966803607e-12, 4.180883771838886e-12, 3.4197165681601194e-12, 3.3102701372513214e-12, 2.7794374291407335e-12, 3.172487866670086e-12, 3.7912504249172515e-12, 4.2426952849095015e-12, 5.6410991688178724e-12, 1.714872633613463e-12, 2.8625822145372883e-12, 2.995736463642833e-12, 5.573975208982229e-12, 2.464166674607515e-12, 2.90556676979022e-12, 3.2759737806685476e-12, 3.176795596064922e-12, 3.673317657315767e-12, 2.9938230621727915e-12, 2.1130088642730498e-12, 1.7415188033235892e-12, 2.525738071388576e-12, 3.414612008546559e-12, 6.004086666731417e-12, 9.33119972346886e-13, 3.177693677342898e-12, 4.2369080400216856e-12, 4.144308378113037e-12, 2.548015059896745e-12, 3.682406354471544e-12, 2.4378676457198127e-12, 3.2736432783247968e-12, 1.5617820071248487e-12, 2.303197178597458e-12, 2.5802059574210416e-12, 1.195692918855546e-12, 2.243058803347546e-12, 5.139495302068471e-12, 2.657398054485887e-12, 4.194020400522366e-12, 3.575657485371234e-12, 3.300705496687945e-12, 4.4447679051334125e-12, 3.0026925681146535e-12, 2.6410138690273582e-12, 2.0669347198212737e-12, 3.664431946326502e-12, 2.2702870468784735e-12, 3.664426044402302e-12]","[7.71422182638298e-12, 7.74803929672615e-12, 7.292920023598006e-12, 6.616090666977794e-12, 6.958825902312681e-12, 4.0955105428005315e-12, 6.684366128259805e-12, 4.379573315352173e-12, 7.533112157056985e-12, 3.695145249187936e-12, 5.397502602899091e-12, 6.0996116725810725e-12, 8.33605641024276e-12, 9.717676515238678e-12, 1.3967136437639667e-11, 4.129833019053562e-12, 7.259231653977358e-12, 5.751968194936584e-12, 8.589586307430022e-12, 5.657887110360999e-12, 4.98278999024717e-12, 3.389546097628678e-12, 4.002197395650548e-12, 6.917637535606536e-12, 2.7753089025093376e-12, 3.5596450471827647e-12, 4.199260263464272e-12, 5.488718270078274e-12, 3.0059620052888028e-12, 3.659340763234091e-12, 1.1445412019683326e-11, 3.979025716326285e-12, 4.72043559922117e-12, 4.521608496512282e-12, 8.349345896360053e-12, 5.501570349292565e-12, 5.126013560210137e-12, 4.519909607852917e-12, 3.2647349728876364e-12, 2.679610094932292e-12, 5.821202842338028e-12, 7.217648359263651e-12, 7.122581861729493e-12, 5.943960906115014e-12, 6.930450709824894e-12, 3.8018576905760924e-12, 4.6314095424092144e-12, 3.933490154597522e-12, 6.2373920272142715e-12, 4.192744055853291e-12, 4.153852376284939e-12, 5.799033690594999e-12, 4.461645077641808e-12, 4.969730170937615e-12, 5.977258653962871e-12, 6.9379318898283595e-12, 4.159450899093821e-12, 8.301570555589276e-12, 4.545872193213284e-12, 3.7743283176651435e-12, 3.452635719741241e-12, 2.667375574009137e-12, 3.652640412663108e-12, 4.161678857968361e-12, 4.162693970659733e-12, 4.447199005693765e-12, 3.3963542928567605e-12, 6.9789374930449365e-12, 5.256341520181059e-12, 4.9808358263170254e-12, 4.349033933606929e-12, 4.619506775991107e-12, 3.1616153736850233e-12, 4.171229496667297e-12, 4.570694172486122e-12, 3.359554858329511e-12, 4.930767245330218e-12, 5.680132268895897e-12, 5.10787468851503e-12, 7.180578198346893e-12, 7.417356067223265e-12, 4.694313148881215e-12, 6.666563271373545e-12, 4.690968090709598e-12, 4.771769113476942e-12, 4.735753212905001e-12, 3.336754048343131e-12, 4.245519266212587e-12, 7.286998781527536e-12, 2.899176967322444e-12, 5.426452606768785e-12, 3.5409973122855082e-12, 3.747639433706494e-12, 4.730922778821669e-12, 4.826835882684785e-12, 2.9459697564000613e-12, 3.7303173196761116e-12, 6.814368081576122e-12, 4.798857042688359e-12, 5.104676452690397e-12, 4.121363647841656e-12, 3.703874468092374e-12, 3.526615204560761e-12, 6.378717243596347e-12, 6.248804415652611e-12, 3.039040446719922e-12, 5.531627476297594e-12, 2.6242226991977142e-12, 3.727558899829117e-12, 3.27999481352215e-12, 3.1525509324019256e-12, 3.3738539806019568e-12, 3.9357151010099355e-12, 5.2074890743416615e-12, 4.637039987421062e-12, 6.536599301707515e-12, 4.2183345658049045e-12, 3.8663254291305405e-12, 3.1041556639799205e-12, 3.0262642661030983e-12, 2.4739706408798505e-12, 1.918570571794691e-12, 3.940924268335119e-12, 4.986385599093784e-12, 2.4563043061327215e-12, 4.748383550151472e-12, 5.657174630248919e-12, 3.1522988873867126e-12, 3.937589923708526e-12, 5.952647485161839e-12, 4.997721534435802e-12, 4.321619066046467e-12, 4.341202533085017e-12, 6.1003984541639885e-12, 4.2902713212179505e-12, 4.03493167342211e-12, 7.131215188071346e-12, 5.199458004943822e-12, 4.275329234015706e-12, 3.669052479775557e-12, 4.235729278646838e-12, 5.02167981796403e-12, 4.501625147894743e-12, 3.705371771238764e-12, 4.522787306701795e-12, 8.927555676912288e-12, 2.3720407383064806e-12, 4.9652274981535855e-12]","[5.7200914730559456e-12, 5.6465899078112204e-12, 1.2994895171660444e-11, 3.669764703515024e-12, 1.644748150279615e-12, 2.373213284876477e-12, 3.3315316249766957e-12, 3.883286707297347e-12, 3.90604888229015e-12, 2.6485151407157407e-12, 3.1753595930330488e-12, 1.966995259799293e-12, 2.0646447833790604e-12, 3.06361926339042e-12, 2.9636031752033615e-12, 2.2328860225354145e-12, 2.0672675972683675e-12, 2.226409490896232e-12, 3.760397836264014e-12, 2.1983461342779045e-12, 1.2528219246476306e-12, 2.5178108955606277e-12, 3.174643212029495e-12, 2.1782258206818237e-12, 2.518840592552245e-12, 1.4999758092354734e-12, 1.4987373898567113e-12, 2.82284375753469e-12, 8.482595992857127e-13, 3.875470474037549e-12, 9.247523242508258e-12, 2.2161310231241833e-12, 2.745302520456972e-12, 1.3588392451010732e-12, 2.0446422500489864e-12, 2.4644442164629976e-12, 2.3512220850271473e-12, 2.3121442418781283e-12, 1.4825078720915513e-12, 2.2242803873846512e-12, 2.0496165373384743e-12, 2.25227620732076e-12, 4.058638268748092e-12, 2.233568134132853e-12, 2.1611408815550727e-12, 1.1494356861571033e-12, 2.1513655507250143e-12, 2.0269489907399354e-12, 2.5839110148854486e-12, 1.2441225553078688e-12, 1.949924770236461e-12, 2.3836143424902646e-12, 1.6989466827243984e-12, 1.8362280160912186e-12, 8.182606954770527e-12, 2.625051657278673e-12, 1.1309541179093429e-12, 3.307910571759006e-12, 4.454732464683717e-12, 3.2429941650285793e-12, 1.6753271097473794e-12, 3.283981896810768e-12, 5.298292950748418e-12, 2.782784456338868e-12, 1.9037404978797766e-12, 2.4626399135521128e-12, 2.9693195214903464e-12, 2.6276561468593583e-12, 2.8714607506812935e-12, 1.349883451377542e-12, 2.3003997438893075e-12, 3.1110756013131016e-12, 4.560033237246385e-12, 6.3085588701812235e-12, 2.1624502689090027e-12, 1.4267575929655213e-12, 2.1960307545059467e-12, 3.5425242164578215e-12, 3.4482235254897382e-12, 3.5527480343647983e-12, 3.718217083826951e-12, 1.6045869711459733e-12, 4.774534509008935e-12, 1.60157207615399e-12, 1.5076468643573128e-12, 4.323053537656676e-12, 1.2867391602091127e-12, 2.004829625487404e-12, 3.4597737889312414e-12, 1.5104934904575214e-12, 2.264109400652064e-12, 1.4865325968126389e-12, 2.50441961732965e-12, 1.3147633047688134e-12, 2.0412476013080644e-12, 1.392178050826084e-12, 5.316921664726413e-12, 4.207349993021209e-12, 2.6691442809977866e-12, 3.0607059387235817e-12, 1.7957012712604692e-12, 1.6335916543134182e-12, 2.677625702980567e-12, 2.180138912806274e-12, 2.2830568846605135e-12, 3.0435007106935544e-12, 1.9764053003983595e-12, 1.358702887277895e-12, 2.6187225097940012e-12, 2.4098755994656778e-12, 2.5894943123098666e-12, 5.928746597105857e-12, 2.524635917572327e-12, 3.3795486246691626e-12, 2.743115225653618e-12, 3.1171686041338607e-12, 3.61014785034146e-12, 4.9447038959575885e-12, 8.437454452123233e-12, 2.4100126522465346e-12, 1.1381815426546764e-11, 5.506875807359024e-12, 3.500469788559773e-12, 7.87260088774897e-12, 5.8315392717945895e-12, 2.657657175476142e-12, 2.681188920786647e-12, 3.353343670535222e-12, 2.534081899948625e-12, 1.9540696558116657e-12, 2.3583172472204143e-12, 1.608526995202816e-12, 2.050465827530871e-12, 2.380431544019565e-12, 2.327897923453377e-12, 3.174040955038568e-12, 2.839925017757264e-12, 2.1268708251582515e-12, 2.882212405149941e-12, 1.7824816202473225e-12, 2.100428365446484e-12, 1.4964256666443512e-12, 2.1962538107482215e-12, 1.0877386244679322e-12, 3.838853560217782e-12, 4.2841159118848226e-12, 3.003062537099225e-12, 3.2068053062970363e-12]","[5.431909472570021e-12, 3.0839172709200545e-12, 2.1744450622278813e-12, 2.1440530761629078e-12, 2.032793117742389e-12, 1.855246937350582e-12, 1.732155359954613e-12, 3.3081317306564724e-12, 4.290211535348814e-12, 2.325676568894773e-12, 2.525814635850637e-12, 1.963618545281589e-12, 1.5392473135095382e-12, 2.5465228528475082e-12, 2.2249707613330343e-12, 2.296652888620039e-12, 2.112563447745259e-12, 1.917011345283471e-12, 3.4884160332266956e-12, 2.196880569333879e-12, 1.0594891702956929e-12, 1.6529712247609332e-12, 2.4965429442652573e-12, 2.3001699342741796e-12, 3.707328779090494e-12, 1.7171540803651758e-12, 1.3450236114983367e-12, 2.5631649843952246e-12, 9.578386973717543e-13, 2.8913264720592105e-12, 7.818590081263838e-12, 1.8439387398234146e-12, 2.4045807533598944e-12, 1.2592589415232932e-12, 1.8842373073545053e-12, 2.1775243655256287e-12, 1.0120673831670174e-12, 2.670339093523947e-12, 1.748043423580222e-12, 2.063220852069534e-12, 1.3262451292117124e-12, 1.7140101695883635e-12, 2.219090692777036e-12, 1.996558193900417e-12, 2.453293190257488e-12, 1.6553777331431136e-12, 1.7878090481103851e-12, 1.8161848052389347e-12, 2.212297072646431e-12, 1.7940925329716298e-12, 2.1109273095814796e-12, 1.972190471060415e-12, 1.5011727750041783e-12, 2.0883897010653092e-12, 3.9657422248853496e-12, 2.1839779640656253e-12, 1.020218017079289e-12, 1.6982364649301928e-12, 1.5471755689873513e-12, 1.1905573932708714e-12, 1.8026700141446132e-12, 1.469167373618432e-12, 9.753000439719353e-13, 1.877963282185218e-12, 1.5754905430839384e-12, 1.417013954578643e-12, 2.7545824883578154e-12, 2.687912982659477e-12, 2.562727334394709e-12, 9.843158219930577e-13, 2.0809465209033484e-12, 9.27242647750881e-13, 7.995346151536646e-13, 1.8694846279613737e-12, 2.0134412764327458e-12, 1.3275001024633606e-12, 1.7987058708232203e-12, 2.5704203832582526e-12, 3.0352254679881786e-12, 2.182135465120926e-12, 3.7590813278939525e-12, 1.0396491778154468e-12, 2.943792859779968e-12, 1.3485520248276662e-12, 1.247330208251965e-12, 3.4037968337254617e-12, 9.340077834421974e-13, 1.906423837656599e-12, 3.204795962333948e-12, 1.7410287672328817e-12, 1.8698133856836903e-12, 1.7824946561932885e-12, 3.382738796950955e-12, 1.2745048436429474e-12, 2.217067482957893e-12, 2.059520374421022e-12, 9.608441478330244e-13, 1.7300559222578984e-12, 2.693212299249352e-12, 2.766592246980485e-12, 1.5976739173776515e-12, 2.038906449753032e-12, 2.332053133934139e-12, 1.5118685827674797e-12, 1.6818959669758267e-12, 2.9314583735480678e-12, 1.3060691293204958e-12, 1.0382410634823103e-12, 1.78338387103201e-12, 2.0584595825259367e-12, 1.9245667822453246e-12, 1.3236584994028606e-12, 2.0517565360420103e-12, 3.0596651448171085e-12, 3.306450344131375e-12, 2.483886233662032e-12, 3.0329386462134025e-12, 1.2917441060852223e-12, 2.1151580856266566e-12, 2.311147999302508e-12, 1.4604884494825237e-12, 1.837518185151545e-12, 3.77605687915524e-12, 1.1697004725124732e-12, 3.5278483097023314e-12, 2.523102290857594e-12, 1.7883253381334596e-12, 2.027206767888891e-12, 3.4561893525312883e-12, 1.6813400180116504e-12, 2.8452313310027765e-12, 1.5087198411061352e-12, 2.620054995489356e-12, 1.7584884763929199e-12, 1.947225789474296e-12, 3.892070492815812e-12, 2.376305266905066e-12, 2.2653071760516795e-12, 3.081966068825327e-12, 1.887086979787732e-12, 2.317772125714353e-12, 1.6932891524690213e-12, 1.2804111735294375e-12, 1.7575445309652118e-12, 3.498420887496907e-12, 3.1807666037303786e-12, 1.9853405317779018e-12, 2.8392584112343475e-12]","[3.6240913427068117e-12, 1.8181604733248751e-12, 2.1269357554971105e-12, 1.3629581919283286e-12, 1.875423460384292e-12, 1.4582961656474436e-12, 9.83548667754745e-13, 1.6317747071270048e-12, 3.5041438537032156e-12, 1.1646816636262357e-12, 2.481184587629506e-12, 8.51366383851201e-13, 1.309336758760628e-12, 1.5906800243500162e-12, 1.996026989420509e-12, 1.3572396325493258e-12, 2.05252098439144e-12, 1.5954154709214677e-12, 2.271768974983708e-12, 1.82302607644075e-12, 7.238519273398795e-13, 1.3576215901797878e-12, 2.0514443573739925e-12, 1.5658023377837262e-12, 1.824184590330839e-12, 1.289714861481238e-12, 1.086714941302023e-12, 1.1974415037482573e-12, 9.180506352946281e-13, 1.8365751125372654e-12, 9.387477268433198e-12, 1.1435891633280446e-12, 1.6845345570904566e-12, 1.061385824339878e-12, 1.8673297769621853e-12, 9.43474201240973e-13, 9.268494248317668e-13, 2.2850463972777795e-12, 1.3537416116754778e-12, 1.1737882271949892e-12, 1.3735322381976574e-12, 1.377303571303284e-12, 1.6988343092704227e-12, 1.1847525914260751e-12, 1.8937426575777308e-12, 1.8170833413844923e-12, 1.913035898249134e-12, 1.1282798985401165e-12, 1.1778026276350868e-12, 1.7017980420327274e-12, 2.4261263076164886e-12, 1.3801531580791087e-12, 1.211195722155272e-12, 2.2150505685898566e-12, 3.883125059988584e-12, 1.7077549661595291e-12, 1.1841798892330097e-12, 1.7038829172939556e-12, 1.1594675124773637e-12, 8.646384749817826e-13, 1.3627098207075181e-12, 1.2268497862500837e-12, 1.2124531166483131e-12, 1.2786888080748642e-12, 1.6752344826465639e-12, 1.4094844730963021e-12, 1.352772239362976e-12, 1.9686208256210073e-12, 2.3410342618445214e-12, 1.1781879932621657e-12, 1.2122909926432922e-12, 7.576303903448727e-13, 1.0811428462709198e-12, 1.6502291953861403e-12, 1.4867606493627436e-12, 9.595541601418024e-13, 1.979334335965277e-12, 2.1364228285245103e-12, 1.4798635486747714e-12, 1.4436630952366452e-12, 2.3670978460254802e-12, 1.0119976417786808e-12, 2.426224230716537e-12, 1.3099672181522062e-12, 6.929311147915511e-13, 2.5467478425415392e-12, 1.2281240386198504e-12, 2.0992760754439368e-12, 2.0861834772785206e-12, 1.2273517436523796e-12, 1.6823668670353532e-12, 1.3823266342491056e-12, 3.7142639011571855e-12, 7.740937886201819e-13, 2.022519497341297e-12, 1.6446879177832425e-12, 1.2012250861765233e-12, 1.3573502458073547e-12, 1.736638384835529e-12, 2.3164221281754607e-12, 1.179972874613984e-12, 1.461069648520634e-12, 1.4900271600631185e-12, 1.27098250546491e-12, 8.518614060076172e-13, 2.0769836101805577e-12, 9.698398191198492e-13, 9.618571112611454e-13, 1.2529938912815221e-12, 1.8135612112920337e-12, 1.5894618464743604e-12, 1.888750140274792e-12, 2.625371798593552e-12, 2.1326234073179843e-12, 2.86892624684243e-12, 2.0167268174630403e-12, 1.466670566640468e-12, 1.7553669023329077e-12, 1.2480983806833976e-12, 1.2836243947663368e-12, 1.2411105916524157e-12, 2.1652025027998116e-12, 2.4042079907671574e-12, 9.029562185187951e-13, 1.70553101658946e-12, 1.870099074438104e-12, 1.7008102648952703e-12, 1.237915329004098e-12, 3.524809946347456e-12, 1.1444442044173928e-12, 2.828665031198123e-12, 1.2312399626128087e-12, 2.320676109445174e-12, 1.2419515872379569e-12, 1.1419006080193926e-12, 2.2198092472929436e-12, 1.6399793316662014e-12, 2.101353805519907e-12, 1.9822687446693192e-12, 1.3264069870287923e-12, 2.499744390693462e-12, 1.9952709573534317e-12, 1.472271685197904e-12, 1.1423752620861543e-12, 2.1241400928475655e-12, 2.098010594841752e-12, 1.174402894470179e-12, 2.449464472354416e-12]","[2.8190246914572754e-12, 1.551189013735925e-12, 1.7178969939377353e-12, 1.2724401818299615e-12, 2.4918115662593187e-12, 1.0021688559289634e-12, 1.1786424882018498e-12, 2.835257931450777e-12, 4.06286266634279e-12, 1.5721629702390347e-12, 2.4361684334409638e-12, 1.4425962847973665e-12, 1.592669605133537e-12, 9.603973705544803e-13, 1.835755110138562e-12, 1.4894885492115413e-12, 1.4551783251223255e-12, 1.5094713521978082e-12, 2.024489322357308e-12, 1.631342289913145e-12, 1.0032633745127276e-12, 9.89579870737669e-13, 2.472784162436551e-12, 1.0546310676327948e-12, 1.5764817378835595e-12, 1.5331396359059544e-12, 1.1363538025125182e-12, 1.6948280349870302e-12, 8.55868763790948e-13, 2.3145582889090016e-12, 4.675459408643836e-12, 1.5682161780728334e-12, 1.334087403874218e-12, 1.061659320030707e-12, 1.980912669501464e-12, 1.3376607618259076e-12, 9.72241669356866e-13, 1.6133267483460763e-12, 1.2850603162503753e-12, 1.2421029671330566e-12, 1.15309430096308e-12, 1.1292675090110278e-12, 1.7755884434133527e-12, 1.5647548845699956e-12, 1.766335171870987e-12, 1.687823641474667e-12, 1.4834198798250032e-12, 1.198864285645216e-12, 1.458334485995756e-12, 1.404655992350441e-12, 2.1238600903145558e-12, 1.1695520159417204e-12, 1.2004417694322302e-12, 3.6188571693772214e-12, 2.9267418507759346e-12, 2.308635175749643e-12, 1.0297814386256697e-12, 2.0652383301591817e-12, 1.5028316645626903e-12, 8.702545104388998e-13, 1.4615737775749094e-12, 1.525778276197079e-12, 1.2813221062511283e-12, 1.4628433961707562e-12, 1.8079787390308207e-12, 1.8661038683696725e-12, 1.5834940057286464e-12, 2.18570635247802e-12, 2.0538352206240753e-12, 1.013981662644538e-12, 1.185160906500432e-12, 5.763185747761097e-13, 9.58052800709993e-13, 1.9091768341313485e-12, 1.3422046243441531e-12, 8.929518440165357e-13, 1.5686875266449252e-12, 2.2171167859539957e-12, 1.92473823253493e-12, 2.0100238800766523e-12, 1.7620651045704116e-12, 1.4159339426713125e-12, 2.166476434769899e-12, 9.904633296223876e-13, 1.1186643854148656e-12, 3.2461837018015912e-12, 1.291867636876285e-12, 2.6239233605836106e-12, 3.2705800646785316e-12, 9.68604575274556e-13, 2.185649675555745e-12, 1.9434943591668445e-12, 2.7513329332008966e-12, 1.0787716584590208e-12, 2.703662393114274e-12, 1.8040754172031364e-12, 1.2441356263977564e-12, 1.4958084023164956e-12, 2.170184887585357e-12, 1.5512072467599015e-12, 1.3081596576905102e-12, 7.508756391779075e-13, 1.6972643245112627e-12, 1.844537857285552e-12, 5.714407707351773e-13, 1.7456539433520597e-12, 1.6014517992567882e-12, 1.1803039599055335e-12, 9.877814980503865e-13, 1.3724821712706789e-12, 1.5034653363484e-12, 1.2887409877733482e-12, 1.9792540619150383e-12, 2.5581096415130434e-12, 3.388002493498259e-12, 1.1262201020187303e-12, 1.9376174841411408e-12, 2.0125496200515682e-12, 1.963458838431403e-12, 1.604360067623283e-12, 1.0169178917423065e-12, 2.6010187763180657e-12, 2.7454198603678387e-12, 1.0117492255127732e-12, 1.8841644289391614e-12, 2.17831911785184e-12, 1.8263380571135466e-12, 1.266531866677948e-12, 3.028991101877217e-12, 1.5562549985019551e-12, 2.76918902249329e-12, 1.0518876186014188e-12, 2.2334640465263297e-12, 1.1068130767505367e-12, 2.116638661717858e-12, 1.5521878828872035e-12, 2.161359738600818e-12, 2.2342497255280566e-12, 1.5297465735862016e-12, 1.149966608391839e-12, 2.2726388907417116e-12, 1.7667979927171046e-12, 1.2514795482812372e-12, 9.616377720832578e-13, 3.609052581371617e-12, 2.143088560031318e-12, 1.1592505065562039e-12, 2.0560107673377144e-12]","[6.509578097077217e-12, 6.32085935391586e-12, 1.871258120120762e-12, 3.2392194798440954e-12, 1.9526660936066586e-12, 2.6259385468677437e-12, 3.69033978767829e-12, 4.722886527781002e-12, 4.365026064805623e-12, 3.2939088475337818e-12, 3.7200757674037714e-12, 2.935546096268922e-12, 2.9030000264539344e-12, 3.835390093970587e-12, 3.166437192214472e-12, 4.413321392799171e-12, 1.1585034854795186e-12, 1.5463562573451277e-12, 4.094292745989487e-12, 3.2386409580934168e-12, 1.7157187906776309e-12, 3.026259908130587e-12, 3.945579715955458e-12, 2.921934508702241e-12, 3.2022715183906536e-12, 2.25023001907944e-12, 1.7228796551667832e-12, 3.727263667157304e-12, 1.6315668633069806e-12, 4.258467983864208e-12, 2.3800705420550896e-12, 2.6435027106993196e-12, 2.1642337545286435e-12, 2.2441976868057046e-12, 2.1718879702575942e-12, 2.870196360700827e-12, 2.8387323871863335e-12, 3.619634678357291e-12, 2.1922722107019307e-12, 3.732570894606375e-12, 2.7973786754104173e-12, 2.67608240247082e-12, 5.033625233722267e-12, 2.540012929394768e-12, 2.572409212326298e-12, 1.8490314094600493e-12, 2.0403330584264867e-12, 1.6216778771026743e-12, 1.9465971611218074e-12, 1.5183748820945715e-12, 3.259555595795058e-12, 3.377781893224941e-12, 1.4484869550728064e-12, 2.602984542662317e-12, 3.685670477777338e-12, 1.8519952297869732e-12, 1.4431284115810585e-12, 3.1929060819967728e-12, 2.9340538570552607e-12, 1.7011989266839893e-12, 2.104015883674485e-12, 2.354238316100591e-12, 2.0430584304214377e-12, 2.3917128070540037e-12, 2.525827012548352e-12, 3.664375017737799e-12, 4.253312827040303e-12, 3.326181654329071e-12, 2.6078985796292563e-12, 1.979101480321574e-12, 1.974050682668066e-12, 1.0669482328120328e-12, 8.335653482526894e-13, 2.437028554659288e-12, 2.5466809999563706e-12, 1.932914320313688e-12, 1.907094746744382e-12, 4.5079872579254886e-12, 3.243296845740581e-12, 7.039017267587891e-12, 4.693911657694584e-12, 1.973567831059205e-12, 3.9098204268021404e-12, 1.3897985354527623e-12, 1.6661693176130228e-12, 4.803917509871928e-12, 1.9642097804465417e-12, 2.0091959993510312e-12, 4.110550225856944e-12, 1.8232455383574932e-12, 1.984089823262772e-12, 1.7013586054764518e-12, 2.49782327889328e-12, 2.6775801179855553e-12, 1.854414375027006e-12, 1.956689430564679e-12, 1.7688226481947008e-12, 2.4378793247852587e-12, 4.729413503749631e-12, 3.416377008487233e-12, 1.9198648448971206e-12, 1.8398991064589652e-12, 3.1592523909579333e-12, 2.1038669571529598e-12, 2.735289206023299e-12, 3.3919383243729507e-12, 1.9054222767471596e-12, 1.9629064545948297e-12, 2.1669422759880924e-12, 1.8292301038436235e-12, 2.532947460291651e-12, 1.942885252668434e-12, 2.345727803198683e-12, 3.2896187740820177e-12, 2.4350342899516426e-12, 3.572187757647299e-12, 3.8040627974150285e-12, 1.6790035118370745e-12, 3.4238461486740513e-12, 2.109513953509101e-12, 1.5816091353243513e-12, 2.405820706009439e-12, 4.586032305815888e-12, 1.359169298744554e-12, 2.3878565495093635e-12, 3.340701349313588e-12, 2.6428871438976287e-12, 5.325703222916845e-12, 2.5232589682304517e-12, 2.5925737088021758e-12, 2.887268906412327e-12, 1.2866837669434994e-12, 2.373115225395955e-12, 2.9628375567564033e-12, 1.9320325841669477e-12, 3.5263889256918813e-12, 3.1686776661789824e-12, 1.932808710474217e-12, 3.2501142710807967e-12, 2.159791426054326e-12, 1.5404980351884478e-12, 1.3909589854461824e-12, 1.7966910037942937e-12, 1.5303211107604076e-12, 5.571293063339822e-12, 3.9693378498728906e-12, 4.700077208629862e-12, 3.5130520640500753e-12]","[4.49900831330598e-12, 6.732941278625371e-12, 3.8657480926176334e-12, 3.919867110306723e-12, 1.2734747977063659e-12, 3.8994534676322735e-12, 6.4130077260502745e-12, 2.666287785893805e-12, 6.6291993444565745e-12, 2.408202143736973e-12, 2.7969650373002875e-12, 1.5376277711601726e-12, 3.4727568964390417e-12, 2.442373782624488e-12, 3.1844416944056457e-12, 2.0002943375902057e-12, 1.5893306260412055e-12, 2.415158085183884e-12, 2.564830784675203e-12, 2.8450312670824186e-12, 1.4252682524512957e-12, 2.767040926372392e-12, 2.0919315790074942e-12, 2.4545526789812815e-12, 1.2735358979099665e-12, 1.1724400113456592e-12, 1.358356504007292e-12, 2.592715046813353e-12, 2.20179260990021e-12, 4.835504689965737e-12, 1.886516027979591e-12, 2.075871594503572e-12, 2.009838257569452e-12, 1.0226844163820408e-12, 1.5742342895285347e-12, 3.0957344891478015e-12, 4.669712027081587e-12, 2.387898544476584e-12, 2.0461137938614533e-12, 1.993757613018799e-12, 1.5788492113840665e-12, 1.7635398209000174e-12, 4.5638981599910555e-12, 2.9117673891404413e-12, 1.4112190287632384e-12, 2.7021305191370365e-12, 3.8778157090903115e-12, 2.699718703322745e-12, 2.6215397888572887e-12, 1.2963879882732636e-12, 2.8796918294811694e-12, 3.0230292973300584e-12, 1.8118731672725095e-12, 2.8506757126450487e-12, 3.635782975842584e-12, 1.4222330102051861e-12, 1.3830079886586498e-12, 4.120257301182726e-12, 4.394345711430281e-12, 2.0116537022570107e-12, 2.5556272347607495e-12, 5.326255297846864e-12, 1.957016495522848e-12, 2.1916588945354726e-12, 2.879369736874292e-12, 4.155539662690559e-12, 3.2180722714194335e-12, 3.0487783002704037e-12, 4.127154784010865e-12, 2.3385286836898803e-12, 1.926308877348109e-12, 2.237636937164506e-12, 1.6405673754320222e-12, 2.035765644016377e-12, 1.5341974502117576e-12, 1.5604097071377755e-12, 4.3561909541265124e-12, 2.5849568296920493e-12, 2.3415110941310166e-12, 4.8172098445941115e-12, 4.0248416059095756e-12, 3.723811851038444e-12, 2.7110608946145547e-12, 2.4998019277203884e-12, 1.8851796894911062e-12, 4.71762876917147e-12, 1.7226163151890075e-12, 8.697668908888013e-13, 2.8674521168480933e-12, 1.5416340406717502e-12, 2.7285107031264928e-12, 2.6842057029626426e-12, 2.715030400466044e-12, 1.6282461378420225e-12, 3.5800484867472764e-12, 1.5695012365947038e-12, 1.5758817393558572e-12, 2.2621726407616666e-12, 5.749670927243356e-12, 2.334906770283033e-12, 2.1174339113757586e-12, 3.7204516241113545e-12, 2.0645627327608664e-12, 1.8313280238531057e-12, 1.573044922578833e-12, 1.819467889093093e-12, 2.0316267636561954e-12, 2.0607612617178665e-12, 2.1565842263982524e-12, 1.7612671001321538e-12, 4.941341598480149e-12, 3.265208652529643e-12, 2.323026799237956e-12, 2.816804499627087e-12, 1.54950493800286e-12, 2.254561685224112e-12, 3.661127256765913e-12, 2.9980443634666717e-12, 3.1519887807914266e-12, 4.121079196039686e-12, 4.9373519510686835e-12, 2.287649380017357e-12, 4.711775786055767e-12, 2.176797798143993e-12, 1.635592306500225e-12, 2.111235267143797e-12, 1.9705911350653613e-12, 3.6141298829489823e-12, 1.3738430436691953e-12, 1.6441533850136402e-12, 1.3828015906855115e-12, 1.392275981099053e-12, 3.897682789378639e-12, 3.3390546029249044e-12, 1.9460483731212467e-12, 3.957960591486766e-12, 3.53610209270681e-12, 1.9631869566099955e-12, 2.070609663753743e-12, 1.4908592865610185e-12, 1.0304177818045766e-12, 1.0973405826508388e-12, 2.0454794704213558e-12, 1.2218031107593017e-12, 2.349068305931537e-12, 2.923144551954086e-12, 3.264227778006067e-12, 2.5803165572635433e-12]","[1.9672447205043605e-12, 2.2429838826965125e-12, 1.3495793886848016e-12, 1.7417371858181043e-12, 1.3987544586852628e-12, 6.943718970118986e-13, 1.1614902732641678e-12, 1.7605783324844437e-12, 2.218020359880958e-12, 1.6564395649018131e-12, 1.817726845493626e-12, 1.1934456021989878e-12, 1.8161888630909916e-12, 7.869200980238245e-13, 2.1661122063633716e-12, 1.708185869426662e-12, 1.158792963027212e-12, 9.80134844647942e-13, 1.3039361545807285e-12, 1.4186020126241167e-12, 8.642883315655338e-13, 1.5775255731516156e-12, 1.4586477458645163e-12, 1.1352147817654495e-12, 1.7762659596166168e-12, 8.822509754888924e-13, 1.0181910999120773e-12, 2.0243101817718336e-12, 9.23325721422092e-13, 1.7267061547960084e-12, 1.5330684782441319e-12, 8.960220111082232e-13, 8.814505871887048e-13, 1.0129425012211526e-12, 3.777335057307131e-13, 1.6947687256307302e-12, 8.813634116591615e-13, 1.4117215486291005e-12, 7.851864007478036e-13, 1.1433607613768524e-12, 1.5578714866254695e-12, 8.995926053654886e-13, 1.6462569254922522e-12, 1.5108246756088872e-12, 1.368449284119389e-12, 1.4697620221453114e-12, 1.398041021295386e-12, 1.5007416378231147e-12, 1.2564024037881055e-12, 1.251043899487964e-12, 1.434522564123188e-12, 1.1898565334354445e-12, 1.0115907494419249e-12, 2.4620753595963453e-12, 1.8754763074677045e-12, 1.3433622689092883e-12, 9.388906909929196e-13, 2.7565532978536896e-12, 1.5914022802114695e-12, 7.539197062315948e-13, 1.1122625862205477e-12, 1.5212033063288305e-12, 8.126337824186842e-13, 8.483577496376645e-13, 1.3492763780844656e-12, 2.691168607082487e-12, 2.220187560232728e-12, 1.983582557063777e-12, 1.090702636822242e-12, 6.606270598919808e-13, 1.536471818890351e-12, 5.504605804669202e-13, 7.622529771542112e-13, 1.0177354130412684e-12, 1.3330977778773843e-12, 9.7454004671084e-13, 6.323518827780539e-13, 1.6916450280404333e-12, 1.5861833468926669e-12, 2.8903292070646263e-12, 1.6261808541764948e-12, 1.1138932740701321e-12, 1.8040458921168925e-12, 5.499125538977797e-13, 1.0581923326900813e-12, 2.8878808249992436e-12, 8.403263977287002e-13, 1.3918815560790967e-12, 1.883778063891842e-12, 6.630315594749561e-13, 2.131447256355091e-12, 1.6405124595480164e-12, 1.6555710219243502e-12, 8.998865187058715e-13, 1.1810864567732442e-12, 7.931366695458915e-13, 8.946040947160787e-13, 1.7647880143599587e-12, 3.3091819690900653e-12, 1.8177370216396975e-12, 7.744663503335399e-13, 6.677307226984454e-13, 1.3454878124681773e-12, 1.2084244965343957e-12, 1.0366017929027706e-12, 8.727846897965665e-13, 1.854005901874741e-12, 1.2598539186945455e-12, 1.1476505049818856e-12, 9.344399082496505e-13, 1.1847262071159365e-12, 1.293683404768935e-12, 8.599597303250471e-13, 1.8964139227382336e-12, 1.940594690203596e-12, 1.2159964976657654e-12, 1.3708652209787962e-12, 8.1755515355768e-13, 1.7400855806786973e-12, 1.1220239319471472e-12, 7.486220410827651e-13, 1.6604616682271796e-12, 2.6869598253057216e-12, 7.193730543105273e-13, 1.2436371601198087e-12, 1.612247138086477e-12, 1.603626183569388e-12, 1.7117577280641614e-12, 1.1199734436946703e-12, 6.557916587137818e-13, 1.4364013743784047e-12, 9.808161923846306e-13, 1.0582090360919813e-12, 1.0555792079750397e-12, 1.195426206974759e-12, 1.1496414506185269e-12, 3.1172201914010387e-12, 1.0806560494730869e-12, 1.418068345553131e-12, 1.3443090762477468e-12, 1.380848565915807e-12, 1.0906601088880754e-12, 1.08426310211957e-12, 7.698578885456804e-13, 3.058863408567135e-12, 2.1004705978015116e-12, 1.7421451331531526e-12, 1.99924802303535e-12]","[1.2194277849420814e-12, 1.5032319313959323e-12, 1.3445208304117519e-12, 1.8800637666721444e-12, 1.3578617678013836e-12, 9.088813408601262e-13, 1.2113724921224126e-12, 9.902590345468038e-13, 1.2136025062096685e-12, 6.761860137633544e-13, 1.0370946592059588e-12, 4.248191117579528e-13, 1.4689642971676882e-12, 1.338521566451926e-12, 1.921659708786636e-12, 9.868166604308201e-13, 2.148206659251949e-12, 1.2075917283738444e-12, 5.613225828742769e-13, 9.561953521348221e-13, 6.261806217545457e-13, 9.808961935757392e-13, 6.239135418951845e-13, 5.320725135283521e-13, 9.051062455493307e-13, 8.585960879379617e-13, 8.531044707685488e-13, 1.3316237625931702e-12, 8.442884266687936e-13, 9.64997042994797e-13, 1.5767465173300907e-12, 1.6207689555240004e-12, 1.0179250312478517e-12, 8.073684608921696e-13, 1.011968872598483e-12, 8.328872437593242e-13, 8.721561915329979e-13, 9.491461888026353e-13, 6.380092749661571e-13, 1.2206258215228284e-12, 1.1766860015756939e-12, 5.011094402610041e-13, 1.0705162614512727e-12, 1.3142343119219407e-12, 1.4334523672382354e-12, 9.848876346271711e-13, 1.1395361269925048e-12, 1.0760373245426448e-12, 1.0129365951066602e-12, 1.2771330275031424e-12, 1.40351387121635e-12, 4.909091106481814e-13, 1.2249320980653335e-12, 1.3207772131624258e-12, 1.2149904900538944e-12, 2.042430007953981e-12, 9.456574317318206e-13, 1.4147988554231222e-12, 9.34526978815032e-13, 1.4697918722600323e-12, 1.1569412579740692e-12, 1.2442066194671426e-12, 5.406425957185035e-13, 7.33426799517129e-13, 6.889702400754341e-13, 1.961725262799082e-12, 6.645041274202541e-13, 1.3846866122704114e-12, 8.564023281200551e-13, 9.5879337400194e-13, 1.0846253588268675e-12, 1.200809359127059e-12, 5.212735152839567e-13, 7.421454997439434e-13, 9.62213940637387e-13, 5.235778488385794e-13, 8.098475386570217e-13, 9.281199332849435e-13, 1.086746209971015e-12, 1.3834288250864816e-12, 1.6276469326558553e-12, 1.1471959465646095e-12, 9.604374936192443e-13, 8.794583093979938e-13, 1.2071020415525769e-12, 1.908719723025379e-12, 7.285603985343192e-13, 1.2148159573904724e-12, 1.1049092448318213e-12, 8.316342779511237e-13, 1.7339448837456931e-12, 2.4827823697100392e-12, 9.267002152145873e-13, 9.153701260868934e-13, 1.244292312156214e-12, 3.6667516249383794e-13, 9.522668437446019e-13, 1.3209656144375493e-12, 2.5582744595267085e-12, 1.1392976984125987e-12, 6.011235063201442e-13, 1.236237650527844e-12, 1.0876772964136715e-12, 1.4806195475211186e-12, 1.129304218690384e-12, 7.570921227814358e-13, 1.9700413914228216e-12, 1.1274924896824255e-12, 5.864738168903944e-13, 8.896994248299268e-13, 7.692958778345371e-13, 1.427904220241434e-12, 4.631391807358202e-13, 9.311401444170098e-13, 1.281177356518003e-12, 5.004769093422843e-13, 1.6236753631918505e-12, 7.694003613852667e-13, 1.2909278636874864e-12, 1.4154196745373872e-12, 1.2694404881853912e-12, 9.304687018921749e-13, 1.6340924778104588e-12, 3.4479987535434525e-13, 9.144790475904294e-13, 1.1065311696529391e-12, 1.2967082943185965e-12, 1.1037634496683223e-12, 8.104987591691897e-13, 1.0630335985898235e-12, 1.0861826380662213e-12, 7.732729672803561e-13, 6.860923457986756e-13, 1.0949160738066269e-12, 1.3942632068759984e-12, 8.919701173570307e-13, 3.3895078626254945e-12, 5.925051634268501e-13, 1.2004387231159414e-12, 1.1131812470009517e-12, 1.3390095585761471e-12, 1.441121499019268e-12, 1.1750675637177126e-12, 8.101036971163065e-13, 1.4030879605716617e-12, 1.0303017409256701e-12, 6.969723908621577e-13, 1.291684425271104e-12]","[2.9356199134018247e-12, 1.9170030839784354e-12, 2.2866439178748943e-12, 2.6303619997265522e-12, 1.118760972071724e-12, 9.470767943568125e-13, 2.424135449564718e-12, 1.664253465094529e-12, 2.4998710926102178e-12, 1.8197054800886717e-12, 2.9422158587271064e-12, 6.239319640738234e-13, 1.9340115446101915e-12, 1.4615175932863415e-12, 2.4069539567082112e-12, 2.0945140079731087e-12, 1.6075316743566773e-12, 2.0940274188290523e-12, 1.8439062170032276e-12, 1.1239291898801494e-12, 1.381181377853808e-12, 2.5267003804616683e-12, 9.964271495829953e-13, 2.137643538436618e-12, 1.1293312640268083e-12, 9.518860586126894e-13, 8.790303363497924e-13, 1.6009879091257062e-12, 1.167251871119306e-12, 2.228092755167026e-12, 1.0097301355004894e-12, 1.1087511115665092e-12, 1.177576960108791e-12, 7.506054401192246e-13, 1.329568106690526e-12, 1.4463494430765549e-12, 1.7231127795567022e-12, 1.8120166104831802e-12, 6.662396551316114e-13, 1.548443873126389e-12, 1.2730931278351678e-12, 1.491318791918854e-12, 3.199517500016563e-12, 1.3212359858880748e-12, 8.438890611710016e-13, 2.5459189404361187e-12, 2.484323367354521e-12, 2.159013594754445e-12, 1.422614269569568e-12, 6.781303466720199e-13, 2.5732923441030346e-12, 2.0604549219147542e-12, 2.163361168449485e-12, 1.5673043081112029e-12, 1.4626689016504473e-12, 2.234779253803944e-12, 1.1671897237901377e-12, 2.7794942981865042e-12, 2.2507017216380907e-12, 9.15024434602011e-13, 1.66111828121548e-12, 2.2424225812832574e-12, 1.491172404589004e-12, 8.353768307167943e-13, 2.4119539696819204e-12, 2.5136188612536203e-12, 2.794696407335233e-12, 2.735803332864592e-12, 1.0407858553874969e-12, 9.452884375821623e-13, 1.3180392080295598e-12, 1.1480385003136549e-12, 1.0032779959929653e-12, 9.65189561563447e-13, 1.4288930989285937e-12, 9.880213436009952e-13, 8.027547858163878e-13, 1.4093945116236943e-12, 1.910545214101093e-12, 2.1072125336651993e-12, 2.3941374653038396e-12, 2.1458748793762346e-12, 1.0956962038505026e-12, 1.1264607585221028e-12, 1.639453552467512e-12, 1.770792041083139e-12, 1.784824374305847e-12, 5.668256501871764e-13, 2.5131821964783893e-12, 1.5763414256974764e-12, 2.1175011271751313e-12, 1.3868495319677983e-12, 1.351412346816144e-12, 9.235242740293217e-13, 1.588812679356721e-12, 7.271912408378957e-13, 8.943341140287498e-13, 1.4879096893714344e-12, 3.546064600041603e-12, 2.430878615895449e-12, 1.0448136208011922e-12, 2.1596264431918214e-12, 1.078588622475612e-12, 1.491499168767806e-12, 1.5994573264076564e-12, 8.352003662087256e-13, 1.7080614108408771e-12, 1.4888762279516561e-12, 8.300224351096506e-13, 1.930685210277365e-12, 2.3552607419127564e-12, 2.0921583890831556e-12, 8.663211897596672e-13, 1.3151827194845536e-12, 2.048014114432768e-12, 9.839535096404942e-13, 1.6989445478405942e-12, 8.973789639165672e-13, 1.6986586985689808e-12, 9.150453680370034e-13, 1.5629907474788571e-12, 1.9378895837213934e-12, 3.6089376724404698e-12, 7.554426053242787e-13, 1.3095221071093866e-12, 1.3345977738118206e-12, 1.4774535213707099e-12, 2.3416859260510638e-12, 1.1489031613961205e-12, 1.4900513147361891e-12, 1.2443654869557641e-12, 1.2325582143878317e-12, 1.208987844348997e-12, 1.3168665311546293e-12, 2.2761553732105386e-12, 9.671289519456905e-13, 2.683947988301961e-12, 1.0519242276593584e-12, 1.9604582055155548e-12, 1.3522686953989281e-12, 1.048672248796615e-12, 1.7276447151701073e-12, 1.7189605956028106e-12, 1.447726327548906e-12, 1.4551287752594744e-12, 1.6488435969011202e-12, 3.69990399895159e-12, 2.6065566538813e-12]","[3.9945143471879274e-12, 2.808234373870976e-12, 3.416563458112445e-12, 2.809895663187724e-12, 2.094053405459478e-12, 1.5139937692600948e-12, 3.496048698247601e-12, 1.62399399677242e-12, 8.404944434712765e-12, 1.9948423172992386e-12, 2.8363000606524315e-12, 2.6000955583543187e-12, 3.3828063833654723e-12, 3.173211013371013e-12, 3.019657046212896e-12, 1.5641054178274005e-12, 3.2365661153621556e-12, 4.148369436727719e-12, 2.214602192376736e-12, 2.292193040269552e-12, 1.758256645218592e-12, 3.5498763232547145e-12, 9.991960388430042e-13, 2.2901129197217394e-12, 2.1422564472981448e-12, 1.3551967728987961e-12, 1.635523748493786e-12, 1.8389142125400753e-12, 1.9066680384416818e-12, 3.790534885536457e-12, 1.4917034143733976e-12, 1.4712197184588453e-12, 1.5572033668005209e-12, 1.1643210463764368e-12, 1.7168001725312114e-12, 1.555080373143777e-12, 2.3383319936891492e-12, 1.8831567011751966e-12, 9.358011250987356e-13, 2.6707257110674074e-12, 2.235041556255475e-12, 2.817026785533598e-12, 7.78961387998647e-12, 2.1779843198087583e-12, 1.0955072743980121e-12, 2.7157944817686314e-12, 2.9636203817919114e-12, 2.943673758786742e-12, 2.9356663020211282e-12, 9.314182842318862e-13, 4.08341408592354e-12, 2.8549973950642133e-12, 2.4289380381004596e-12, 1.3084106606698387e-12, 2.4111068405307732e-12, 2.826233619053108e-12, 4.5143723048139355e-12, 1.6220346200671607e-12, 3.7357868699894374e-12, 1.4701307509327731e-12, 2.792486842814067e-12, 3.811842439812089e-12, 2.7263491314721086e-12, 1.3273153764601265e-12, 3.955694561484992e-12, 2.734792265628501e-12, 2.219105170100348e-12, 5.269099636975399e-12, 1.8786073409508455e-12, 1.4448704367903476e-12, 2.25820855014426e-12, 1.7285175115819593e-12, 1.2418177836689976e-12, 1.3802037977343231e-12, 2.7401712159604757e-12, 1.70874510308489e-12, 1.5646009175158101e-12, 2.675768414101874e-12, 2.536342380731611e-12, 3.1381809918016934e-12, 3.430765707101931e-12, 3.4228698376728923e-12, 1.697958298330886e-12, 1.9207993422870886e-12, 2.364750848814799e-12, 2.564524746570605e-12, 2.788111235862547e-12, 1.2264660567194531e-12, 5.413151530400285e-12, 3.3177102262729414e-12, 3.107428018917377e-12, 3.790891003182268e-12, 2.4460845198948608e-12, 1.1294384011009551e-12, 4.5291037949141575e-12, 1.2463081632143136e-12, 1.4310791445822726e-12, 1.3380958850678226e-12, 2.593207748122007e-12, 4.2304193375377455e-12, 1.1339767381701418e-12, 2.328180886043168e-12, 1.7859467632406346e-12, 3.0222881213140204e-12, 2.6910396912455094e-12, 1.600695815112678e-12, 1.775906451095756e-12, 2.532776824365717e-12, 8.441248635837566e-13, 3.7569804503058035e-12, 3.141575719930017e-12, 2.4596012597490405e-12, 1.987617345859072e-12, 2.4028095925378487e-12, 4.015785130290205e-12, 1.2884806487689997e-12, 2.7292056779974773e-12, 2.2586272497743078e-12, 2.189723275043846e-12, 1.7175213583773667e-12, 4.998507684758721e-12, 3.262134146843713e-12, 5.173172888882505e-12, 9.36648952654101e-13, 2.3823565159690153e-12, 2.5471528411055706e-12, 1.4732979524465256e-12, 3.6193548200675425e-12, 3.2000070374584008e-12, 1.5732700396137595e-12, 2.527167972619293e-12, 2.1544063023532575e-12, 2.6530497608864523e-12, 2.005406165379051e-12, 3.995763313631381e-12, 1.7990565858738926e-12, 3.99875695234074e-12, 1.8986246951197924e-12, 3.004973829797896e-12, 2.8513972697157956e-12, 2.3075245734383655e-12, 3.0356695917128812e-12, 3.1398428128380657e-12, 1.9196184169607138e-12, 3.0355503713084453e-12, 2.659871542156355e-12, 4.97891113440182e-12, 3.300430579429401e-12]","[9.721894611130183e-13, 1.6068845514029425e-12, 1.0696549123220009e-12, 1.8101342532542197e-12, 1.1525905591358281e-12, 1.8863153584560575e-12, 1.3055269188252666e-12, 7.37737535922077e-13, 1.3775852029294614e-12, 8.236246586370335e-13, 1.2495302731305437e-12, 9.83428851025678e-13, 1.5548193321298502e-12, 9.027630785525828e-13, 1.412250750980511e-12, 1.4835863894575163e-12, 2.0865135143741556e-12, 1.0871104583882058e-12, 1.246349531721657e-12, 1.089225685235105e-12, 1.0246861410961e-12, 1.2426604194629329e-12, 5.691158912607001e-13, 1.0380418302233375e-12, 1.2544792667154278e-12, 1.0696997592866952e-12, 9.247195565412363e-13, 1.1528611409593857e-12, 5.348636142349252e-13, 5.633299041142192e-13, 1.2047420665293655e-12, 1.3213723110399838e-12, 1.7780346197202815e-12, 1.2911679829180437e-12, 1.1132525331956978e-12, 5.841798672383068e-13, 1.32467886215978e-12, 1.1678504524996214e-12, 8.54214841954965e-13, 1.4632581458688699e-12, 1.3894338737886169e-12, 9.086021520191697e-13, 1.5808592732611153e-12, 1.0143255294303087e-12, 6.563737920019076e-13, 1.403859998116332e-12, 1.7240374826707824e-12, 1.1006728518474296e-12, 1.1428782738042002e-12, 7.110294197416115e-13, 3.1313496149135423e-12, 9.776135664912795e-13, 1.6150590244991862e-12, 8.108725762065192e-13, 8.006929809072258e-13, 2.0189442651117157e-12, 9.962417721579258e-13, 8.142053018150425e-13, 1.6957779147127759e-12, 2.0799493806754824e-12, 1.0646947876291871e-12, 1.1617094822480374e-12, 1.3694919871648426e-12, 9.68399229032743e-13, 1.052779453845578e-12, 1.3387909202440793e-12, 7.203564534886389e-13, 1.127630721138337e-12, 5.210136930963768e-13, 1.1865197635547106e-12, 5.333294306161378e-13, 1.6414043502166627e-12, 9.75284191785369e-13, 1.2617438676293238e-12, 7.082288738885309e-13, 5.412004489064902e-13, 1.0093584937091287e-12, 7.05047417124327e-13, 1.5335642746304322e-12, 2.091683180887319e-12, 1.3244057383891652e-12, 1.2812957281695889e-12, 1.1044690641752489e-12, 7.599454792188248e-13, 1.3888422597023407e-12, 1.868887003888902e-12, 6.450991710731771e-13, 9.452546332640881e-13, 9.61654177344115e-13, 1.5062263852339723e-12, 2.436846591488346e-12, 1.0187220380048543e-12, 8.588715720101412e-13, 8.700110700116093e-13, 1.8158188091532052e-12, 6.73141414517476e-13, 6.237376216465172e-13, 1.4090041478895344e-12, 2.0099522574778695e-12, 9.304825873430073e-13, 1.0300601180428489e-12, 2.6392957467864815e-12, 1.1366793642538343e-12, 7.129192865250069e-13, 1.716349955586784e-12, 1.7008298854838457e-12, 1.094162762135043e-12, 1.301734630023983e-12, 4.754792778972519e-13, 2.089782502724242e-12, 1.0174506715506387e-12, 1.1040150641269846e-12, 1.1824520853991398e-12, 7.806882554182595e-13, 1.1295590237050578e-12, 5.110173821780265e-13, 1.795297967116797e-12, 5.163710530580488e-13, 1.2197120064518026e-12, 1.2810660117181379e-12, 1.0186583839084249e-12, 1.4678007978510556e-12, 1.2018051252788666e-12, 7.898616877252966e-13, 1.2585791397806185e-12, 1.0679320456884314e-12, 1.1609441355035257e-12, 1.1427950646567467e-12, 1.4979649878285865e-12, 8.520965007463592e-13, 9.286224937026578e-13, 7.169422983156182e-13, 8.649666412462273e-13, 1.3662227680868548e-12, 9.075879238512492e-13, 1.4301734845731993e-12, 2.3934137084079918e-12, 7.57666146865609e-13, 1.1362099793123228e-12, 1.8155136494085983e-12, 1.4350296748857501e-12, 2.3305459722706785e-12, 7.849587338717827e-13, 8.396353795845037e-13, 3.082437412936148e-12, 1.7785286965705366e-12, 1.3131879921131047e-12, 2.4371235532272408e-12]","[3.090077774195924e-12, 3.0406572605288106e-12, 1.1631175695216973e-12, 1.787733607333894e-12, 1.7660632440915908e-12, 1.485673279294185e-12, 1.4327346120728664e-12, 1.1408550475001681e-12, 1.03232795077325e-12, 1.3335572046340445e-12, 1.8473177962962465e-12, 1.3483455156530255e-12, 1.4831982529476187e-12, 9.503065827124867e-13, 1.1487032801066575e-12, 1.4547493293681185e-12, 2.894648433111523e-12, 1.0394006341058628e-12, 1.642916344206954e-12, 1.6126365591500517e-12, 1.08575579565646e-12, 1.3463222235492849e-12, 1.0107235875910476e-12, 1.278433390260503e-12, 1.557024568355e-12, 2.0943264665431304e-12, 9.492939265503e-13, 1.666219687681298e-12, 1.6072829428455484e-12, 5.506128667599467e-13, 1.4281271729712326e-12, 1.4502903424414381e-12, 2.0418379804184625e-12, 1.5948901507774976e-12, 1.2765567766649432e-12, 1.2675336013869923e-12, 1.6714937852604165e-12, 1.8624881504302387e-12, 1.1453160223026678e-12, 1.7699138298131447e-12, 1.2723683492211218e-12, 1.290822071979589e-12, 1.820692976253708e-12, 1.3068010749575723e-12, 1.3761718032831348e-12, 1.6108902755213164e-12, 1.6204362219942482e-12, 1.0317875906053162e-12, 1.7617875363030235e-12, 1.2813007288249482e-12, 2.3876823124347782e-12, 9.076047327431812e-13, 2.483252599096697e-12, 9.982746588580597e-13, 1.5670025099841693e-12, 1.4870494006931635e-12, 1.2483374459703085e-12, 9.307761501959154e-13, 1.5806629278094536e-12, 2.087973032493607e-12, 1.5194227925552982e-12, 2.737863075616971e-12, 2.01676085911423e-12, 1.3546572320090453e-12, 1.4900758219156366e-12, 1.8058400503317494e-12, 1.7152282231532067e-12, 1.6743589654317918e-12, 1.0741144716419015e-12, 2.0337283171478017e-12, 6.148379314923169e-13, 1.5100471671016498e-12, 1.0829951080911792e-12, 2.093104415229975e-12, 1.903910161184526e-12, 1.4623210430144753e-12, 1.8396661248215178e-12, 1.6935776833677302e-12, 7.093755165162003e-13, 2.952663316891147e-12, 2.951519187815632e-12, 1.0501683197741124e-12, 1.2664489913519163e-12, 7.539993384415536e-13, 1.5253790427577964e-12, 1.7340777511901386e-12, 7.181093338240536e-13, 1.4965197007622607e-12, 1.3767416024990634e-12, 1.025076196129971e-12, 2.4666710124613784e-12, 1.2595441684974121e-12, 1.5302575589357488e-12, 1.5452610066772436e-12, 1.9532718726556927e-12, 1.142862702594749e-12, 8.492148537102198e-13, 1.9421972588384252e-12, 1.6504087874463837e-12, 1.474381889664918e-12, 1.186603497596195e-12, 3.1948270956021787e-12, 2.1373687023163382e-12, 1.5060508990619483e-12, 9.702565217664183e-13, 2.202239264708562e-12, 1.2774047006407742e-12, 1.918951289663526e-12, 9.784779427322267e-13, 1.5320740579265572e-12, 1.2522276640725118e-12, 1.1323061719822784e-12, 2.118123198151075e-12, 1.7775984333115269e-12, 1.8482277324724463e-12, 1.5843871918830114e-12, 2.0630207391010814e-12, 9.047850838827816e-13, 8.079061222530011e-13, 1.5081603064656121e-12, 1.5652274802341961e-12, 1.3142138260931718e-12, 1.2236589328806136e-12, 1.6137052577546364e-12, 2.0655484326235168e-12, 1.6074366326801094e-12, 2.239289338223483e-12, 1.4945223792606556e-12, 2.0894951134557534e-12, 1.642109581700041e-12, 1.8989653554689592e-12, 1.2392252978342304e-12, 1.6544463546218004e-12, 2.2992056642081152e-12, 1.1447789633237385e-12, 2.64453352954111e-12, 1.8536822787761445e-12, 1.2088093547495453e-12, 2.30226479866954e-12, 1.8169533401875102e-12, 1.3549709223956893e-12, 2.154464779835407e-12, 9.92101491693363e-13, 1.2659063009803674e-12, 2.265982796875956e-12, 1.670244019049041e-12, 2.1015483698941246e-12, 1.93147867224727e-12]","[1.6304324928854504e-12, 2.458619216390111e-12, 1.9440026833912753e-12, 1.888111229014515e-12, 1.395623669110166e-12, 2.3148485989135338e-12, 1.858713338649814e-12, 8.735354834246547e-13, 2.9042905598657285e-12, 1.559934478341691e-12, 2.9715744683292817e-12, 1.4643172782013528e-12, 1.953020105275671e-12, 1.952588956974153e-12, 1.5124272073453813e-12, 2.8106764303138614e-12, 3.0875681595187357e-12, 1.6223321327075902e-12, 1.9022721815757585e-12, 1.6646366133314687e-12, 1.2179186944716032e-12, 1.851899273746359e-12, 7.273915619107434e-13, 1.7080585058987155e-12, 1.189079334539046e-12, 1.6297582041099124e-12, 1.2115685573013226e-12, 2.079327841590381e-12, 1.2111136998056148e-12, 6.113958172864117e-13, 1.4627492805721917e-12, 1.3612218606233312e-12, 1.92189497466687e-12, 1.8112915054695395e-12, 1.6194975328785941e-12, 1.1971462684261261e-12, 1.7223443355543686e-12, 1.6952451266702038e-12, 1.2398353888229266e-12, 2.1864606143130094e-12, 1.7863175372510887e-12, 1.468902671329447e-12, 2.4352627659185006e-12, 1.063660074272136e-12, 1.450490115079034e-12, 1.971693405286877e-12, 1.840366119425061e-12, 1.258717796920281e-12, 1.934193257475596e-12, 1.496911181896202e-12, 3.748068113535876e-12, 1.3717740114982344e-12, 2.0192395715118177e-12, 1.1371991562757157e-12, 1.3371218861207453e-12, 1.8274641240210216e-12, 1.9349420771320025e-12, 1.2762804990739052e-12, 2.628329905876282e-12, 2.630850445242556e-12, 1.2837353717014643e-12, 2.0119819160640684e-12, 2.0236776973793876e-12, 1.6824616985583755e-12, 2.1604686954067166e-12, 2.2753586430875506e-12, 1.900678476806443e-12, 2.13426962061446e-12, 8.578457717739932e-13, 1.8922349002767165e-12, 9.823123205439294e-13, 1.4557629919142479e-12, 1.8852533837532145e-12, 2.035728435534287e-12, 1.4345495263347705e-12, 6.7947922362058e-13, 1.354870084565733e-12, 1.7769403261021637e-12, 9.66747941844411e-13, 3.5680310150670067e-12, 2.495665957013241e-12, 1.3055261257848334e-12, 1.7440664653416256e-12, 1.420865449128122e-12, 1.8039389322453686e-12, 1.4834191779325523e-12, 1.199753917906613e-12, 1.7872027577170443e-12, 1.7437239249074111e-12, 2.365145693218025e-12, 2.221843807196076e-12, 1.5861327600727282e-12, 1.9755288956569503e-12, 1.4453665023181465e-12, 3.078912835620111e-12, 1.1256444899509753e-12, 1.0624278275777566e-12, 9.848851639851984e-13, 1.5023128750198298e-12, 1.4455402285774904e-12, 1.1608434186217297e-12, 3.184831310747749e-12, 2.0601478474495403e-12, 1.0867607162790836e-12, 1.8819323312952273e-12, 2.4971142042609887e-12, 1.2186658941432615e-12, 1.4564410287348475e-12, 8.247384316950968e-13, 2.5468048995097465e-12, 1.6372326826448426e-12, 7.16456457191231e-13, 2.38890025964605e-12, 1.3812831809550503e-12, 2.0043399519612055e-12, 1.313809233664253e-12, 2.2682103700782066e-12, 1.032362863753501e-12, 2.290308845290101e-12, 2.0056674465878473e-12, 1.9831466636952273e-12, 2.300741650552031e-12, 1.4235637763607006e-12, 1.3821934917518176e-12, 2.3862142550171346e-12, 1.9001450846758157e-12, 1.7090999053816175e-12, 1.419726301127283e-12, 2.5119485920529107e-12, 1.1496329672682525e-12, 1.874378080760134e-12, 1.3707463822710284e-12, 2.1177990929148483e-12, 1.7618631897938962e-12, 9.361618989790293e-13, 3.2662178513686173e-12, 3.8167292326247295e-12, 9.31706871402304e-13, 1.5806664648202066e-12, 2.5765506324375383e-12, 2.9838869671042254e-12, 4.043211436183073e-12, 1.8413880197930893e-12, 9.915057384362348e-13, 3.6675436462424255e-12, 1.5514260607755095e-12, 2.73333073121852e-12, 3.698918628143626e-12]","[4.205868649044091e-12, 5.238246729164738e-12, 6.951664433765498e-12, 6.0659235124033565e-12, 3.0689911551158694e-12, 5.3287052543208e-12, 5.297339717436771e-12, 3.2297993067542405e-12, 5.298451828810769e-12, 2.7443411704202514e-12, 6.076251687720038e-12, 2.6694469549643115e-12, 5.512345583622751e-12, 8.4887688409588e-12, 3.375091388387561e-12, 4.70632853650869e-12, 4.540434997062398e-12, 4.1443870648849655e-12, 6.5334028606946145e-12, 3.4647600244636e-12, 1.662301323281658e-12, 3.5661616477401244e-12, 4.560585867430203e-12, 3.791504707982863e-12, 1.550333044086809e-12, 1.497226776250036e-12, 1.6357804782228453e-12, 4.214461057905075e-12, 2.8320422377742413e-12, 2.2036574296159716e-12, 4.321024692944569e-12, 2.7125905423559143e-12, 2.579521985543968e-12, 4.822040309523506e-12, 3.0867956170256473e-12, 3.1355252598315583e-12, 1.6727229668920789e-12, 2.2363457396241992e-12, 1.935958088214126e-12, 2.286385866311273e-12, 4.2620672935261165e-12, 3.119466930516198e-12, 2.668483929547125e-12, 1.8878444637634004e-12, 3.1692555438583266e-12, 1.7568359996988985e-12, 3.3695117980523973e-12, 1.5767880666221494e-12, 2.186261493173368e-12, 2.433637441088573e-12, 4.449437750823002e-12, 2.081281383436747e-12, 2.192351372334234e-12, 2.9092428825835703e-12, 2.19600933909687e-12, 2.6088021270298043e-12, 2.095444215469264e-12, 3.411484848864413e-12, 2.674222047071509e-12, 1.9864313431231177e-12, 2.311182309318295e-12, 2.4961063312827096e-12, 2.3513120009874605e-12, 2.1646836197640906e-12, 3.173136343947652e-12, 3.178240093043911e-12, 2.2079456626990456e-12, 5.021085634162816e-12, 1.4698752793098403e-12, 9.395765454920522e-13, 3.2708400532604966e-12, 1.3596915534750766e-12, 3.080872414298896e-12, 1.834167861203899e-12, 1.6357035658254697e-12, 1.7990507511954153e-12, 1.8578153940845556e-12, 4.091169464471326e-12, 2.6552657756958688e-12, 5.607847120050421e-12, 5.699672351000167e-12, 1.9876927484312576e-12, 3.7974984244538655e-12, 2.5737983701104135e-12, 1.935532599435407e-12, 2.6033074421400037e-12, 2.3179123150768266e-12, 2.7690139616676128e-12, 4.439200431785771e-12, 3.191205429571622e-12, 2.6795715808701807e-12, 3.3968339374907035e-12, 3.7765603436597176e-12, 2.4478408297412453e-12, 3.44735670719916e-12, 1.390641258323441e-12, 1.8853185105668913e-12, 2.1506932037102635e-12, 1.545750720866702e-12, 2.556821577440416e-12, 1.0671186305024616e-12, 2.6487819398143034e-12, 1.8976528586999736e-12, 1.7772592458279728e-12, 3.0939372362086597e-12, 2.2155660193167144e-12, 1.1961590990250942e-12, 3.401782887452442e-12, 2.021828077824027e-12, 3.0121653203310984e-12, 2.030039201613813e-12, 1.6092675596590903e-12, 3.1923886973899188e-12, 2.31249628349438e-12, 4.137336878083716e-12, 2.7984576056680928e-12, 3.416917613315408e-12, 2.724383193948553e-12, 3.882718635270638e-12, 2.0463910919534313e-12, 2.0508877813543464e-12, 2.122423469859895e-12, 2.842245496169869e-12, 2.277099709336617e-12, 3.1091722904748293e-12, 2.7734843108148078e-12, 2.1872361016667383e-12, 2.804125916670412e-12, 4.6656073893927795e-12, 1.9491619181935387e-12, 3.2875482523105265e-12, 2.3806185498327685e-12, 2.979624823927469e-12, 2.1251961173615986e-12, 3.7477987840961505e-12, 5.020385108659593e-12, 7.420015032852136e-12, 2.02547587473594e-12, 2.595940668038904e-12, 2.689107166963514e-12, 6.846727997401701e-12, 4.786491610799475e-12, 3.6025836350913012e-12, 2.0088428382739335e-12, 3.0401945889022117e-12, 4.321326473046285e-12, 4.5624120492229516e-12, 5.024994370358164e-12]","[3.6849807651557655e-12, 5.907784433963239e-12, 5.0200210629344e-12, 6.128723657296614e-12, 2.2717417282923456e-12, 3.5742899818087434e-12, 2.7460669321721334e-12, 1.729163222536177e-12, 3.983155060346807e-12, 2.1274120520024384e-12, 5.5523061939137444e-12, 2.372937623165911e-12, 3.5071050389762342e-12, 4.809546565411666e-12, 2.879039497454162e-12, 2.7949667529312723e-12, 4.47952407833434e-12, 2.881844935739167e-12, 4.4070720619331285e-12, 3.751568843909187e-12, 1.1015492271691247e-12, 2.1872103928234365e-12, 2.8279250957086028e-12, 2.908089409296509e-12, 1.844883622806759e-12, 1.5603147580921871e-12, 1.8079185365123712e-12, 4.206204842597594e-12, 2.9686334203862915e-12, 1.4389399264863954e-12, 3.4273355295406715e-12, 2.405333897375134e-12, 2.3966310540945705e-12, 2.7923512098373967e-12, 2.0795409879992463e-12, 2.9714569621413067e-12, 1.8192912058384442e-12, 2.4675247175012898e-12, 1.3753481903411614e-12, 1.95195401085255e-12, 2.073064979937856e-12, 2.649588963598959e-12, 2.483419911848675e-12, 1.597688895277901e-12, 3.1524043159353884e-12, 2.0385679378031495e-12, 3.426725939953385e-12, 1.1002306300367076e-12, 2.1174469541903325e-12, 2.1640401348570786e-12, 4.2349635091553105e-12, 2.1407589975368097e-12, 2.8587343514386706e-12, 2.7713685561290094e-12, 2.91529378053701e-12, 2.3201557381709413e-12, 2.5442419750791634e-12, 2.3543415546863465e-12, 2.974937760292019e-12, 2.6749373818101602e-12, 2.022285810993445e-12, 3.1058840072149367e-12, 2.8928658915416756e-12, 2.641322635179748e-12, 2.6337793408825105e-12, 3.3347557002713457e-12, 3.899561639567018e-12, 3.744427513073908e-12, 1.187672891261311e-12, 2.1832674128822293e-12, 2.2912294659630997e-12, 1.329851054999415e-12, 2.765533675801047e-12, 2.535295162058025e-12, 2.432238549660968e-12, 1.7280820445970927e-12, 2.25282636875691e-12, 4.903419884633965e-12, 1.3064000821287576e-12, 7.487979812584508e-12, 5.8622201014680534e-12, 1.7315785253501932e-12, 3.1096531845414116e-12, 1.7083227184051482e-12, 2.064494884159369e-12, 3.203359645658633e-12, 2.225719778571872e-12, 3.5172121018186827e-12, 3.2985947865520727e-12, 2.7620559917514415e-12, 2.6302456409778453e-12, 2.2924999933211238e-12, 3.284700522706297e-12, 2.5929663357536928e-12, 2.6329076704475164e-12, 1.6613821403809662e-12, 1.453804998168014e-12, 1.9321946782511756e-12, 1.8671465203147204e-12, 2.783629836787788e-12, 1.3474465748362573e-12, 3.5159238165480567e-12, 2.554220848919379e-12, 1.5054668718270637e-12, 2.430538202306335e-12, 2.2075543432434525e-12, 1.3238495899867012e-12, 1.9258545330432463e-12, 1.422520421487319e-12, 2.149751270936998e-12, 2.943687096913463e-12, 1.83280624485161e-12, 3.055844754723061e-12, 2.1383155938407247e-12, 3.601753493526508e-12, 2.9121391249120297e-12, 2.7250493746605987e-12, 2.4915767947873517e-12, 3.2447899578249435e-12, 1.767309511127045e-12, 2.5414788730894292e-12, 2.056042535475986e-12, 2.8880784339937933e-12, 3.072846606417539e-12, 4.29798511634345e-12, 3.1016228235093594e-12, 1.6087170323588507e-12, 1.8964607482816064e-12, 4.581038010689652e-12, 2.1287784367900303e-12, 3.280009907392918e-12, 2.7534133868062637e-12, 3.593218376509636e-12, 2.3285746068753276e-12, 2.017029846542671e-12, 5.547991795580463e-12, 5.521999296105098e-12, 1.7154432875698088e-12, 3.3360960695254663e-12, 2.7084696505407187e-12, 7.329267675353512e-12, 6.445355427937475e-12, 3.2866173729878437e-12, 1.5721720432519092e-12, 2.321677638271103e-12, 3.661548609117673e-12, 3.3313073507518974e-12, 3.836604832495317e-12]","[5.182436492212896e-12, 5.499365481206215e-12, 2.8166177180289532e-12, 4.131707929107304e-12, 1.5120729248884103e-12, 3.4761980547159398e-12, 2.099207770310382e-12, 3.796201152834945e-12, 2.317835480656225e-12, 2.8601353347541704e-12, 3.1882937766026403e-12, 2.8996055951051905e-12, 2.549334361267979e-12, 2.6770084764377854e-12, 2.1741036492268877e-12, 1.0912664632949099e-12, 2.580034503375114e-12, 1.7641241282778247e-12, 3.1620129917868715e-12, 3.4383400546642615e-12, 1.1105272497305652e-12, 2.054642149968974e-12, 2.884986708791726e-12, 1.564487983920325e-12, 3.000818362465615e-12, 2.3922530133646903e-12, 2.1982574280136404e-12, 3.5908573717992682e-12, 2.3517680391948614e-12, 1.728814566945822e-12, 3.266675977936241e-12, 2.8250961129566133e-12, 3.546038510229072e-12, 1.8408081897552662e-12, 1.5230569655494238e-12, 2.3188563105107873e-12, 1.8066554812489922e-12, 3.2319978967889042e-12, 1.3102916510555443e-12, 1.5450339368809118e-12, 2.6807642701004012e-12, 1.6540622622783029e-12, 3.0044245165181316e-12, 1.2777303540565358e-12, 3.22108905988403e-12, 1.7728992788784466e-12, 2.414564973630908e-12, 1.7182447022624776e-12, 3.297656080006908e-12, 2.1058778749704027e-12, 4.1340250635143766e-12, 1.70003015324248e-12, 3.359681262493868e-12, 2.5994702232131584e-12, 3.1765743026066664e-12, 1.655500173506736e-12, 2.062369903168029e-12, 2.093696300197525e-12, 2.2535170685896267e-12, 2.189401918319968e-12, 1.6813147975161642e-12, 2.999779821224604e-12, 2.590895468519553e-12, 2.0721275322301722e-12, 2.1628019779716827e-12, 2.4462078492763893e-12, 2.9149937505252327e-12, 2.7112648876992765e-12, 1.909331248098988e-12, 2.05367754134339e-12, 1.3055052705580638e-12, 2.0581665899255766e-12, 1.9002732947013228e-12, 2.516132093747255e-12, 3.760587030795232e-12, 2.3450063660586944e-12, 3.999954176472726e-12, 3.989505619256466e-12, 2.64400145426975e-12, 3.66527201359107e-12, 3.4477787005732036e-12, 1.0503155249185318e-12, 2.4103699642472275e-12, 1.1476107431937671e-12, 1.8306478527637858e-12, 3.691953629137028e-12, 1.1587930446327834e-12, 2.4100495245403157e-12, 2.7891165252511916e-12, 1.7078716637178066e-12, 2.5147286816031427e-12, 1.999612080247287e-12, 2.109172931415147e-12, 1.8764447719769767e-12, 2.898543170053797e-12, 1.906166774293181e-12, 1.4205819747821824e-12, 1.946713270719807e-12, 1.8231496099050663e-12, 3.117812433313464e-12, 1.4099330970435767e-12, 4.217338350902442e-12, 2.6126843069673146e-12, 3.631402622982187e-12, 1.1525680350719172e-12, 2.470730085537552e-12, 1.2892105322575226e-12, 1.2734764079045936e-12, 1.060421922503649e-12, 1.284540359023786e-12, 2.9945984352135626e-12, 3.883287105841359e-12, 1.5898297069418767e-12, 3.3092278621095857e-12, 2.529729860686434e-12, 2.8284462273216686e-12, 2.3467884790401535e-12, 2.2281884740197865e-12, 1.5375133615101983e-12, 1.1244802971024587e-12, 1.2781107564884933e-12, 1.5353523089453477e-12, 2.8505087215558762e-12, 2.5743257732076753e-12, 1.9078131496332108e-12, 2.6078735411752425e-12, 2.5847217129879676e-12, 1.1509515532003807e-12, 4.241875587358607e-12, 2.5617613661099533e-12, 2.6439878063010005e-12, 2.4164966183683918e-12, 2.5612780909946748e-12, 1.8654865234228355e-12, 2.7244373930908077e-12, 2.4182387891419633e-12, 2.0350875605731064e-12, 2.4059113438371177e-12, 5.284813385636165e-12, 1.5548066721187456e-12, 3.585217076286284e-12, 2.4352061222703604e-12, 2.239472264553112e-12, 3.0122399423761207e-12, 1.8948157963618018e-12, 3.7307076156555985e-12, 2.044304405155189e-12, 2.344950252460072e-12]","[4.484679663424809e-12, 4.144990946425925e-12, 2.4284745679841996e-12, 2.557772266794908e-12, 1.6578643923729396e-12, 3.1032137231745184e-12, 2.0825082626082928e-12, 3.524924004966727e-12, 3.892737508512334e-12, 2.2622083365529826e-12, 3.112144071134385e-12, 2.6798729886535547e-12, 2.5607923192092944e-12, 2.0957752089782275e-12, 3.3503925912322604e-12, 1.92784899772309e-12, 2.5306379297845595e-12, 3.3058987130947065e-12, 1.927720280802946e-12, 2.180476586269829e-12, 1.9994509488273225e-12, 2.584889103386476e-12, 2.046409938637612e-12, 2.663076244787737e-12, 3.60608465110372e-12, 2.3690785461166276e-12, 2.8094715915602813e-12, 2.5861138971439538e-12, 1.7260523601588818e-12, 2.875430293673057e-12, 2.7513846468712376e-12, 2.7412866761821094e-12, 4.448064053017991e-12, 1.44345911012729e-12, 2.0714592427784415e-12, 2.569170149805634e-12, 1.3011974681279013e-12, 2.101810768698235e-12, 1.2669200326440777e-12, 1.1694019271954966e-12, 2.4341325677909817e-12, 2.6740635945471524e-12, 3.904181541670333e-12, 1.7764984810831015e-12, 3.0133675440248745e-12, 2.457701676333488e-12, 2.756247108439145e-12, 2.1392382942608964e-12, 2.83935945539485e-12, 2.2004631140440258e-12, 3.329644048875494e-12, 2.2061662550936897e-12, 2.7576118102099273e-12, 2.4369518873858962e-12, 3.814919869758533e-12, 2.0983540632128614e-12, 1.732731745327335e-12, 1.0859734355069958e-12, 2.6772675106982853e-12, 3.5327295858945836e-12, 1.9899928715431776e-12, 2.114979798130533e-12, 2.6415975596729978e-12, 2.109242300077903e-12, 2.9716670806082647e-12, 2.30817303646646e-12, 3.0434041402534566e-12, 3.8896776827910214e-12, 2.402659462872611e-12, 2.9176893079717042e-12, 1.3669878612280396e-12, 1.8568895535864507e-12, 2.6897809830135554e-12, 2.7879557349771813e-12, 3.8247223173978766e-12, 1.3803285843433847e-12, 3.434400719763443e-12, 3.644625644918847e-12, 3.0171136693202745e-12, 3.800365735453478e-12, 3.125846534969656e-12, 1.6381061008972536e-12, 3.1713121904703266e-12, 1.4354233307256948e-12, 1.7345337725355136e-12, 3.039340176469299e-12, 1.1886117737199672e-12, 2.3769259704256772e-12, 2.875321421656512e-12, 1.1189138748846692e-12, 4.947610366037876e-12, 2.2316055101894594e-12, 2.2842608405498697e-12, 1.8992558678985956e-12, 5.575239308046704e-12, 2.354448626197977e-12, 2.2701941259921276e-12, 1.6001431242766922e-12, 2.058763419021876e-12, 2.7985695537373696e-12, 1.7222857736680186e-12, 2.8270846349378335e-12, 2.790699499726203e-12, 3.365032191212462e-12, 1.1137606351511704e-12, 2.2509227786558708e-12, 2.9065251802961016e-12, 1.6891756484513099e-12, 1.3042689375204291e-12, 1.1395247591067235e-12, 4.606034439481332e-12, 2.500504670218143e-12, 2.127907798472385e-12, 2.460276973942781e-12, 2.5561675734714755e-12, 2.8988334046553495e-12, 2.477053226286902e-12, 1.5828034445001305e-12, 2.470586111046996e-12, 3.254787019969877e-12, 1.7388383310137583e-12, 2.318906537322746e-12, 5.3376417961530924e-12, 1.304514852217359e-12, 2.3587305516630033e-12, 2.3063503475672234e-12, 2.6116747695126993e-12, 1.6332659951902914e-12, 4.938298287025225e-12, 2.7072649384055204e-12, 2.374249340171115e-12, 3.868393056304476e-12, 1.9923281764971077e-12, 2.121968137052888e-12, 2.976125434927749e-12, 2.1044221184835483e-12, 4.135912323528795e-12, 2.5024522048956387e-12, 3.829370381876286e-12, 1.806283240819299e-12, 4.188318145902852e-12, 3.898922552255717e-12, 2.8891927682517383e-12, 3.3305680816275275e-12, 2.511723834617073e-12, 2.795601292908373e-12, 3.2366529168112028e-12, 2.2113928538143293e-12]","[3.9392458079163695e-12, 2.664504454568811e-12, 2.029075035054762e-12, 2.3831227259919564e-12, 2.0758930226134843e-12, 1.5928585795874057e-12, 1.976139037285308e-12, 3.0954719543659363e-12, 3.91397259571603e-12, 2.2107933599648583e-12, 2.225149681590601e-12, 2.1256917514094905e-12, 2.8435065092521826e-12, 2.038587337322634e-12, 3.966358029718146e-12, 2.5634605850565703e-12, 2.4675714215044e-12, 4.86354261076782e-12, 2.3527420915622605e-12, 1.9759637178246134e-12, 2.0517618104094936e-12, 2.835233097020092e-12, 1.830899017207167e-12, 3.533568785721062e-12, 2.4601214410648215e-12, 1.975762264983827e-12, 1.9920588427702262e-12, 3.214452045654064e-12, 1.93051576067708e-12, 2.1054841355777175e-12, 5.030944929778803e-12, 2.18317033690693e-12, 3.3331201835113782e-12, 1.9076119349044717e-12, 2.207844510497952e-12, 2.2466871636698103e-12, 2.041985958238905e-12, 1.802144925018664e-12, 9.87672853371215e-13, 1.7133527417359636e-12, 1.6315872870214582e-12, 3.2105884631598368e-12, 3.2995065531303135e-12, 3.3847321950373884e-12, 2.1760680664467208e-12, 3.2416171723473433e-12, 2.7611175031791718e-12, 2.810098641150786e-12, 3.3026515162702827e-12, 2.0412144510521246e-12, 1.9710058364481657e-12, 2.3438534878361758e-12, 2.1846781988189405e-12, 2.4678162817738238e-12, 3.400659222354616e-12, 2.7124384861253713e-12, 1.8414251104528558e-12, 1.7012058071236019e-12, 2.3197214306269132e-12, 3.4514381373506505e-12, 2.336642913187176e-12, 1.63858076095192e-12, 2.1290722585700896e-12, 1.4722340197079387e-12, 2.6755161044015137e-12, 2.2273206384771865e-12, 2.906703154042613e-12, 4.403545345465943e-12, 2.2405617057699205e-12, 3.966679946692406e-12, 1.8164713246790424e-12, 1.5905226243553414e-12, 2.429387813191775e-12, 2.9487299809055292e-12, 2.6634770749552032e-12, 1.0731530614518118e-12, 2.036074484052047e-12, 2.160308472649307e-12, 4.3402648682271945e-12, 3.588121915464836e-12, 3.355618140962294e-12, 2.9724126761371316e-12, 2.58018917535024e-12, 1.8095995017065635e-12, 1.5076536566413265e-12, 5.27587352540257e-12, 1.5250716095788105e-12, 2.271742503274234e-12, 2.8657526499589345e-12, 9.924399033158723e-13, 5.909689402295298e-12, 2.7252970061116478e-12, 1.7765734070726795e-12, 2.532247138049029e-12, 5.398626786837505e-12, 1.9182488108838797e-12, 2.451827309188646e-12, 3.2162109045964963e-12, 4.007536629196657e-12, 2.5863857555204114e-12, 1.9636811785635755e-12, 2.44546546066105e-12, 2.3572484720890523e-12, 3.932707704374801e-12, 1.4587755125413726e-12, 2.3946300347835032e-12, 3.3095631371390282e-12, 3.525775254392922e-12, 1.275676331827059e-12, 2.3761753523360564e-12, 4.389058984108083e-12, 2.416871342285949e-12, 3.178579827477704e-12, 2.8069550659161553e-12, 2.3901317703010356e-12, 3.37753039336345e-12, 2.499053148342906e-12, 1.788204095981004e-12, 1.787064001720729e-12, 2.860986301563026e-12, 2.8891283594193194e-12, 2.350935523170122e-12, 6.0339075449611456e-12, 1.5658947067418946e-12, 2.2470163687866387e-12, 2.346925621863789e-12, 3.0113947480648377e-12, 2.287545155207055e-12, 3.1918765525652385e-12, 2.5447444529963253e-12, 2.051624992540555e-12, 2.634594855256438e-12, 2.263446821792007e-12, 2.985016831619153e-12, 2.014299543467112e-12, 1.4454060595073e-12, 4.093911455955568e-12, 2.7259483360541626e-12, 3.110461611266064e-12, 2.4706626188275684e-12, 2.317388136342678e-12, 4.187695755529868e-12, 2.6537183546421634e-12, 2.740040367397632e-12, 2.5403870981577017e-12, 3.3948113062055773e-12, 2.9084087774918285e-12, 3.286636620927958e-12]","[4.414578297062654e-12, 2.7333759072251337e-12, 3.945749437467547e-12, 5.239515098920264e-12, 2.142519111863339e-12, 2.0094860143217808e-12, 1.9961668557774492e-12, 4.98069682644854e-12, 5.379102034323736e-12, 2.3607375054977268e-12, 3.699422256581125e-12, 2.6351884253248313e-12, 3.036612630118231e-12, 1.8955652774007664e-12, 2.1654153634817826e-12, 3.447857815941526e-12, 2.1728832781149217e-12, 5.619067683159736e-12, 1.9750834416722983e-12, 3.3378155969329923e-12, 2.5057564266208923e-12, 3.2811455426598794e-12, 2.9639384141384217e-12, 2.86448278831951e-12, 3.83894999451657e-12, 3.340617829058392e-12, 2.7230540369980655e-12, 2.1912542208930365e-12, 2.0416178331440143e-12, 2.7208864338976015e-12, 2.646357862983726e-12, 2.116581831057625e-12, 3.5502769392215195e-12, 2.0064581293879416e-12, 1.6896399190643099e-12, 1.9652023847186067e-12, 1.9330862974758782e-12, 4.302012775962354e-12, 2.1680265611242323e-12, 1.7395629224799195e-12, 1.9931397483644963e-12, 2.2209459249106494e-12, 3.3963256964151405e-12, 3.73556509982992e-12, 1.6268148881525851e-12, 3.555576885753369e-12, 2.5127754424033893e-12, 2.28891259489198e-12, 2.6902358180814917e-12, 1.6020399024519262e-12, 2.3541775258909286e-12, 2.5648055547969493e-12, 2.194335425224786e-12, 3.675291171723037e-12, 3.5507504430738647e-12, 4.304317455916128e-12, 2.763020554612442e-12, 1.196136694745238e-12, 3.2709373751821626e-12, 3.3871338663423785e-12, 2.208139545625518e-12, 2.799923970747629e-12, 2.546542987319424e-12, 1.4753720213374336e-12, 2.135863798405173e-12, 3.3535627543069276e-12, 3.2905808198156382e-12, 5.015396338870785e-12, 3.1329851500391816e-12, 3.483299488950202e-12, 2.6365009711523723e-12, 1.9897363635793454e-12, 2.3613808650426125e-12, 3.652553890028013e-12, 2.9164173113656154e-12, 1.5201505295167899e-12, 1.8101096996979844e-12, 5.3743016674014114e-12, 4.4723656167431935e-12, 4.07205953535465e-12, 3.93240979416483e-12, 3.27273551307797e-12, 3.3263486697416822e-12, 2.6877254495881837e-12, 2.4801483321707414e-12, 7.70344737094467e-12, 2.4085388145162106e-12, 2.398283063559446e-12, 3.758324063434311e-12, 1.9489197723060137e-12, 7.695953770713172e-12, 2.3948988326513257e-12, 2.8292452439673592e-12, 1.9788574385881574e-12, 5.491994095581284e-12, 3.1924439332212143e-12, 3.066939032858234e-12, 1.6639995802724774e-12, 3.1933201073066096e-12, 2.6263082715594038e-12, 1.797462548973282e-12, 2.3271605563383957e-12, 3.5320956614151823e-12, 3.603794250242404e-12, 2.19875914539484e-12, 2.468642576672534e-12, 8.143849410123832e-12, 4.6614706232946645e-12, 1.7709358060451857e-12, 1.366261552407578e-12, 5.4531538629847115e-12, 2.81523899586457e-12, 5.744630632034209e-12, 3.579535251462303e-12, 4.029005721095719e-12, 2.4546159729555952e-12, 3.207806702101494e-12, 3.1283353916385047e-12, 1.9019849907557045e-12, 3.883361007782693e-12, 3.0558035068241637e-12, 2.954525842960441e-12, 7.197978482069315e-12, 3.347764647064296e-12, 3.931538048613512e-12, 2.7923176945660456e-12, 3.64202972329337e-12, 3.869675105153738e-12, 4.108623545965287e-12, 2.8692048880880438e-12, 3.1387609042069945e-12, 3.838619597439275e-12, 2.938469771420493e-12, 5.413472253601424e-12, 1.7503210445089394e-12, 2.6171761806507125e-12, 3.326381856056944e-12, 3.110462718952338e-12, 3.635045536287266e-12, 2.2685813252695332e-12, 4.679674943733747e-12, 6.611864162097078e-12, 4.6633247092009075e-12, 1.5303825094448153e-12, 3.367977800393324e-12, 2.214154167359955e-12, 5.704605098596452e-12, 3.348004413069786e-12]","[2.6756163029048674e-12, 1.4356957103021684e-12, 1.2600887876793494e-12, 1.5694848583718286e-12, 1.3457493944834158e-12, 1.0795799777317853e-12, 1.4591676842414193e-12, 1.5359718071722593e-12, 1.0033786849289104e-12, 8.074513507218657e-13, 8.910648400952357e-13, 1.0238555566364722e-12, 1.62601233373801e-12, 7.413113513181753e-13, 9.023952453802487e-13, 1.1353253531351659e-12, 1.28754511865036e-12, 1.1103448006918579e-12, 7.07206018269229e-13, 1.0781217787187109e-12, 6.062578016285964e-13, 1.5741141898935138e-12, 1.1722644725984167e-12, 7.952064284440458e-13, 1.8466565240980376e-12, 1.4650257129654848e-12, 8.294396596857529e-13, 5.992668396762941e-13, 8.604738397477018e-13, 1.26013664133456e-12, 7.792763259989556e-13, 4.602800067071739e-13, 1.430398636698371e-12, 6.654214417635212e-13, 7.15091629970694e-13, 8.598602785477041e-13, 7.921750467595502e-13, 1.2063463411712013e-12, 1.2022893878841375e-12, 4.958387463256596e-13, 1.7409020347125923e-12, 9.78458451248969e-13, 1.4610052284857243e-12, 1.0900921435009357e-12, 1.066082421594258e-12, 7.793980563159853e-13, 7.720743273533721e-13, 7.319247052427001e-13, 1.171254814811762e-12, 7.843535057718608e-13, 1.0959735838323945e-12, 9.768422236982235e-13, 1.2249297135811822e-12, 1.2045777574373186e-12, 1.243667298847142e-12, 4.89698688593529e-13, 1.1800164969175446e-12, 4.917635590471335e-13, 1.187225346282802e-12, 9.287761391348098e-13, 1.0861113866516484e-12, 1.4543924133999257e-12, 1.0046677318341508e-12, 7.19359779617923e-13, 8.126319780070711e-13, 1.653979458788579e-12, 8.012129017264878e-13, 2.3326375105733237e-12, 1.3016429450113202e-12, 1.0856324092859557e-12, 1.1169521991846478e-12, 1.1282973865901587e-12, 4.233981852306036e-13, 1.0525693404652424e-12, 1.4430344279009589e-12, 5.778874161640708e-13, 1.7179800634253683e-12, 1.3435625634332175e-12, 1.1582049382675712e-12, 9.21665292453056e-13, 1.625660828655781e-12, 7.622287911819863e-13, 7.743428108690602e-13, 7.502835224547505e-13, 6.474846585956736e-13, 1.3319239136306934e-12, 1.0812241877299032e-12, 9.56660914077489e-13, 1.3521719004274748e-12, 2.0123954906107e-12, 1.1427121077490168e-12, 1.2421426240705088e-12, 1.0275498468007997e-12, 7.599894603980567e-13, 1.5762673681403473e-12, 9.241786058422422e-13, 1.298582605756388e-12, 1.21560449541043e-12, 8.903298377206928e-13, 1.8263091122982366e-12, 4.864754377267926e-13, 1.597025736385661e-12, 1.2203671074816878e-12, 1.106867172349833e-12, 1.4068460604392848e-12, 1.4682356083798678e-12, 1.503901804523945e-12, 1.1139308438281253e-12, 7.598108575920452e-13, 8.359283784276629e-13, 1.0265188658213605e-12, 1.3289688557598168e-12, 1.084147511049652e-12, 1.641262606551289e-12, 1.8233031485664806e-12, 1.169343574690793e-12, 2.1565496591037434e-12, 7.492783334295972e-13, 7.496684317899774e-13, 1.1089355692328132e-12, 7.272025901410686e-13, 8.47121460759248e-13, 1.6517395333641217e-12, 5.716845041097324e-13, 9.435582585235393e-13, 1.0586919438785372e-12, 1.7321947391786516e-12, 1.1339329775811158e-12, 1.1976441484368747e-12, 8.63793156476586e-13, 1.1320155211886507e-12, 1.11658316129243e-12, 9.963549463581289e-13, 1.5161793538457385e-12, 9.710086982927503e-13, 1.0240632888608204e-12, 1.7598730989977697e-12, 9.122363024704371e-13, 1.6210373088158022e-12, 1.3091763157843299e-12, 8.000569823854473e-13, 1.1460122287707218e-12, 1.0022511544926913e-12, 1.3603155284302363e-12, 1.286483397161409e-12, 5.643728209830601e-13, 1.5535081978114696e-12, 1.0596712517282788e-12]","[2.4700059303273993e-12, 1.052701871745484e-12, 8.960247152774294e-13, 9.806148414733746e-13, 1.16047506357284e-12, 8.526072387250942e-13, 1.3016034079200794e-12, 7.899478857110652e-13, 7.689380287776436e-13, 5.465483968431971e-13, 4.644423469344786e-13, 6.731780145293235e-13, 1.3376143222987955e-12, 9.253031022792583e-13, 1.267605521775502e-12, 8.162343012215705e-13, 2.0185600201639817e-12, 6.95486337854118e-13, 4.743963938634776e-13, 6.227834712993548e-13, 5.989650923144257e-13, 1.3092428638092411e-12, 7.145071109491749e-13, 7.023244412255306e-13, 1.045801062946565e-12, 1.0931077433547832e-12, 5.63419493033688e-13, 1.028782209841533e-12, 9.556625967422048e-13, 6.692826082495774e-13, 1.1281011233853605e-12, 8.951409409395314e-13, 1.5207560970575716e-12, 7.035506317910464e-13, 6.160981045862064e-13, 6.493725891080768e-13, 1.0455903697528452e-12, 1.0327414695381461e-12, 6.192062391010143e-13, 1.0964527031340167e-12, 1.1625189092301223e-12, 1.029288459321184e-12, 9.155271377130014e-13, 1.3839370914927394e-12, 1.123489015779131e-12, 7.452960770722605e-13, 7.653434225276673e-13, 5.638508781283939e-13, 1.0396151702302676e-12, 7.501256763239026e-13, 9.481815431009375e-13, 8.105332369325355e-13, 1.2766611660005651e-12, 6.876512992996942e-13, 9.315302891305248e-13, 5.406166375710885e-13, 8.526170519807652e-13, 8.128878224205851e-13, 6.334917471730224e-13, 1.1941834734254496e-12, 1.14086813082449e-12, 1.4624678809305042e-12, 6.486528051052597e-13, 6.765256830713481e-13, 6.280509175380077e-13, 1.3588879957377452e-12, 9.223357393925511e-13, 1.7717275942569963e-12, 7.710924988200154e-13, 1.3815424297719966e-12, 8.2749331189849e-13, 1.0237419557890853e-12, 2.274858680870891e-13, 8.993171704118251e-13, 1.2474747265599599e-12, 5.000969862952027e-13, 1.5666261970750227e-12, 7.64694199283438e-13, 6.904593635328042e-13, 1.1510667006183387e-12, 1.455282653785464e-12, 7.105621339655862e-13, 6.024182858008062e-13, 8.2985729401862e-13, 9.354567219166975e-13, 1.0718184799192034e-12, 6.857337194740225e-13, 1.077744881945366e-12, 1.0642606421889558e-12, 1.2344112617232398e-12, 1.1939892798172693e-12, 1.9482086357713943e-12, 1.086177959995513e-12, 1.1400206121987083e-12, 1.0844131217811236e-12, 9.445174131688905e-13, 1.0778538066511843e-12, 1.404465235267862e-12, 9.478043778607187e-13, 1.2981937719793067e-12, 4.966589037953214e-13, 2.1881803564476183e-12, 1.0134707199990762e-12, 1.0901168993816563e-12, 1.172500875906678e-12, 1.2503375622606476e-12, 8.662553535680824e-13, 1.7567908767115616e-12, 5.052975378654783e-13, 1.0022274965594455e-12, 4.112527851782223e-13, 1.1088511083836386e-12, 8.942516136087774e-13, 1.249813177391279e-12, 1.2318874870205235e-12, 6.609292175867985e-13, 1.9243898148493956e-12, 7.628023405727589e-13, 5.43849506144123e-13, 1.250790150794608e-12, 9.518955413149827e-13, 4.87173901536108e-13, 8.519545833550183e-13, 5.807371068937265e-13, 7.821568218217914e-13, 7.053927622324046e-13, 1.7661437538653572e-12, 8.374112118143999e-13, 8.748831412446577e-13, 8.780388309999509e-13, 8.50631351226242e-13, 8.426088290118062e-13, 8.429244438812892e-13, 1.40368567810577e-12, 9.868272554986558e-13, 1.0946782470888884e-12, 2.224994515748294e-12, 6.140429911766901e-13, 1.166167258215381e-12, 1.6408543800073941e-12, 4.827350512850772e-13, 8.266765548924965e-13, 8.430217568427327e-13, 1.2961521501892676e-12, 1.0954267630631945e-12, 8.00564590782203e-13, 1.0429305113683157e-12, 6.008100478235973e-13]","[2.322183818964374e-12, 2.1948959992335412e-12, 1.719959279814673e-12, 1.8749518463475675e-12, 9.776860250443406e-13, 7.887168690940357e-13, 1.804142226833806e-12, 2.3270058818387984e-12, 1.4483507300612225e-12, 1.4190792221042951e-12, 1.3967925954725724e-12, 8.66210031867697e-13, 1.363638234347213e-12, 1.1885885994583717e-12, 7.089259746730944e-13, 1.6750243389417364e-12, 4.947726680786755e-13, 1.3171811543333812e-12, 8.723558681062961e-13, 1.468221241203962e-12, 8.416086010567669e-13, 1.2923149571185562e-12, 1.223588473228122e-12, 1.1955992913913812e-12, 1.8750381337761175e-12, 1.9657386806902418e-12, 9.34232393035749e-13, 8.393106810632054e-13, 1.2358837195554884e-12, 1.479004560326317e-12, 8.018983397179771e-13, 4.731176936137092e-13, 9.47023975948507e-13, 9.48347199631256e-13, 6.932128016205082e-13, 1.1458141555784543e-12, 8.370660816867303e-13, 1.1116228171755735e-12, 1.0577974089368106e-12, 7.247889145008223e-13, 1.5606178062404622e-12, 9.43731029569651e-13, 1.2186787678523034e-12, 6.89721653098425e-13, 7.176431149364644e-13, 1.2646809754318818e-12, 9.718330357269008e-13, 9.520259103427998e-13, 1.1470566364886891e-12, 4.921908197636965e-13, 9.94971478694585e-13, 1.2239000903878213e-12, 1.2283945557398555e-12, 1.5400132444183105e-12, 8.743327788646758e-13, 1.3622063297991638e-12, 1.4169404013396182e-12, 6.53029351251594e-13, 8.871157373970982e-13, 1.0130089508086114e-12, 1.0296368393375791e-12, 1.4796309733219159e-12, 1.1146557782755908e-12, 8.277053365736397e-13, 1.147230029167239e-12, 1.7879064660011516e-12, 1.3563030890405746e-12, 2.7037444143645403e-12, 1.2334280838356753e-12, 9.66851332955754e-13, 1.194963623254312e-12, 7.5816142995846e-13, 6.068906270515291e-13, 7.142502718516899e-13, 1.1989647256773958e-12, 8.700458999720055e-13, 1.3114065378852008e-12, 1.2291992050096825e-12, 1.510029983319412e-12, 9.789411629779522e-13, 1.7218274169190677e-12, 1.4981202516152376e-12, 8.561256619719862e-13, 1.2381495906824337e-12, 8.257028010591143e-13, 1.3160700431033735e-12, 1.3341830986470864e-12, 8.970266677874275e-13, 1.6933740396083915e-12, 1.650596422645889e-12, 1.5273296308769025e-12, 1.53213108399151e-12, 1.1856345106863575e-12, 9.330307889395998e-13, 1.5886331295306387e-12, 9.741059850842349e-13, 1.3561074094387414e-12, 7.972617070246551e-13, 1.175867128488645e-12, 2.191692277878834e-12, 7.454229668847637e-13, 1.1011981611988055e-12, 8.003190063463214e-13, 8.091333649149018e-13, 1.8221209898067475e-12, 1.1629688698867035e-12, 1.9063051187893387e-12, 1.355098469542483e-12, 9.774938399290148e-13, 6.623900587181875e-13, 1.1976042974126095e-12, 1.3187851581109216e-12, 1.6624755972036789e-12, 1.6140508517033796e-12, 2.2532223430569667e-12, 5.440209577037355e-13, 1.2923844103936412e-12, 9.172994786052572e-13, 1.0313396277798385e-12, 2.0696487738387554e-12, 1.2258110069531562e-12, 1.2344117908114936e-12, 1.892906501068714e-12, 5.759909028780443e-13, 1.4082086612902354e-12, 8.092133455003274e-13, 1.4785202720195855e-12, 1.5273446186472287e-12, 1.0828141473704771e-12, 1.229750692537854e-12, 1.2550095314682649e-12, 1.2229905670433016e-12, 9.191254076551754e-13, 1.6501865629585387e-12, 8.530735902835122e-13, 1.0239354517296698e-12, 1.7946846294483643e-12, 1.055512265534243e-12, 1.5732083572694074e-12, 1.050814016352251e-12, 1.7882582110789862e-12, 1.4921868693428964e-12, 1.568573064515709e-12, 9.45438829824123e-13, 2.2088483769069705e-12, 9.756522493279057e-13, 2.000993787835656e-12, 1.8418642333029688e-12]","[5.652880788250796e-12, 2.626355506317833e-12, 3.804729448933876e-12, 6.942515218046121e-12, 2.6527459689853845e-12, 2.984573629652565e-12, 1.959992733695081e-12, 4.944699976774672e-12, 5.5081284509275306e-12, 3.498122194106145e-12, 6.302230556808539e-12, 2.1403782807383753e-12, 4.682392195350961e-12, 3.135234974829623e-12, 4.9098268098186905e-12, 1.982218125878737e-12, 3.595245301325999e-12, 4.015710774349101e-12, 3.1875532974198637e-12, 3.5815409477230414e-12, 4.134246746601544e-12, 4.029949166181556e-12, 2.5260919291957813e-12, 3.601645779718999e-12, 4.205279483045563e-12, 1.933333961762516e-12, 3.650634185700495e-12, 2.2041019205625256e-12, 3.818797548450562e-12, 3.797258532478211e-12, 4.360449481134942e-12, 2.602806827264094e-12, 5.367150915815163e-12, 3.334746315424434e-12, 3.5195114858000924e-12, 4.09051141327233e-12, 2.7911585018356127e-12, 4.6648954565313675e-12, 3.5019409837044394e-12, 5.960234902212575e-12, 2.306103883223532e-12, 3.3910256345959274e-12, 4.909494696123399e-12, 4.6669586850622254e-12, 3.1524160548864937e-12, 4.277319771382402e-12, 5.202068758130109e-12, 2.9842694981518583e-12, 5.9083633391818985e-12, 5.53070089379698e-12, 4.931699695611324e-12, 2.3143722763132725e-12, 4.959091590527603e-12, 5.138023889468805e-12, 6.9410641250854874e-12, 2.6435286401678984e-12, 7.002645507868132e-12, 4.128455668307572e-12, 5.7306560971171325e-12, 5.85053244974137e-12, 5.806752915931368e-12, 3.426810803542647e-12, 3.134866506785545e-12, 3.714553994305339e-12, 3.784596326651409e-12, 3.4744363667620116e-12, 3.971816966737042e-12, 5.5405193583515656e-12, 5.675950490857909e-12, 4.445761175927368e-12, 3.1646160096749747e-12, 2.599683706765626e-12, 4.261237491965792e-12, 3.296067529792881e-12, 3.4603055163385135e-12, 3.881156830260807e-12, 4.872573254370989e-12, 5.506059170263753e-12, 4.1013471898101766e-12, 3.365568467103281e-12, 3.849022908491894e-12, 5.848580421797574e-12, 4.191724473779598e-12, 3.550263414870152e-12, 4.708446408325722e-12, 1.0818631837227029e-11, 3.388102650931567e-12, 3.0205232757265655e-12, 3.1541684749712668e-12, 2.59078798209156e-12, 8.491034466567097e-12, 5.20579129027965e-12, 3.5339946120017014e-12, 4.225352809698181e-12, 5.385937897676204e-12, 2.3717753356263135e-12, 3.2369505344681336e-12, 2.249922178280835e-12, 6.162824064673382e-12, 4.91358687992483e-12, 4.3774394891967535e-12, 5.580951839712664e-12, 3.65361896211495e-12, 6.086444047697904e-12, 4.573987850430447e-12, 3.1183929218533424e-12, 6.149756831201781e-12, 3.7035520441215645e-12, 3.8086742038721905e-12, 1.708435400662015e-12, 4.440254615301262e-12, 6.579469079689545e-12, 5.19245111384512e-12, 5.639669707960697e-12, 3.3552318478818367e-12, 2.992038701665616e-12, 4.60958628844948e-12, 2.5443703953236736e-12, 5.207103489017145e-12, 2.5093095754918587e-12, 8.242948221767157e-12, 5.9242695226568904e-12, 7.656177025828085e-12, 3.4008406501708345e-12, 5.09683161925818e-12, 3.1440732580462942e-12, 6.496791277915768e-12, 6.963311912058385e-12, 3.321936013325098e-12, 6.642814113871698e-12, 3.749968381987883e-12, 2.721841363581488e-12, 5.5719869911169985e-12, 4.658265213307391e-12, 5.965987297316059e-12, 3.0115571318053386e-12, 3.4683411221238506e-12, 4.381146581819825e-12, 5.26766245958769e-12, 5.051760673469807e-12, 7.161538078979542e-12, 9.194875756714341e-12, 5.9094447377375125e-12, 2.16056705405188e-12, 5.601117603987575e-12, 5.345563672898546e-12, 6.168888335535103e-12, 5.726681634535845e-12]","[1.4498451290624372e-12, 3.412105455579202e-12, 1.9117322686171893e-12, 2.6995267191949378e-12, 9.425292850178921e-13, 8.987057758893391e-13, 1.3572309596031067e-12, 1.3900148376950551e-12, 1.5362236724026434e-12, 1.2062906959056649e-12, 1.8603033477355745e-12, 9.713040499306752e-13, 1.3356444401167514e-12, 1.011563513808734e-12, 7.153728307002243e-13, 1.2311605481282059e-12, 1.6425734454077634e-12, 1.178717807817107e-12, 2.105540954175702e-12, 1.3527311652743471e-12, 1.3538399497379287e-12, 9.54205626481665e-13, 1.2114513092394378e-12, 1.040250138435786e-12, 1.6021796774544213e-12, 9.475267167712669e-13, 1.0563959007003571e-12, 1.1706737796265008e-12, 1.4788790518013123e-12, 1.1009111525060948e-12, 1.0842939792441915e-12, 1.0232458997668e-12, 1.1034845124622523e-12, 1.389363805102146e-12, 1.0557267090030458e-12, 1.513762730708501e-12, 1.7936032475859017e-12, 1.3306746858036599e-12, 8.076597295059507e-13, 1.1627539639936579e-12, 9.146960803547823e-13, 1.1397845789447983e-12, 1.6865416178161613e-12, 1.1568420285620276e-12, 1.4614494690007435e-12, 1.860881238935638e-12, 2.1720039018034733e-12, 1.3740184585998163e-12, 1.7828330849609975e-12, 1.4088725957277167e-12, 3.216423828745707e-12, 7.441464583255706e-13, 1.8794304830643353e-12, 2.0452337267716826e-12, 1.4141326084111253e-12, 2.318966695766726e-12, 2.290513122697434e-12, 2.18414879996146e-12, 2.1950831883037645e-12, 7.695622675904135e-13, 1.3371259094975572e-12, 1.3017843280925563e-12, 1.2113158011487248e-12, 1.1639806444627894e-12, 1.1696053883602744e-12, 1.2779387016526022e-12, 2.011737608315913e-12, 2.8663692881019686e-12, 1.499805274957834e-12, 1.4634417317415838e-12, 1.5588165914543899e-12, 1.1630390876024833e-12, 6.962895402047635e-13, 9.91069792077731e-13, 1.9360028578752076e-12, 7.8088116662949e-13, 1.3814985408999168e-12, 1.3010331023782492e-12, 1.9540241079938005e-12, 1.374278449117663e-12, 1.8344464360393623e-12, 2.6108618280701587e-12, 1.0104100848855157e-12, 1.2958667057323604e-12, 2.0561322878905574e-12, 2.4279250213654505e-12, 1.37941400945899e-12, 1.154050627511351e-12, 1.2919200166868195e-12, 8.333988571691208e-13, 2.286499891945194e-12, 1.9490655624844243e-12, 1.3864516423689779e-12, 1.280648949146501e-12, 1.4255681330829045e-12, 9.249442087697296e-13, 9.797061675920038e-13, 8.306290881516541e-13, 2.411873277484047e-12, 2.2937446391861807e-12, 1.4884316585164663e-12, 1.4259696841487687e-12, 1.3630177243047267e-12, 1.2123089716017435e-12, 2.3062393474539446e-12, 1.2936659766614599e-12, 1.182506245334501e-12, 7.744878369399093e-13, 9.27198516452446e-13, 5.28155353161711e-13, 1.0335321878811083e-12, 1.6214345009845467e-12, 1.2795786992639271e-12, 1.0315433196895992e-12, 2.6008014312820963e-12, 4.97234640471391e-13, 1.0962317444261837e-12, 7.519498790986649e-13, 1.9163968057212803e-12, 1.5484869875470207e-12, 1.4125238255640317e-12, 2.139855174439111e-12, 2.380658978601681e-12, 8.440701192608697e-13, 1.280208466098743e-12, 1.0038967021598622e-12, 1.2825865246786045e-12, 2.8757077636851584e-12, 1.0037245143518343e-12, 2.579727357317074e-12, 1.5867133950333424e-12, 7.170192715753074e-13, 1.296764544849984e-12, 1.3662591003574625e-12, 1.0119022304406929e-12, 8.438017722054255e-13, 1.7676888203846933e-12, 1.420986216913419e-12, 1.902345976386705e-12, 1.3724935254149999e-12, 3.7454864429240196e-12, 2.849797708447573e-12, 2.4171938568218396e-12, 1.1368044402079766e-12, 2.6700877326447664e-12, 2.059731228432759e-12, 1.859962456356106e-12, 2.52228294635583e-12]","[2.310639697191202e-12, 1.6080560531262565e-12, 1.5616320708108164e-12, 1.225353002367823e-12, 1.133238679093425e-12, 4.4420875679045365e-13, 1.0890142260989077e-12, 6.77087484233964e-13, 1.2061270832021927e-12, 6.280804456635145e-13, 8.554965211790406e-13, 6.322882920699713e-13, 1.387292792375731e-12, 1.3387254064891447e-12, 1.364664932838586e-12, 6.558058340633282e-13, 1.3001355816274628e-12, 8.185000988917656e-13, 5.287907097286153e-13, 9.538685178974902e-13, 4.029686643755095e-13, 1.3048307040889485e-12, 8.287999782878629e-13, 7.106530431416315e-13, 7.149607283316953e-13, 7.756151298897323e-13, 4.740634332257414e-13, 9.514283182879142e-13, 1.0494006321010918e-12, 1.1466991484034254e-12, 1.0552112753151633e-12, 1.1578856639047408e-12, 8.105516144662061e-13, 8.068753036042242e-13, 7.217486270294571e-13, 2.5060035596879097e-13, 1.0333037263091977e-12, 1.0248503654596896e-12, 9.34317549240451e-13, 8.861111960563031e-13, 1.4061516584383127e-12, 8.801175649441232e-13, 8.756102747043719e-13, 8.087550241492116e-13, 1.0265133488749453e-12, 4.684046251803828e-13, 1.2696231607820917e-12, 6.127346510301836e-13, 8.652122747199225e-13, 8.22367192243196e-13, 1.0925259239253422e-12, 1.0681402610187333e-12, 9.91460406439743e-13, 5.420963372729145e-13, 1.1299224691934356e-12, 1.8219413091392344e-12, 8.311203569627752e-13, 6.648043472725164e-13, 4.645892700619564e-13, 1.3139160136007854e-12, 1.3487240321340836e-12, 1.109354596640065e-12, 7.908307941670552e-13, 7.658800316136626e-13, 8.085685147311462e-13, 1.1939052609491587e-12, 5.49371446454995e-13, 2.5540701306437345e-12, 7.50408649056799e-13, 1.2342417750957246e-12, 1.0242050986220687e-12, 6.343560782216491e-13, 5.663284218992747e-13, 5.453926095382924e-13, 1.0461613126499204e-12, 6.001000257154173e-13, 9.62284078625019e-13, 8.226393839224982e-13, 6.470418875762318e-13, 1.1972282502922512e-12, 1.4933334881023428e-12, 1.1107493899951262e-12, 2.8700159522051973e-13, 1.1410029909392716e-12, 1.015853878602784e-12, 1.065096715263073e-12, 8.581367283824274e-13, 1.204424284135097e-12, 1.4936355757979443e-12, 1.3631172056980316e-12, 1.0870996735957501e-12, 2.0877454534581025e-12, 1.1399686631989727e-12, 9.126135448311415e-13, 1.1420865752497781e-12, 6.018195037577386e-13, 1.0160454675456027e-12, 1.014287121346843e-12, 1.4697623645714476e-12, 1.6919732955695077e-12, 6.140859613110433e-13, 1.1512523484535411e-12, 5.925039092409625e-13, 1.1550774002910733e-12, 1.4375625528249644e-12, 1.1606577986289134e-12, 7.380543938468509e-13, 1.4299077991786249e-12, 6.086150737116119e-13, 8.006834787690543e-13, 8.120026343734172e-13, 1.0120320770547034e-12, 5.158014779677332e-13, 1.1475161337799052e-12, 1.158038889466336e-12, 6.580245958213525e-13, 1.6022111654749732e-12, 1.054993235913839e-12, 1.16905251428123e-12, 1.4757041905213491e-12, 1.405485273073937e-12, 4.0759506782556405e-13, 6.147298299548811e-13, 4.539582623783331e-13, 8.084510835059402e-13, 6.243721477839762e-13, 1.1144740588555728e-12, 1.3219969413425592e-12, 9.707351941696809e-13, 2.191450372030972e-12, 1.3179096430083938e-12, 1.0959715757030217e-12, 5.780431650320663e-13, 9.656791800295208e-13, 1.433663821145814e-12, 7.029163777976336e-13, 2.3551518418303462e-12, 3.51197254060975e-13, 1.034691932952087e-12, 1.2924335594428192e-12, 5.220885443495868e-13, 7.822443356908211e-13, 9.026381793557545e-13, 1.0167809088330592e-12, 1.0495410146109148e-12, 1.2136624314740822e-12, 1.0446655274905567e-12, 1.1256448337838705e-12]","[1.9173198046701814e-12, 2.8318363549542186e-12, 1.3510978674401e-12, 1.3757196486365017e-12, 1.1023685088314247e-12, 7.199741644343708e-13, 1.3594946995075922e-12, 8.937373671519414e-13, 2.0454170075323364e-12, 5.845580612725547e-13, 1.454769401876283e-12, 8.486059194400423e-13, 7.713132743989405e-13, 1.1622790897480263e-12, 6.576492470728447e-13, 1.5238466377891468e-12, 1.0839692182634048e-12, 7.430480169817389e-13, 8.123804381553995e-13, 8.846172894999694e-13, 9.200942999401284e-13, 9.212358760921265e-13, 6.527670140454198e-13, 8.637486892218634e-13, 6.359537783908606e-13, 4.503464953881075e-13, 4.225717485643121e-13, 8.118989746071286e-13, 9.558460141067565e-13, 1.9220102792865032e-12, 1.2709101314315556e-12, 1.6247966207523631e-12, 7.312725340262979e-13, 1.1621263558935907e-12, 8.950889093762111e-13, 9.33661244328565e-13, 1.1027321867626963e-12, 6.955878384723816e-13, 1.2383451778642043e-12, 1.092289507254897e-12, 1.0038176321725704e-12, 9.923747189854545e-13, 1.0716872716868356e-12, 8.064420786878302e-13, 5.926833759539802e-13, 1.1671419271144585e-12, 1.5994678446118095e-12, 4.4911980078750997e-13, 1.0334375710105244e-12, 5.416684552944969e-13, 2.2240455554722843e-12, 1.021309594404367e-12, 9.23573901020105e-13, 7.254250384013093e-13, 1.1282492672656526e-12, 2.32982050386964e-12, 7.476911163766829e-13, 8.517762556402656e-13, 1.463762011383249e-12, 1.0181819181466882e-12, 1.9156370447467504e-12, 1.0480975597615232e-12, 1.7113479177280143e-12, 6.906017911339194e-13, 7.328385108645302e-13, 1.049861260004079e-12, 6.918377865967897e-13, 2.2134699569820254e-12, 5.427409346219767e-13, 1.2238334127172545e-12, 1.1531980096292907e-12, 7.135732142614167e-13, 7.950062950711721e-13, 7.332976292918019e-13, 9.668954680676534e-13, 5.404844796204943e-13, 8.653201679096111e-13, 1.5083481655113982e-12, 6.485282669661691e-13, 1.0602868364509907e-12, 2.293768403158889e-12, 1.4995837224909597e-12, 5.358906046566705e-13, 5.614597895585946e-13, 1.0708224103354174e-12, 9.030894427487088e-13, 1.161461952518695e-12, 1.3568246879131845e-12, 1.4181737199011518e-12, 1.0718530484949225e-12, 6.262546558879772e-13, 1.5125225773781856e-12, 1.5867814896321809e-12, 6.828611720138881e-13, 1.7427091685167166e-12, 8.137404172252068e-13, 6.223458117906465e-13, 8.30560749372891e-13, 2.21430521896416e-12, 1.767372806048209e-12, 1.0909848393498033e-12, 6.348657779694766e-13, 7.773435004487025e-13, 9.50267266012588e-13, 9.350481969870525e-13, 1.5019474914745173e-12, 4.758545276055679e-13, 1.31717439668919e-12, 7.18373755479818e-13, 1.1590628817595214e-12, 1.119618492548771e-12, 1.3709136949524409e-12, 1.2445310132787523e-12, 1.1346430410538073e-12, 1.1884381935192353e-12, 8.175228363074502e-13, 1.3452662615231906e-12, 1.5488435764715252e-12, 1.1871252666876397e-12, 1.8520623765010923e-12, 1.057636180064263e-12, 1.1192442579708954e-12, 1.549963829445535e-12, 7.065873190987453e-13, 7.837363599185441e-13, 8.533481871085827e-13, 6.99246911752493e-13, 1.368677945002124e-12, 1.113622533661032e-12, 2.0760609786555406e-12, 1.4208814112326067e-12, 1.079926415446355e-12, 1.1957379792214324e-12, 9.836740297570346e-13, 1.4158369997848794e-12, 6.597110886165523e-13, 2.108852678718269e-12, 6.026143700805096e-13, 1.0801941757746983e-12, 1.0491059422783492e-12, 1.7190050570980982e-12, 1.1409065660721804e-12, 1.0595553463944089e-12, 1.1582972935043004e-12, 1.0448403707462532e-12, 1.4597554380818974e-12, 1.0782021503789598e-12, 2.4256232089595157e-12]","[2.8492383823590817e-12, 3.124374571650322e-12, 1.967910540151889e-12, 2.200863205758222e-12, 7.681647885056856e-13, 1.6950552551788033e-12, 1.6503302711209838e-12, 1.379240848959388e-12, 2.3274338675049057e-12, 1.5005495638597477e-12, 2.127208570785465e-12, 1.0833607790748928e-12, 1.983430928436461e-12, 1.6916428974013759e-12, 1.2431221003707452e-12, 1.898197083277236e-12, 3.6247938720552957e-12, 1.3041483087766614e-12, 2.706187512535494e-12, 2.3519050275921996e-12, 1.694417245332497e-12, 1.4391370950882084e-12, 1.1830918411078525e-12, 1.1213732807070631e-12, 1.2389324026458455e-12, 9.63440932158033e-13, 7.798804291893075e-13, 2.7985922620832906e-12, 2.2875171235435016e-12, 2.0456202557184196e-12, 1.5069160307666768e-12, 1.7455099874910988e-12, 1.5068713165949433e-12, 2.0423430439938582e-12, 1.8274688977431317e-12, 2.758535461340313e-12, 2.7149779130424526e-12, 1.419929918832802e-12, 9.76094595761676e-13, 2.2074910111469434e-12, 1.4271894009763893e-12, 1.3104339374796078e-12, 1.927267046765548e-12, 2.1300300006799117e-12, 1.74035926348543e-12, 3.0516668081951726e-12, 4.355496811769245e-12, 9.490079941073948e-13, 2.035575236892894e-12, 7.78824821280632e-13, 4.002205347969669e-12, 1.2090014655616629e-12, 2.2328046393691808e-12, 2.0800941421385896e-12, 1.2928221443597549e-12, 2.1329127121021362e-12, 1.753900938236804e-12, 2.3288331673850465e-12, 4.388302132187974e-12, 1.8675905427053398e-12, 2.3239760556112686e-12, 1.551831171826517e-12, 2.964466362501046e-12, 2.3903445375534827e-12, 1.4186527640999418e-12, 1.2777746181445197e-12, 2.192972199840913e-12, 3.054274905290269e-12, 1.3597097531712664e-12, 1.6638109546993265e-12, 1.1784448387669886e-12, 2.000559663763841e-12, 1.1869238182365795e-12, 1.6547347635556019e-12, 2.1179093829520987e-12, 8.124311115384269e-13, 1.6679942205061077e-12, 2.0450167754261005e-12, 2.2057424038548164e-12, 2.291185898017615e-12, 3.437304345548024e-12, 2.9453473414757227e-12, 1.9261369294896395e-12, 1.2680942613970243e-12, 2.4646034453340416e-12, 2.931037625558802e-12, 8.003527966899272e-13, 1.1733342245737877e-12, 1.368460476889586e-12, 8.842861643422105e-13, 1.1764060574037128e-12, 1.9113268583628217e-12, 1.7364020907152057e-12, 8.069366280069427e-13, 1.4106584855058135e-12, 1.1426852371082192e-12, 8.409152058646835e-13, 1.6860997809738278e-12, 3.5147472021477936e-12, 1.9574876701259257e-12, 2.0802659861247283e-12, 1.8174543674948394e-12, 2.0525252218325255e-12, 1.7183741179157248e-12, 2.589298894910339e-12, 2.373358778278225e-12, 2.376048440086876e-12, 1.5738054142440807e-12, 9.40761667753807e-13, 1.333794474740467e-12, 1.545131050649839e-12, 2.510553344236238e-12, 1.8176812750730049e-12, 1.6181461704231953e-12, 2.3950609271113436e-12, 1.5027691518139538e-12, 1.978234636255441e-12, 1.6686842191856038e-12, 1.5129468477919443e-12, 1.255719157630419e-12, 1.265833510937028e-12, 2.1833519966630516e-12, 3.705256291911408e-12, 8.811745265890308e-13, 1.5963648396357945e-12, 1.6063589580587021e-12, 1.822888242336922e-12, 2.1028589556812986e-12, 1.4081352577787208e-12, 1.894533606688952e-12, 1.5078237084643565e-12, 1.0549938652916745e-12, 1.8598388530201176e-12, 1.3687205932649993e-12, 1.0083052908373362e-12, 8.778969531965625e-13, 3.0110209290310034e-12, 1.765816813685239e-12, 2.048217456584204e-12, 1.420250531630675e-12, 2.1663268275387267e-12, 2.4328719143262094e-12, 1.8213191593904848e-12, 1.7949488539523965e-12, 2.4587349464063546e-12, 2.171495420073003e-12, 1.4505163370853526e-12, 2.6317416986671657e-12]","[5.772040705761903e-12, 3.5407532572003133e-12, 1.928916692740399e-12, 2.2536951149831816e-12, 1.75260082815141e-12, 2.3976088993911487e-12, 2.8607414670019416e-12, 1.834895186831927e-12, 2.7918413500991356e-12, 1.2086823693039907e-12, 3.2763240601275275e-12, 1.3561247772172637e-12, 2.0015187912296256e-12, 2.216746379115871e-12, 2.1062681834148593e-12, 3.474190049028189e-12, 5.739303454771354e-12, 1.4720146054651493e-12, 2.849706049583143e-12, 2.672020411536351e-12, 1.6539874321100974e-12, 2.0883811464937695e-12, 9.279581954116875e-13, 1.7385708000942594e-12, 1.989397092866949e-12, 1.7013572833449233e-12, 9.179270959685108e-13, 3.044031743330272e-12, 1.7047878824564242e-12, 2.637095277277025e-12, 3.1616276586996827e-12, 3.2975043303464816e-12, 2.9171328416741946e-12, 2.210719476996754e-12, 3.0261659611111944e-12, 3.6735664669036184e-12, 3.18682279077301e-12, 2.036786299105718e-12, 2.089154683678577e-12, 2.8637434033468826e-12, 2.429816151851851e-12, 1.6889775343094999e-12, 2.7422844680424494e-12, 2.196841113216648e-12, 1.5492035837959468e-12, 3.767444256648108e-12, 4.896620624879842e-12, 8.760160512224555e-13, 3.1042796409067013e-12, 9.893168827695664e-13, 5.1500202674892865e-12, 2.089180544622824e-12, 2.0322937558009976e-12, 2.3904795301020547e-12, 1.9041166849700575e-12, 1.4870634361908872e-12, 1.96206566860795e-12, 1.8484157948153057e-12, 5.218415516641342e-12, 2.0523028519483517e-12, 4.832459030393891e-12, 1.7501509823816319e-12, 5.390146168513332e-12, 2.7611072298094847e-12, 1.9015319801111577e-12, 2.2961155193000797e-12, 1.6397342049876482e-12, 3.033993038251775e-12, 1.6017136879179295e-12, 1.5520703546858268e-12, 1.1622035919406867e-12, 3.5567869396792123e-12, 1.264906517483564e-12, 2.3991564368885572e-12, 3.506414157573291e-12, 1.8772609313191846e-12, 1.6998205894041525e-12, 4.107137454385055e-12, 3.117284815486848e-12, 2.2861082828408443e-12, 4.393530463658236e-12, 2.4602485981799802e-12, 2.167114677732193e-12, 1.1552608418498924e-12, 2.2917304583090093e-12, 2.3371749393357232e-12, 2.2779511566659786e-12, 1.907547389214325e-12, 1.674122564337829e-12, 2.3679661320771245e-12, 9.404165121818258e-13, 1.2871660273383073e-12, 2.467598442424591e-12, 1.1868978126114554e-12, 2.8425143689469414e-12, 1.7179258351458128e-12, 9.665911908645663e-13, 2.5914652126888453e-12, 5.36399746884715e-12, 2.1771880662195105e-12, 3.576886214363566e-12, 2.0465834947577784e-12, 2.686026318090521e-12, 2.2586568678252626e-12, 2.7498137254128004e-12, 3.323847286915782e-12, 2.9570997140321782e-12, 4.401170027864489e-12, 1.7167233774845405e-12, 2.602065142969215e-12, 2.686743087769258e-12, 4.257640170477522e-12, 2.1711253320441845e-12, 2.4782261295139087e-12, 2.22384103643131e-12, 2.6160249633354545e-12, 3.5617289015714265e-12, 2.911523458500896e-12, 1.885108007710726e-12, 1.3876891197601422e-12, 2.1414273935435288e-12, 2.703854195153362e-12, 6.1690620967846306e-12, 7.658663649700909e-13, 2.285197125129512e-12, 3.201175903621072e-12, 2.944523120246657e-12, 2.116883558888014e-12, 2.258231024856734e-12, 2.7408638026931683e-12, 2.343241408303749e-12, 1.3995462726768708e-12, 2.4392924732393974e-12, 2.0521666635230215e-12, 1.107733020422805e-12, 1.5088498645321654e-12, 4.052891866821767e-12, 2.443874728936553e-12, 3.263391807167497e-12, 2.8562408670896036e-12, 2.745082299938295e-12, 3.169995390532974e-12, 2.2241696654797796e-12, 1.998630157967794e-12, 1.806990511326292e-12, 2.4903825949222925e-12, 1.9702707728164624e-12, 3.737311196570703e-12]","[8.7646108464759e-12, 5.042192508596687e-12, 2.7225254327060306e-12, 2.273824572710459e-12, 4.166122931080697e-12, 5.17117902563301e-12, 5.350384522767044e-12, 3.703465555521655e-12, 3.6812079550606755e-12, 5.584298105775434e-12, 6.457888010193085e-12, 8.019814240532179e-12, 4.259523310849353e-12, 4.952214878767551e-12, 1.2660990171763751e-11, 8.56829677962835e-12, 1.2775321364730934e-11, 4.612515252233739e-12, 6.526742513062846e-12, 2.9852760801070455e-12, 5.16994619630631e-12, 6.722818171119953e-12, 2.859168527864737e-12, 4.0485246928255545e-12, 8.982272067296367e-12, 5.660064884932294e-12, 3.826289921773781e-12, 8.995762902316815e-12, 6.1482729175278304e-12, 1.588496332807331e-12, 1.0217773056215402e-12, 1.8112323197492825e-12, 6.595946783430905e-12, 5.698481087957138e-12, 7.088420325717085e-12, 5.377560190613915e-12, 5.252047908959305e-12, 6.94629531443133e-12, 5.692782089015863e-12, 7.821044710215852e-12, 7.874599133601981e-12, 1.1598295628211238e-11, 6.246357653894178e-12, 3.0224127474232644e-12, 5.114405981738499e-12, 1.0295096498840326e-11, 8.932256750901235e-12, 5.558716549198885e-12, 1.1284784238744406e-11, 3.7972304888084465e-12, 5.042054438205004e-12, 6.708598560198636e-12, 7.161357765644258e-12, 5.074308131142182e-12, 7.628231571955195e-12, 7.268298484846117e-12, 4.9506307271803684e-12, 2.4303648867657053e-12, 1.6122707522871623e-12, 2.904603564149802e-12, 1.0272689258941348e-11, 6.23308745938186e-12, 1.1436478975815546e-11, 1.7675288371477947e-12, 4.264083690403322e-12, 7.433934500315148e-12, 7.994106793695075e-12, 6.225673409001448e-12, 9.905201133614924e-12, 1.2736529676178804e-12, 4.950170866907924e-12, 6.173615053759329e-12, 3.3966684321905613e-12, 1.057838901538061e-11, 4.369636062310325e-12, 7.384866102779875e-12, 7.848019508211286e-12, 8.934570751950378e-12, 6.9226777352383925e-12, 7.001022930339858e-12, 1.205069536626777e-11, 3.728106075037348e-12, 1.0708411792723136e-11, 4.218619745469959e-12, 1.0997178635113792e-11, 7.414916844557487e-12, 5.813560722903389e-12, 9.272795190183068e-12, 1.1538782999428473e-11, 1.6158538759705707e-12, 3.942750277239847e-12, 4.962966771876229e-12, 8.061668720983345e-12, 6.502638690016331e-12, 8.954512664255147e-12, 5.556896644005719e-12, 6.2855538235091425e-12, 9.121014524205423e-12, 1.1035255403306882e-11, 9.955680236675081e-12, 5.1901051796020206e-12, 1.1807012098338776e-11, 7.179141331475452e-12, 4.575333513970303e-12, 1.2890603316750824e-11, 9.735962149605936e-12, 1.0807207398720178e-11, 6.280727985092841e-12, 8.262207119900008e-12, 8.23550263660166e-12, 1.065247045321479e-11, 7.336441251659923e-12, 1.265865995515745e-11, 1.770064478530255e-11, 6.0446216969497165e-12, 8.080563422735584e-12, 1.0106100079110275e-11, 6.977745947604961e-12, 3.574995422359231e-12, 7.175047697071973e-12, 7.1539806648629135e-12, 6.372001059731043e-12, 4.702068820776987e-12, 5.748286947819068e-12, 7.154383991580865e-12, 7.622184180325227e-12, 1.7046689288406085e-11, 6.533555484814401e-12, 1.2049638538862263e-11, 1.436208783787734e-11, 1.1982726575573947e-11, 5.620944124455668e-12, 4.595792448823967e-12, 8.552115586731162e-12, 6.0863939889709345e-12, 8.760194278084929e-12, 1.6117362723464724e-11, 1.1473227275796465e-11, 8.183191245254293e-12, 9.290151880876075e-12, 8.842415494883415e-12, 5.982294317021118e-12, 3.3578977054503984e-12, 6.785000399806139e-12, 5.722872643046459e-12, 1.2746697816064426e-11, 1.4503231285272116e-11, 1.3039967649153607e-11]","[5.4034415533000645e-12, 1.8675091718091386e-12, 2.138969499149823e-12, 1.8400755279775483e-12, 3.668240388570496e-12, 2.7639755628224227e-12, 2.2347986655167933e-12, 2.33728367628085e-12, 3.996325482245562e-12, 1.7645258614399228e-12, 3.3710798532561154e-12, 1.0238322686546884e-12, 2.7278867112701546e-12, 3.298391496143688e-12, 3.1144222223853136e-12, 4.028802987342332e-12, 5.381315049437291e-12, 2.5306659604600723e-12, 4.041871791175809e-12, 3.0537254907746303e-12, 2.4840762080957502e-12, 2.2815082645159206e-12, 1.976596718297544e-12, 3.690779251936017e-12, 3.3156159754272728e-12, 2.1486402559489983e-12, 1.6149910572062305e-12, 2.35103708614734e-12, 2.224252135504429e-12, 3.661994129461568e-12, 9.289546486072583e-12, 2.9154488535539967e-12, 2.5983523379070135e-12, 3.4525846714161985e-12, 3.327864603232764e-12, 3.1468896941630117e-12, 2.288558354758559e-12, 3.4489801619990975e-12, 1.9736508509500475e-12, 2.8441778757617397e-12, 2.5787197198519914e-12, 2.1769705216361493e-12, 2.9883924573936806e-12, 1.6988220851187189e-12, 2.1710981950182867e-12, 2.528335100104371e-12, 4.6257784499243296e-12, 1.7433296016732236e-12, 3.703816196789879e-12, 2.0749546125114937e-12, 5.057033121952994e-12, 2.3031112928326284e-12, 2.7826319971607815e-12, 1.754825948517618e-12, 5.081836058288753e-12, 2.045702591329487e-12, 1.9173925129012763e-12, 2.2721973920591542e-12, 3.1256016981300327e-12, 1.5082169150323987e-12, 2.7172404249196287e-12, 1.3749810533142571e-12, 4.714573163636771e-12, 3.1717655335194637e-12, 3.0072606967142644e-12, 2.208014123059079e-12, 3.4646260043774387e-12, 2.4394533930186974e-12, 3.56804757685267e-12, 1.5652416805307302e-12, 1.8587866185456523e-12, 2.640907349170025e-12, 2.4458747908068067e-12, 2.6989400227493726e-12, 3.6032094607833046e-12, 2.106757527271089e-12, 2.0304212304967715e-12, 3.063123184470615e-12, 2.4849670345284077e-12, 1.4818847462393385e-12, 3.160983497986575e-12, 2.2249245318899698e-12, 2.645633975955132e-12, 2.436852372515022e-12, 1.591176589407337e-12, 3.736405574710071e-12, 1.3336896019951684e-12, 2.4520018668844376e-12, 2.5431656083923623e-12, 1.952945730138243e-12, 1.685564171477657e-12, 1.7215359694180776e-12, 4.368982196809094e-12, 2.0044733500134006e-12, 3.4830968269850547e-12, 2.7481677777442306e-12, 2.6546495420099736e-12, 1.7534535478187031e-12, 3.1705912873406604e-12, 3.0820040891103744e-12, 2.9178267202861938e-12, 2.7754532338206127e-12, 1.9663583907512843e-12, 1.3246519082974222e-12, 4.243876986871044e-12, 3.974355086162178e-12, 3.662028857810838e-12, 3.244405278581743e-12, 2.2650825036466113e-12, 3.136654831044159e-12, 2.366003297431995e-12, 4.729924787788882e-12, 4.1974536802708354e-12, 3.777558534108789e-12, 3.783987574564402e-12, 3.680483927726953e-12, 2.062193323104384e-12, 3.2451830722361992e-12, 2.328702180293717e-12, 1.88098478452882e-12, 3.5458551504988356e-12, 3.473762535598021e-12, 5.416029561659794e-12, 1.422247699338444e-12, 3.0675876664649502e-12, 3.398554805360696e-12, 2.357246276923618e-12, 2.1228344454941007e-12, 4.510362362573684e-12, 3.33382629144352e-12, 4.493344577355286e-12, 1.6309997142349082e-12, 3.579064441562214e-12, 1.64312986230941e-12, 2.0394263038229087e-12, 2.5145376440775986e-12, 3.2998998570993503e-12, 2.546698275058424e-12, 2.5340363744782472e-12, 3.222395452111946e-12, 4.5742830867731525e-12, 2.7032830673705904e-12, 3.2118115106810006e-12, 1.691521815661849e-12, 1.8265680639840683e-12, 2.319731115253348e-12, 2.4653297449181014e-12, 2.985840473935028e-12]","[2.091186542544694e-12, 1.495678744032789e-12, 1.1965882142471622e-12, 1.2945054111659722e-12, 1.5852895413931467e-12, 8.794276902013556e-13, 1.559867766471612e-12, 1.4480018698123687e-12, 3.1392088680778215e-12, 9.027091326253535e-13, 1.7782653923263473e-12, 7.009949373152983e-13, 8.888986389267975e-13, 1.6620468877696235e-12, 1.1439938931341982e-12, 1.9231240440967427e-12, 1.5873990570348083e-12, 1.2750464189031918e-12, 1.3062362093832803e-12, 1.346170676831119e-12, 8.98888869210544e-13, 1.0912501497324882e-12, 1.1125376495171457e-12, 1.147014120143385e-12, 1.2039730080089257e-12, 8.314232314167712e-13, 6.978569931534915e-13, 1.179989257298826e-12, 5.419774861587267e-13, 1.6202082958170525e-12, 4.237065439641935e-12, 1.519562516896274e-12, 1.2933052327081374e-12, 1.1432021592979276e-12, 1.6624785846612894e-12, 1.083941059259958e-12, 1.2008328148763621e-12, 1.5411289911311522e-12, 1.4840947059689267e-12, 9.765120873317833e-13, 1.0019122100502957e-12, 1.3194710001040234e-12, 1.0709505871522333e-12, 9.412183524475927e-13, 9.287090779086357e-13, 1.7094898173055113e-12, 2.278149801106234e-12, 7.102576939094401e-13, 1.0317818477936112e-12, 1.1614432644023442e-12, 3.928911117475784e-12, 5.938034535988905e-13, 1.0753177631001394e-12, 1.8716605566311803e-12, 2.471647861976827e-12, 1.6554422969795199e-12, 1.4045087583559523e-12, 1.1917889309178443e-12, 1.3941381972424946e-12, 1.0409872514165135e-12, 1.6924862962400056e-12, 1.4253398549893792e-12, 2.1399308437292838e-12, 1.2254420038470414e-12, 1.5210486677493571e-12, 1.4688043698256e-12, 8.956070017607556e-13, 1.878144307915006e-12, 1.4411920589532204e-12, 1.3191738684334745e-12, 6.394080327572413e-13, 8.887768349915076e-13, 1.1470217249274532e-12, 1.0933463969830955e-12, 1.1863162570917944e-12, 9.051541110606228e-13, 1.6461641612480334e-12, 2.048116013541587e-12, 9.220329464840072e-13, 1.1532167365624176e-12, 2.123708565522673e-12, 1.5206193133482681e-12, 1.3711167817946876e-12, 9.462518590196757e-13, 8.064194880685617e-13, 2.050113686908658e-12, 1.7726022487927784e-12, 2.2799191639175208e-12, 1.9169655905883405e-12, 1.0560106786958236e-12, 1.0702821503673984e-12, 1.0017377157522767e-12, 2.921561539643135e-12, 1.0725043148447408e-12, 2.9254479282911075e-12, 1.584520356694784e-12, 8.609325737791238e-13, 1.1040756995432212e-12, 2.312639797405958e-12, 9.986375802470775e-13, 1.5526684278455332e-12, 9.029351478380171e-13, 1.0710125756142181e-12, 1.104205548842897e-12, 7.310589032487128e-13, 1.8083508074352918e-12, 1.0415765921885063e-12, 1.427440284870155e-12, 8.985211207884024e-13, 1.7903615153731698e-12, 1.5698920900702774e-12, 2.0538975520029263e-12, 2.302943684701838e-12, 1.8091713412373181e-12, 2.0983992534073815e-12, 1.4447174700638315e-12, 8.654999954133108e-13, 2.274936152693609e-12, 1.5609938188426365e-12, 1.3089212100161274e-12, 1.3559721484584437e-12, 2.1053805389469877e-12, 2.7987063869281995e-12, 8.897260628746474e-13, 1.62357266482771e-12, 1.3176537850171056e-12, 1.45896376327707e-12, 9.750844265478317e-13, 1.7914287230103619e-12, 2.335541243374989e-12, 2.138952687178135e-12, 1.0145657394469388e-12, 2.006833903812186e-12, 1.3179354819455918e-12, 9.603479171953008e-13, 1.2412491346935334e-12, 1.666430988861571e-12, 1.8891631948259286e-12, 1.6152340436809146e-12, 1.1995985065242475e-12, 2.6412160640680716e-12, 1.732140692475182e-12, 1.1654928701982965e-12, 9.41187267805214e-13, 1.0883446725124892e-12, 1.4295601246981432e-12, 1.1093644270296936e-12, 2.756146684492803e-12]","[0.0007102272727272726, 0.0007102272727272726, 0.0007102272727272726, 0.0007102272727272726, 0.0007102272727272726, 0.0007102272727272726, 0.0007102272727272726, 0.0007102272727272726, 0.0007102272727272726, 0.0007102272727272726, 0.0007102272727272726, 0.0007102272727272726, 0.0007102272727272726, 0.0007102272727272726, 0.0007102272727272726, 0.0007102272727272726, 0.0007102272727272726, 0.0007102272727272726, 0.0007102272727272726, 0.0007102272727272726, 0.0007102272727272726, 0.0007102272727272726, 0.0007102272727272726, 0.0007102272727272726, 0.0007102272727272726, 0.0007102272727272726, 0.0007102272727272726, 0.0007102272727272726, 0.0007102272727272726, 0.0007102272727272726, 0.0007102272727272726, 0.0007102272727272726, 0.0007102272727272726, 0.0007102272727272726, 0.0007102272727272726, 0.0007102272727272726, 0.0007102272727272726, 0.0007102272727272726, 0.0007102272727272726, 0.0007102272727272726, 0.0007102272727272726, 0.0007102272727272726, 0.0007102272727272726, 0.0007102272727272726, 0.0007102272727272726, 0.0007102272727272726, 0.0007102272727272726, 0.0007102272727272726, 0.0007102272727272726, 0.0007102272727272726, 0.0007102272727272726, 0.0007102272727272726, 0.0007102272727272726, 0.0007102272727272726, 0.0007102272727272726, 0.0007102272727272726, 0.0007102272727272726, 0.0007102272727272726, 0.0007102272727272726, 0.0007102272727272726, 0.0007102272727272726, 0.0007102272727272726, 0.0007102272727272726, 0.0007102272727272726, 0.0007102272727272726, 0.0007102272727272726, 0.0007102272727272726, 0.0007102272727272726, 0.0007102272727272726, 0.0007102272727272726, 0.0007102272727272726, 0.0007102272727272726, 0.0007102272727272726, 0.0007102272727272726, 0.0007102272727272726, 0.0007102272727272726, 0.0007102272727272726, 0.0007102272727272726, 0.0007102272727272726, 0.0007102272727272726, 0.0007102272727272726, 0.0007102272727272726, 0.0007102272727272726, 0.0007102272727272726, 0.0007102272727272726, 0.0007102272727272726, 0.0007102272727272726, 0.0007102272727272726, 0.0007102272727272726, 0.0007102272727272726, 0.0007102272727272726, 0.0007102272727272726, 0.0007102272727272726, 0.0007102272727272726, 0.0007102272727272726, 0.0007102272727272726, 0.0007102272727272726, 0.0007102272727272726, 0.0007102272727272726, 0.0007102272727272726, 0.0007102272727272726, 0.0007102272727272726, 0.0007102272727272726, 0.0007102272727272726, 0.0007102272727272726, 0.0007102272727272726, 0.0007102272727272726, 0.0007102272727272726, 0.0007102272727272726, 0.0007102272727272726, 0.0007102272727272726, 0.0007102272727272726, 0.0007102272727272726, 0.0007102272727272726, 0.0007102272727272726, 0.0007102272727272726, 0.0007102272727272726, 0.0007102272727272726, 0.0007102272727272726, 0.0007102272727272726, 0.0007102272727272726, 0.0007102272727272726, 0.0007102272727272726, 0.0007102272727272726, 0.0007102272727272726, 0.0007102272727272726, 0.0007102272727272726, 0.0007102272727272726, 0.0007102272727272726, 0.0007102272727272726, 0.0007102272727272726, 0.0007102272727272726, 0.0007102272727272726, 0.0007102272727272726, 0.0007102272727272726, 0.0007102272727272726, 0.0007102272727272726, 0.0007102272727272726, 0.0007102272727272726, 0.0007102272727272726, 0.0007102272727272726, 0.0007102272727272726, 0.0007102272727272726, 0.0007102272727272726, 0.0007102272727272726, 0.0007102272727272726, 0.0007102272727272726, 0.0007102272727272726]"
theta,"[0.0, 0.0, 0.0, 0.0, 0.0, 0.0, 0.0, 0.0, 0.0, 0.0, 0.0, 0.0, 0.0, 0.0, 0.0, 0.0, 0.0, 0.0, 0.0, 0.0, 0.0, 0.0, 0.0, 0.0, 0.0, 0.0, 0.0, 0.0, 0.0, 0.0, 0.0, 0.0, 0.0, 0.0, 0.0, 0.0, 0.0, 0.0, 0.0, 0.0, 0.0, 0.0, 0.0, 0.0, 0.0, 0.0, 0.0, 0.0, 0.0, 0.0, 0.0, 0.0, 0.0, 0.0, 0.0, 0.0, 0.0, 0.0, 0.0, 0.0, 0.0, 0.0, 0.0, 0.0, 0.0, 0.0, 0.0, 0.0, 0.0, 0.0, 0.0, 0.0, 0.0, 0.0, 0.0, 0.0, 0.0, 0.0, 0.0, 0.0, 0.0, 0.0, 0.0, 0.0, 0.0, 0.0, 0.0, 0.0, 0.0, 0.0, 0.0, 0.0, 0.0, 0.0, 0.0, 0.0, 0.0, 0.0, 0.0, 0.0, 0.0, 0.0, 0.0, 0.0, 0.0, 0.0, 0.0, 0.0, 0.0, 0.0, 0.0, 0.0, 0.0, 0.0, 0.0, 0.0, 0.0, 0.0, 0.0, 0.0, 0.0, 0.0, 0.0, 0.0, 0.0, 0.0, 0.0, 0.0, 0.0, 0.0, 0.0, 0.0, 0.0, 0.0, 0.0, 0.0, 0.0, 0.0, 0.0, 0.0, 0.0, 0.0, 0.0, 0.0, 0.0, 0.0, 0.0, 0.0]","[0.0, 0.0, 0.0, 0.0, 0.0, 0.0, 0.0, 0.0, 0.0, 0.0, 0.0, 0.0, 0.0, 0.0, 0.0, 0.0, 0.0, 0.0, 0.0, 0.0, 0.0, 0.0, 0.0, 0.0, 0.0, 0.0, 0.0, 0.0, 0.0, 0.0, 0.0, 0.0, 0.0, 0.0, 0.0, 0.0, 0.0, 0.0, 0.0, 0.0, 0.0, 0.0, 0.0, 0.0, 0.0, 0.0, 0.0, 0.0, 0.0, 0.0, 0.0, 0.0, 0.0, 0.0, 0.0, 0.0, 0.0, 0.0, 0.0, 0.0, 0.0, 0.0, 0.0, 0.0, 0.0, 0.0, 0.0, 0.0, 0.0, 0.0, 0.0, 0.0, 0.0, 0.0, 0.0, 0.0, 0.0, 0.0, 0.0, 0.0, 0.0, 0.0, 0.0, 0.0, 0.0, 0.0, 0.0, 0.0, 0.0, 0.0, 0.0, 0.0, 0.0, 0.0, 0.0, 0.0, 0.0, 0.0, 0.0, 0.0, 0.0, 0.0, 0.0, 0.0, 0.0, 0.0, 0.0, 0.0, 0.0, 0.0, 0.0, 0.0, 0.0, 0.0, 0.0, 0.0, 0.0, 0.0, 0.0, 0.0, 0.0, 0.0, 0.0, 0.0, 0.0, 0.0, 0.0, 0.0, 0.0, 0.0, 0.0, 0.0, 0.0, 0.0, 0.0, 0.0, 0.0, 0.0, 0.0, 0.0, 0.0, 0.0, 0.0, 0.0, 0.0, 0.0, 0.0, 0.0]","[0.0, 0.0, 0.0, 0.0, 0.0, 0.0, 0.0, 0.0, 0.0, 0.0, 0.0, 0.0, 0.0, 0.0, 0.0, 0.0, 0.0, 0.0, 0.0, 0.0, 0.0, 0.0, 0.0, 0.0, 0.0, 0.0, 0.0, 0.0, 0.0, 0.0, 0.0, 0.0, 0.0, 0.0, 0.0, 0.0, 0.0, 0.0, 0.0, 0.0, 0.0, 0.0, 0.0, 0.0, 0.0, 0.0, 0.0, 0.0, 0.0, 0.0, 0.0, 0.0, 0.0, 0.0, 0.0, 0.0, 0.0, 0.0, 0.0, 0.0, 0.0, 0.0, 0.0, 0.0, 0.0, 0.0, 0.0, 0.0, 0.0, 0.0, 0.0, 0.0, 0.0, 0.0, 0.0, 0.0, 0.0, 0.0, 0.0, 0.0, 0.0, 0.0, 0.0, 0.0, 0.0, 0.0, 0.0, 0.0, 0.0, 0.0, 0.0, 0.0, 0.0, 0.0, 0.0, 0.0, 0.0, 0.0, 0.0, 0.0, 0.0, 0.0, 0.0, 0.0, 0.0, 0.0, 0.0, 0.0, 0.0, 0.0, 0.0, 0.0, 0.0, 0.0, 0.0, 0.0, 0.0, 0.0, 0.0, 0.0, 0.0, 0.0, 0.0, 0.0, 0.0, 0.0, 0.0, 0.0, 0.0, 0.0, 0.0, 0.0, 0.0, 0.0, 0.0, 0.0, 0.0, 0.0, 0.0, 0.0, 0.0, 0.0, 0.0, 0.0, 0.0, 0.0, 0.0, 0.0]","[0.0, 0.0, 0.0, 0.0, 0.0, 0.0, 0.0, 0.0, 0.0, 0.0, 0.0, 0.0, 0.0, 0.0, 0.0, 0.0, 0.0, 0.0, 0.0, 0.0, 0.0, 0.0, 0.0, 0.0, 0.0, 0.0, 0.0, 0.0, 0.0, 0.0, 0.0, 0.0, 0.0, 0.0, 0.0, 0.0, 0.0, 0.0, 0.0, 0.0, 0.0, 0.0, 0.0, 0.0, 0.0, 0.0, 0.0, 0.0, 0.0, 0.0, 0.0, 0.0, 0.0, 0.0, 0.0, 0.0, 0.0, 0.0, 0.0, 0.0, 0.0, 0.0, 0.0, 0.0, 0.0, 0.0, 0.0, 0.0, 0.0, 0.0, 0.0, 0.0, 0.0, 0.0, 0.0, 0.0, 0.0, 0.0, 0.0, 0.0, 0.0, 0.0, 0.0, 0.0, 0.0, 0.0, 0.0, 0.0, 0.0, 0.0, 0.0, 0.0, 0.0, 0.0, 0.0, 0.0, 0.0, 0.0, 0.0, 0.0, 0.0, 0.0, 0.0, 0.0, 0.0, 0.0, 0.0, 0.0, 0.0, 0.0, 0.0, 0.0, 0.0, 0.0, 0.0, 0.0, 0.0, 0.0, 0.0, 0.0, 0.0, 0.0, 0.0, 0.0, 0.0, 0.0, 0.0, 0.0, 0.0, 0.0, 0.0, 0.0, 0.0, 0.0, 0.0, 0.0, 0.0, 0.0, 0.0, 0.0, 0.0, 0.0, 0.0, 0.0, 0.0, 0.0, 0.0, 0.0]","[0.0, 0.0, 0.0, 0.0, 0.0, 0.0, 0.0, 0.0, 0.0, 0.0, 0.0, 0.0, 0.0, 0.0, 0.0, 0.0, 0.0, 0.0, 0.0, 0.0, 0.0, 0.0, 0.0, 0.0, 0.0, 0.0, 0.0, 0.0, 0.0, 0.0, 0.0, 0.0, 0.0, 0.0, 0.0, 0.0, 0.0, 0.0, 0.0, 0.0, 0.0, 0.0, 0.0, 0.0, 0.0, 0.0, 0.0, 0.0, 0.0, 0.0, 0.0, 0.0, 0.0, 0.0, 0.0, 0.0, 0.0, 0.0, 0.0, 0.0, 0.0, 0.0, 0.0, 0.0, 0.0, 0.0, 0.0, 0.0, 0.0, 0.0, 0.0, 0.0, 0.0, 0.0, 0.0, 0.0, 0.0, 0.0, 0.0, 0.0, 0.0, 0.0, 0.0, 0.0, 0.0, 0.0, 0.0, 0.0, 0.0, 0.0, 0.0, 0.0, 0.0, 0.0, 0.0, 0.0, 0.0, 0.0, 0.0, 0.0, 0.0, 0.0, 0.0, 0.0, 0.0, 0.0, 0.0, 0.0, 0.0, 0.0, 0.0, 0.0, 0.0, 0.0, 0.0, 0.0, 0.0, 0.0, 0.0, 0.0, 0.0, 0.0, 0.0, 0.0, 0.0, 0.0, 0.0, 0.0, 0.0, 0.0, 0.0, 0.0, 0.0, 0.0, 0.0, 0.0, 0.0, 0.0, 0.0, 0.0, 0.0, 0.0, 0.0, 0.0, 0.0, 0.0, 0.0, 0.0]","[0.0, 0.0, 0.0, 0.0, 0.0, 0.0, 0.0, 0.0, 0.0, 0.0, 0.0, 0.0, 0.0, 0.0, 0.0, 0.0, 0.0, 0.0, 0.0, 0.0, 0.0, 0.0, 0.0, 0.0, 0.0, 0.0, 0.0, 0.0, 0.0, 0.0, 0.0, 0.0, 0.0, 0.0, 0.0, 0.0, 0.0, 0.0, 0.0, 0.0, 0.0, 0.0, 0.0, 0.0, 0.0, 0.0, 0.0, 0.0, 0.0, 0.0, 0.0, 0.0, 0.0, 0.0, 0.0, 0.0, 0.0, 0.0, 0.0, 0.0, 0.0, 0.0, 0.0, 0.0, 0.0, 0.0, 0.0, 0.0, 0.0, 0.0, 0.0, 0.0, 0.0, 0.0, 0.0, 0.0, 0.0, 0.0, 0.0, 0.0, 0.0, 0.0, 0.0, 0.0, 0.0, 0.0, 0.0, 0.0, 0.0, 0.0, 0.0, 0.0, 0.0, 0.0, 0.0, 0.0, 0.0, 0.0, 0.0, 0.0, 0.0, 0.0, 0.0, 0.0, 0.0, 0.0, 0.0, 0.0, 0.0, 0.0, 0.0, 0.0, 0.0, 0.0, 0.0, 0.0, 0.0, 0.0, 0.0, 0.0, 0.0, 0.0, 0.0, 0.0, 0.0, 0.0, 0.0, 0.0, 0.0, 0.0, 0.0, 0.0, 0.0, 0.0, 0.0, 0.0, 0.0, 0.0, 0.0, 0.0, 0.0, 0.0, 0.0, 0.0, 0.0, 0.0, 0.0, 0.0]","[0.0, 0.0, 0.0, 0.0, 0.0, 0.0, 0.0, 0.0, 0.0, 0.0, 0.0, 0.0, 0.0, 0.0, 0.0, 0.0, 0.0, 0.0, 0.0, 0.0, 0.0, 0.0, 0.0, 0.0, 0.0, 0.0, 0.0, 0.0, 0.0, 0.0, 0.0, 0.0, 0.0, 0.0, 0.0, 0.0, 0.0, 0.0, 0.0, 0.0, 0.0, 0.0, 0.0, 0.0, 0.0, 0.0, 0.0, 0.0, 0.0, 0.0, 0.0, 0.0, 0.0, 0.0, 0.0, 0.0, 0.0, 0.0, 0.0, 0.0, 0.0, 0.0, 0.0, 0.0, 0.0, 0.0, 0.0, 0.0, 0.0, 0.0, 0.0, 0.0, 0.0, 0.0, 0.0, 0.0, 0.0, 0.0, 0.0, 0.0, 0.0, 0.0, 0.0, 0.0, 0.0, 0.0, 0.0, 0.0, 0.0, 0.0, 0.0, 0.0, 0.0, 0.0, 0.0, 0.0, 0.0, 0.0, 0.0, 0.0, 0.0, 0.0, 0.0, 0.0, 0.0, 0.0, 0.0, 0.0, 0.0, 0.0, 0.0, 0.0, 0.0, 0.0, 0.0, 0.0, 0.0, 0.0, 0.0, 0.0, 0.0, 0.0, 0.0, 0.0, 0.0, 0.0, 0.0, 0.0, 0.0, 0.0, 0.0, 0.0, 0.0, 0.0, 0.0, 0.0, 0.0, 0.0, 0.0, 0.0, 0.0, 0.0, 0.0, 0.0, 0.0, 0.0, 0.0, 0.0]","[0.0, 0.0, 0.0, 0.0, 0.0, 0.0, 0.0, 0.0, 0.0, 0.0, 0.0, 0.0, 0.0, 0.0, 0.0, 0.0, 0.0, 0.0, 0.0, 0.0, 0.0, 0.0, 0.0, 0.0, 0.0, 0.0, 0.0, 0.0, 0.0, 0.0, 0.0, 0.0, 0.0, 0.0, 0.0, 0.0, 0.0, 0.0, 0.0, 0.0, 0.0, 0.0, 0.0, 0.0, 0.0, 0.0, 0.0, 0.0, 0.0, 0.0, 0.0, 0.0, 0.0, 0.0, 0.0, 0.0, 0.0, 0.0, 0.0, 0.0, 0.0, 0.0, 0.0, 0.0, 0.0, 0.0, 0.0, 0.0, 0.0, 0.0, 0.0, 0.0, 0.0, 0.0, 0.0, 0.0, 0.0, 0.0, 0.0, 0.0, 0.0, 0.0, 0.0, 0.0, 0.0, 0.0, 0.0, 0.0, 0.0, 0.0, 0.0, 0.0, 0.0, 0.0, 0.0, 0.0, 0.0, 0.0, 0.0, 0.0, 0.0, 0.0, 0.0, 0.0, 0.0, 0.0, 0.0, 0.0, 0.0, 0.0, 0.0, 0.0, 0.0, 0.0, 0.0, 0.0, 0.0, 0.0, 0.0, 0.0, 0.0, 0.0, 0.0, 0.0, 0.0, 0.0, 0.0, 0.0, 0.0, 0.0, 0.0, 0.0, 0.0, 0.0, 0.0, 0.0, 0.0, 0.0, 0.0, 0.0, 0.0, 0.0, 0.0, 0.0, 0.0, 0.0, 0.0, 0.0]","[0.0, 0.0, 0.0, 0.0, 0.0, 0.0, 0.0, 0.0, 0.0, 0.0, 0.0, 0.0, 0.0, 0.0, 0.0, 0.0, 0.0, 0.0, 0.0, 0.0, 0.0, 0.0, 0.0, 0.0, 0.0, 0.0, 0.0, 0.0, 0.0, 0.0, 0.0, 0.0, 0.0, 0.0, 0.0, 0.0, 0.0, 0.0, 0.0, 0.0, 0.0, 0.0, 0.0, 0.0, 0.0, 0.0, 0.0, 0.0, 0.0, 0.0, 0.0, 0.0, 0.0, 0.0, 0.0, 0.0, 0.0, 0.0, 0.0, 0.0, 0.0, 0.0, 0.0, 0.0, 0.0, 0.0, 0.0, 0.0, 0.0, 0.0, 0.0, 0.0, 0.0, 0.0, 0.0, 0.0, 0.0, 0.0, 0.0, 0.0, 0.0, 0.0, 0.0, 0.0, 0.0, 0.0, 0.0, 0.0, 0.0, 0.0, 0.0, 0.0, 0.0, 0.0, 0.0, 0.0, 0.0, 0.0, 0.0, 0.0, 0.0, 0.0, 0.0, 0.0, 0.0, 0.0, 0.0, 0.0, 0.0, 0.0, 0.0, 0.0, 0.0, 0.0, 0.0, 0.0, 0.0, 0.0, 0.0, 0.0, 0.0, 0.0, 0.0, 0.0, 0.0, 0.0, 0.0, 0.0, 0.0, 0.0, 0.0, 0.0, 0.0, 0.0, 0.0, 0.0, 0.0, 0.0, 0.0, 0.0, 0.0, 0.0, 0.0, 0.0, 0.0, 0.0, 0.0, 0.0]","[0.0, 0.0, 0.0, 0.0, 0.0, 0.0, 0.0, 0.0, 0.0, 0.0, 0.0, 0.0, 0.0, 0.0, 0.0, 0.0, 0.0, 0.0, 0.0, 0.0, 0.0, 0.0, 0.0, 0.0, 0.0, 0.0, 0.0, 0.0, 0.0, 0.0, 0.0, 0.0, 0.0, 0.0, 0.0, 0.0, 0.0, 0.0, 0.0, 0.0, 0.0, 0.0, 0.0, 0.0, 0.0, 0.0, 0.0, 0.0, 0.0, 0.0, 0.0, 0.0, 0.0, 0.0, 0.0, 0.0, 0.0, 0.0, 0.0, 0.0, 0.0, 0.0, 0.0, 0.0, 0.0, 0.0, 0.0, 0.0, 0.0, 0.0, 0.0, 0.0, 0.0, 0.0, 0.0, 0.0, 0.0, 0.0, 0.0, 0.0, 0.0, 0.0, 0.0, 0.0, 0.0, 0.0, 0.0, 0.0, 0.0, 0.0, 0.0, 0.0, 0.0, 0.0, 0.0, 0.0, 0.0, 0.0, 0.0, 0.0, 0.0, 0.0, 0.0, 0.0, 0.0, 0.0, 0.0, 0.0, 0.0, 0.0, 0.0, 0.0, 0.0, 0.0, 0.0, 0.0, 0.0, 0.0, 0.0, 0.0, 0.0, 0.0, 0.0, 0.0, 0.0, 0.0, 0.0, 0.0, 0.0, 0.0, 0.0, 0.0, 0.0, 0.0, 0.0, 0.0, 0.0, 0.0, 0.0, 0.0, 0.0, 0.0, 0.0, 0.0, 0.0, 0.0, 0.0, 0.0]","[0.0, 0.0, 0.0, 0.0, 0.0, 0.0, 0.0, 0.0, 0.0, 0.0, 0.0, 0.0, 0.0, 0.0, 0.0, 0.0, 0.0, 0.0, 0.0, 0.0, 0.0, 0.0, 0.0, 0.0, 0.0, 0.0, 0.0, 0.0, 0.0, 0.0, 0.0, 0.0, 0.0, 0.0, 0.0, 0.0, 0.0, 0.0, 0.0, 0.0, 0.0, 0.0, 0.0, 0.0, 0.0, 0.0, 0.0, 0.0, 0.0, 0.0, 0.0, 0.0, 0.0, 0.0, 0.0, 0.0, 0.0, 0.0, 0.0, 0.0, 0.0, 0.0, 0.0, 0.0, 0.0, 0.0, 0.0, 0.0, 0.0, 0.0, 0.0, 0.0, 0.0, 0.0, 0.0, 0.0, 0.0, 0.0, 0.0, 0.0, 0.0, 0.0, 0.0, 0.0, 0.0, 0.0, 0.0, 0.0, 0.0, 0.0, 0.0, 0.0, 0.0, 0.0, 0.0, 0.0, 0.0, 0.0, 0.0, 0.0, 0.0, 0.0, 0.0, 0.0, 0.0, 0.0, 0.0, 0.0, 0.0, 0.0, 0.0, 0.0, 0.0, 0.0, 0.0, 0.0, 0.0, 0.0, 0.0, 0.0, 0.0, 0.0, 0.0, 0.0, 0.0, 0.0, 0.0, 0.0, 0.0, 0.0, 0.0, 0.0, 0.0, 0.0, 0.0, 0.0, 0.0, 0.0, 0.0, 0.0, 0.0, 0.0, 0.0, 0.0, 0.0, 0.0, 0.0, 0.0]","[0.0, 0.0, 0.0, 0.0, 0.0, 0.0, 0.0, 0.0, 0.0, 0.0, 0.0, 0.0, 0.0, 0.0, 0.0, 0.0, 0.0, 0.0, 0.0, 0.0, 0.0, 0.0, 0.0, 0.0, 0.0, 0.0, 0.0, 0.0, 0.0, 0.0, 0.0, 0.0, 0.0, 0.0, 0.0, 0.0, 0.0, 0.0, 0.0, 0.0, 0.0, 0.0, 0.0, 0.0, 0.0, 0.0, 0.0, 0.0, 0.0, 0.0, 0.0, 0.0, 0.0, 0.0, 0.0, 0.0, 0.0, 0.0, 0.0, 0.0, 0.0, 0.0, 0.0, 0.0, 0.0, 0.0, 0.0, 0.0, 0.0, 0.0, 0.0, 0.0, 0.0, 0.0, 0.0, 0.0, 0.0, 0.0, 0.0, 0.0, 0.0, 0.0, 0.0, 0.0, 0.0, 0.0, 0.0, 0.0, 0.0, 0.0, 0.0, 0.0, 0.0, 0.0, 0.0, 0.0, 0.0, 0.0, 0.0, 0.0, 0.0, 0.0, 0.0, 0.0, 0.0, 0.0, 0.0, 0.0, 0.0, 0.0, 0.0, 0.0, 0.0, 0.0, 0.0, 0.0, 0.0, 0.0, 0.0, 0.0, 0.0, 0.0, 0.0, 0.0, 0.0, 0.0, 0.0, 0.0, 0.0, 0.0, 0.0, 0.0, 0.0, 0.0, 0.0, 0.0, 0.0, 0.0, 0.0, 0.0, 0.0, 0.0, 0.0, 0.0, 0.0, 0.0, 0.0, 0.0]","[0.0, 0.0, 0.0, 0.0, 0.0, 0.0, 0.0, 0.0, 0.0, 0.0, 0.0, 0.0, 0.0, 0.0, 0.0, 0.0, 0.0, 0.0, 0.0, 0.0, 0.0, 0.0, 0.0, 0.0, 0.0, 0.0, 0.0, 0.0, 0.0, 0.0, 0.0, 0.0, 0.0, 0.0, 0.0, 0.0, 0.0, 0.0, 0.0, 0.0, 0.0, 0.0, 0.0, 0.0, 0.0, 0.0, 0.0, 0.0, 0.0, 0.0, 0.0, 0.0, 0.0, 0.0, 0.0, 0.0, 0.0, 0.0, 0.0, 0.0, 0.0, 0.0, 0.0, 0.0, 0.0, 0.0, 0.0, 0.0, 0.0, 0.0, 0.0, 0.0, 0.0, 0.0, 0.0, 0.0, 0.0, 0.0, 0.0, 0.0, 0.0, 0.0, 0.0, 0.0, 0.0, 0.0, 0.0, 0.0, 0.0, 0.0, 0.0, 0.0, 0.0, 0.0, 0.0, 0.0, 0.0, 0.0, 0.0, 0.0, 0.0, 0.0, 0.0, 0.0, 0.0, 0.0, 0.0, 0.0, 0.0, 0.0, 0.0, 0.0, 0.0, 0.0, 0.0, 0.0, 0.0, 0.0, 0.0, 0.0, 0.0, 0.0, 0.0, 0.0, 0.0, 0.0, 0.0, 0.0, 0.0, 0.0, 0.0, 0.0, 0.0, 0.0, 0.0, 0.0, 0.0, 0.0, 0.0, 0.0, 0.0, 0.0, 0.0, 0.0, 0.0, 0.0, 0.0, 0.0]","[0.0, 0.0, 0.0, 0.0, 0.0, 0.0, 0.0, 0.0, 0.0, 0.0, 0.0, 0.0, 0.0, 0.0, 0.0, 0.0, 0.0, 0.0, 0.0, 0.0, 0.0, 0.0, 0.0, 0.0, 0.0, 0.0, 0.0, 0.0, 0.0, 0.0, 0.0, 0.0, 0.0, 0.0, 0.0, 0.0, 0.0, 0.0, 0.0, 0.0, 0.0, 0.0, 0.0, 0.0, 0.0, 0.0, 0.0, 0.0, 0.0, 0.0, 0.0, 0.0, 0.0, 0.0, 0.0, 0.0, 0.0, 0.0, 0.0, 0.0, 0.0, 0.0, 0.0, 0.0, 0.0, 0.0, 0.0, 0.0, 0.0, 0.0, 0.0, 0.0, 0.0, 0.0, 0.0, 0.0, 0.0, 0.0, 0.0, 0.0, 0.0, 0.0, 0.0, 0.0, 0.0, 0.0, 0.0, 0.0, 0.0, 0.0, 0.0, 0.0, 0.0, 0.0, 0.0, 0.0, 0.0, 0.0, 0.0, 0.0, 0.0, 0.0, 0.0, 0.0, 0.0, 0.0, 0.0, 0.0, 0.0, 0.0, 0.0, 0.0, 0.0, 0.0, 0.0, 0.0, 0.0, 0.0, 0.0, 0.0, 0.0, 0.0, 0.0, 0.0, 0.0, 0.0, 0.0, 0.0, 0.0, 0.0, 0.0, 0.0, 0.0, 0.0, 0.0, 0.0, 0.0, 0.0, 0.0, 0.0, 0.0, 0.0, 0.0, 0.0, 0.0, 0.0, 0.0, 0.0]","[0.0, 0.0, 0.0, 0.0, 0.0, 0.0, 0.0, 0.0, 0.0, 0.0, 0.0, 0.0, 0.0, 0.0, 0.0, 0.0, 0.0, 0.0, 0.0, 0.0, 0.0, 0.0, 0.0, 0.0, 0.0, 0.0, 0.0, 0.0, 0.0, 0.0, 0.0, 0.0, 0.0, 0.0, 0.0, 0.0, 0.0, 0.0, 0.0, 0.0, 0.0, 0.0, 0.0, 0.0, 0.0, 0.0, 0.0, 0.0, 0.0, 0.0, 0.0, 0.0, 0.0, 0.0, 0.0, 0.0, 0.0, 0.0, 0.0, 0.0, 0.0, 0.0, 0.0, 0.0, 0.0, 0.0, 0.0, 0.0, 0.0, 0.0, 0.0, 0.0, 0.0, 0.0, 0.0, 0.0, 0.0, 0.0, 0.0, 0.0, 0.0, 0.0, 0.0, 0.0, 0.0, 0.0, 0.0, 0.0, 0.0, 0.0, 0.0, 0.0, 0.0, 0.0, 0.0, 0.0, 0.0, 0.0, 0.0, 0.0, 0.0, 0.0, 0.0, 0.0, 0.0, 0.0, 0.0, 0.0, 0.0, 0.0, 0.0, 0.0, 0.0, 0.0, 0.0, 0.0, 0.0, 0.0, 0.0, 0.0, 0.0, 0.0, 0.0, 0.0, 0.0, 0.0, 0.0, 0.0, 0.0, 0.0, 0.0, 0.0, 0.0, 0.0, 0.0, 0.0, 0.0, 0.0, 0.0, 0.0, 0.0, 0.0, 0.0, 0.0, 0.0, 0.0, 0.0, 0.0]","[0.0, 0.0, 0.0, 0.0, 0.0, 0.0, 0.0, 0.0, 0.0, 0.0, 0.0, 0.0, 0.0, 0.0, 0.0, 0.0, 0.0, 0.0, 0.0, 0.0, 0.0, 0.0, 0.0, 0.0, 0.0, 0.0, 0.0, 0.0, 0.0, 0.0, 0.0, 0.0, 0.0, 0.0, 0.0, 0.0, 0.0, 0.0, 0.0, 0.0, 0.0, 0.0, 0.0, 0.0, 0.0, 0.0, 0.0, 0.0, 0.0, 0.0, 0.0, 0.0, 0.0, 0.0, 0.0, 0.0, 0.0, 0.0, 0.0, 0.0, 0.0, 0.0, 0.0, 0.0, 0.0, 0.0, 0.0, 0.0, 0.0, 0.0, 0.0, 0.0, 0.0, 0.0, 0.0, 0.0, 0.0, 0.0, 0.0, 0.0, 0.0, 0.0, 0.0, 0.0, 0.0, 0.0, 0.0, 0.0, 0.0, 0.0, 0.0, 0.0, 0.0, 0.0, 0.0, 0.0, 0.0, 0.0, 0.0, 0.0, 0.0, 0.0, 0.0, 0.0, 0.0, 0.0, 0.0, 0.0, 0.0, 0.0, 0.0, 0.0, 0.0, 0.0, 0.0, 0.0, 0.0, 0.0, 0.0, 0.0, 0.0, 0.0, 0.0, 0.0, 0.0, 0.0, 0.0, 0.0, 0.0, 0.0, 0.0, 0.0, 0.0, 0.0, 0.0, 0.0, 0.0, 0.0, 0.0, 0.0, 0.0, 0.0, 0.0, 0.0, 0.0, 0.0, 0.0, 0.0]","[0.0, 0.0, 0.0, 0.0, 0.0, 0.0, 0.0, 0.0, 0.0, 0.0, 0.0, 0.0, 0.0, 0.0, 0.0, 0.0, 0.0, 0.0, 0.0, 0.0, 0.0, 0.0, 0.0, 0.0, 0.0, 0.0, 0.0, 0.0, 0.0, 0.0, 0.0, 0.0, 0.0, 0.0, 0.0, 0.0, 0.0, 0.0, 0.0, 0.0, 0.0, 0.0, 0.0, 0.0, 0.0, 0.0, 0.0, 0.0, 0.0, 0.0, 0.0, 0.0, 0.0, 0.0, 0.0, 0.0, 0.0, 0.0, 0.0, 0.0, 0.0, 0.0, 0.0, 0.0, 0.0, 0.0, 0.0, 0.0, 0.0, 0.0, 0.0, 0.0, 0.0, 0.0, 0.0, 0.0, 0.0, 0.0, 0.0, 0.0, 0.0, 0.0, 0.0, 0.0, 0.0, 0.0, 0.0, 0.0, 0.0, 0.0, 0.0, 0.0, 0.0, 0.0, 0.0, 0.0, 0.0, 0.0, 0.0, 0.0, 0.0, 0.0, 0.0, 0.0, 0.0, 0.0, 0.0, 0.0, 0.0, 0.0, 0.0, 0.0, 0.0, 0.0, 0.0, 0.0, 0.0, 0.0, 0.0, 0.0, 0.0, 0.0, 0.0, 0.0, 0.0, 0.0, 0.0, 0.0, 0.0, 0.0, 0.0, 0.0, 0.0, 0.0, 0.0, 0.0, 0.0, 0.0, 0.0, 0.0, 0.0, 0.0, 0.0, 0.0, 0.0, 0.0, 0.0, 0.0]","[0.0, 0.0, 0.0, 0.0, 0.0, 0.0, 0.0, 0.0, 0.0, 0.0, 0.0, 0.0, 0.0, 0.0, 0.0, 0.0, 0.0, 0.0, 0.0, 0.0, 0.0, 0.0, 0.0, 0.0, 0.0, 0.0, 0.0, 0.0, 0.0, 0.0, 0.0, 0.0, 0.0, 0.0, 0.0, 0.0, 0.0, 0.0, 0.0, 0.0, 0.0, 0.0, 0.0, 0.0, 0.0, 0.0, 0.0, 0.0, 0.0, 0.0, 0.0, 0.0, 0.0, 0.0, 0.0, 0.0, 0.0, 0.0, 0.0, 0.0, 0.0, 0.0, 0.0, 0.0, 0.0, 0.0, 0.0, 0.0, 0.0, 0.0, 0.0, 0.0, 0.0, 0.0, 0.0, 0.0, 0.0, 0.0, 0.0, 0.0, 0.0, 0.0, 0.0, 0.0, 0.0, 0.0, 0.0, 0.0, 0.0, 0.0, 0.0, 0.0, 0.0, 0.0, 0.0, 0.0, 0.0, 0.0, 0.0, 0.0, 0.0, 0.0, 0.0, 0.0, 0.0, 0.0, 0.0, 0.0, 0.0, 0.0, 0.0, 0.0, 0.0, 0.0, 0.0, 0.0, 0.0, 0.0, 0.0, 0.0, 0.0, 0.0, 0.0, 0.0, 0.0, 0.0, 0.0, 0.0, 0.0, 0.0, 0.0, 0.0, 0.0, 0.0, 0.0, 0.0, 0.0, 0.0, 0.0, 0.0, 0.0, 0.0, 0.0, 0.0, 0.0, 0.0, 0.0, 0.0]","[0.0, 0.0, 0.0, 0.0, 0.0, 0.0, 0.0, 0.0, 0.0, 0.0, 0.0, 0.0, 0.0, 0.0, 0.0, 0.0, 0.0, 0.0, 0.0, 0.0, 0.0, 0.0, 0.0, 0.0, 0.0, 0.0, 0.0, 0.0, 0.0, 0.0, 0.0, 0.0, 0.0, 0.0, 0.0, 0.0, 0.0, 0.0, 0.0, 0.0, 0.0, 0.0, 0.0, 0.0, 0.0, 0.0, 0.0, 0.0, 0.0, 0.0, 0.0, 0.0, 0.0, 0.0, 0.0, 0.0, 0.0, 0.0, 0.0, 0.0, 0.0, 0.0, 0.0, 0.0, 0.0, 0.0, 0.0, 0.0, 0.0, 0.0, 0.0, 0.0, 0.0, 0.0, 0.0, 0.0, 0.0, 0.0, 0.0, 0.0, 0.0, 0.0, 0.0, 0.0, 0.0, 0.0, 0.0, 0.0, 0.0, 0.0, 0.0, 0.0, 0.0, 0.0, 0.0, 0.0, 0.0, 0.0, 0.0, 0.0, 0.0, 0.0, 0.0, 0.0, 0.0, 0.0, 0.0, 0.0, 0.0, 0.0, 0.0, 0.0, 0.0, 0.0, 0.0, 0.0, 0.0, 0.0, 0.0, 0.0, 0.0, 0.0, 0.0, 0.0, 0.0, 0.0, 0.0, 0.0, 0.0, 0.0, 0.0, 0.0, 0.0, 0.0, 0.0, 0.0, 0.0, 0.0, 0.0, 0.0, 0.0, 0.0, 0.0, 0.0, 0.0, 0.0, 0.0, 0.0]","[0.0, 0.0, 0.0, 0.0, 0.0, 0.0, 0.0, 0.0, 0.0, 0.0, 0.0, 0.0, 0.0, 0.0, 0.0, 0.0, 0.0, 0.0, 0.0, 0.0, 0.0, 0.0, 0.0, 0.0, 0.0, 0.0, 0.0, 0.0, 0.0, 0.0, 0.0, 0.0, 0.0, 0.0, 0.0, 0.0, 0.0, 0.0, 0.0, 0.0, 0.0, 0.0, 0.0, 0.0, 0.0, 0.0, 0.0, 0.0, 0.0, 0.0, 0.0, 0.0, 0.0, 0.0, 0.0, 0.0, 0.0, 0.0, 0.0, 0.0, 0.0, 0.0, 0.0, 0.0, 0.0, 0.0, 0.0, 0.0, 0.0, 0.0, 0.0, 0.0, 0.0, 0.0, 0.0, 0.0, 0.0, 0.0, 0.0, 0.0, 0.0, 0.0, 0.0, 0.0, 0.0, 0.0, 0.0, 0.0, 0.0, 0.0, 0.0, 0.0, 0.0, 0.0, 0.0, 0.0, 0.0, 0.0, 0.0, 0.0, 0.0, 0.0, 0.0, 0.0, 0.0, 0.0, 0.0, 0.0, 0.0, 0.0, 0.0, 0.0, 0.0, 0.0, 0.0, 0.0, 0.0, 0.0, 0.0, 0.0, 0.0, 0.0, 0.0, 0.0, 0.0, 0.0, 0.0, 0.0, 0.0, 0.0, 0.0, 0.0, 0.0, 0.0, 0.0, 0.0, 0.0, 0.0, 0.0, 0.0, 0.0, 0.0, 0.0, 0.0, 0.0, 0.0, 0.0, 0.0]","[0.0, 0.0, 0.0, 0.0, 0.0, 0.0, 0.0, 0.0, 0.0, 0.0, 0.0, 0.0, 0.0, 0.0, 0.0, 0.0, 0.0, 0.0, 0.0, 0.0, 0.0, 0.0, 0.0, 0.0, 0.0, 0.0, 0.0, 0.0, 0.0, 0.0, 0.0, 0.0, 0.0, 0.0, 0.0, 0.0, 0.0, 0.0, 0.0, 0.0, 0.0, 0.0, 0.0, 0.0, 0.0, 0.0, 0.0, 0.0, 0.0, 0.0, 0.0, 0.0, 0.0, 0.0, 0.0, 0.0, 0.0, 0.0, 0.0, 0.0, 0.0, 0.0, 0.0, 0.0, 0.0, 0.0, 0.0, 0.0, 0.0, 0.0, 0.0, 0.0, 0.0, 0.0, 0.0, 0.0, 0.0, 0.0, 0.0, 0.0, 0.0, 0.0, 0.0, 0.0, 0.0, 0.0, 0.0, 0.0, 0.0, 0.0, 0.0, 0.0, 0.0, 0.0, 0.0, 0.0, 0.0, 0.0, 0.0, 0.0, 0.0, 0.0, 0.0, 0.0, 0.0, 0.0, 0.0, 0.0, 0.0, 0.0, 0.0, 0.0, 0.0, 0.0, 0.0, 0.0, 0.0, 0.0, 0.0, 0.0, 0.0, 0.0, 0.0, 0.0, 0.0, 0.0, 0.0, 0.0, 0.0, 0.0, 0.0, 0.0, 0.0, 0.0, 0.0, 0.0, 0.0, 0.0, 0.0, 0.0, 0.0, 0.0, 0.0, 0.0, 0.0, 0.0, 0.0, 0.0]","[0.0, 0.0, 0.0, 0.0, 0.0, 0.0, 0.0, 0.0, 0.0, 0.0, 0.0, 0.0, 0.0, 0.0, 0.0, 0.0, 0.0, 0.0, 0.0, 0.0, 0.0, 0.0, 0.0, 0.0, 0.0, 0.0, 0.0, 0.0, 0.0, 0.0, 0.0, 0.0, 0.0, 0.0, 0.0, 0.0, 0.0, 0.0, 0.0, 0.0, 0.0, 0.0, 0.0, 0.0, 0.0, 0.0, 0.0, 0.0, 0.0, 0.0, 0.0, 0.0, 0.0, 0.0, 0.0, 0.0, 0.0, 0.0, 0.0, 0.0, 0.0, 0.0, 0.0, 0.0, 0.0, 0.0, 0.0, 0.0, 0.0, 0.0, 0.0, 0.0, 0.0, 0.0, 0.0, 0.0, 0.0, 0.0, 0.0, 0.0, 0.0, 0.0, 0.0, 0.0, 0.0, 0.0, 0.0, 0.0, 0.0, 0.0, 0.0, 0.0, 0.0, 0.0, 0.0, 0.0, 0.0, 0.0, 0.0, 0.0, 0.0, 0.0, 0.0, 0.0, 0.0, 0.0, 0.0, 0.0, 0.0, 0.0, 0.0, 0.0, 0.0, 0.0, 0.0, 0.0, 0.0, 0.0, 0.0, 0.0, 0.0, 0.0, 0.0, 0.0, 0.0, 0.0, 0.0, 0.0, 0.0, 0.0, 0.0, 0.0, 0.0, 0.0, 0.0, 0.0, 0.0, 0.0, 0.0, 0.0, 0.0, 0.0, 0.0, 0.0, 0.0, 0.0, 0.0, 0.0]","[0.0, 0.0, 0.0, 0.0, 0.0, 0.0, 0.0, 0.0, 0.0, 0.0, 0.0, 0.0, 0.0, 0.0, 0.0, 0.0, 0.0, 0.0, 0.0, 0.0, 0.0, 0.0, 0.0, 0.0, 0.0, 0.0, 0.0, 0.0, 0.0, 0.0, 0.0, 0.0, 0.0, 0.0, 0.0, 0.0, 0.0, 0.0, 0.0, 0.0, 0.0, 0.0, 0.0, 0.0, 0.0, 0.0, 0.0, 0.0, 0.0, 0.0, 0.0, 0.0, 0.0, 0.0, 0.0, 0.0, 0.0, 0.0, 0.0, 0.0, 0.0, 0.0, 0.0, 0.0, 0.0, 0.0, 0.0, 0.0, 0.0, 0.0, 0.0, 0.0, 0.0, 0.0, 0.0, 0.0, 0.0, 0.0, 0.0, 0.0, 0.0, 0.0, 0.0, 0.0, 0.0, 0.0, 0.0, 0.0, 0.0, 0.0, 0.0, 0.0, 0.0, 0.0, 0.0, 0.0, 0.0, 0.0, 0.0, 0.0, 0.0, 0.0, 0.0, 0.0, 0.0, 0.0, 0.0, 0.0, 0.0, 0.0, 0.0, 0.0, 0.0, 0.0, 0.0, 0.0, 0.0, 0.0, 0.0, 0.0, 0.0, 0.0, 0.0, 0.0, 0.0, 0.0, 0.0, 0.0, 0.0, 0.0, 0.0, 0.0, 0.0, 0.0, 0.0, 0.0, 0.0, 0.0, 0.0, 0.0, 0.0, 0.0, 0.0, 0.0, 0.0, 0.0, 0.0, 0.0]","[0.0, 0.0, 0.0, 0.0, 0.0, 0.0, 0.0, 0.0, 0.0, 0.0, 0.0, 0.0, 0.0, 0.0, 0.0, 0.0, 0.0, 0.0, 0.0, 0.0, 0.0, 0.0, 0.0, 0.0, 0.0, 0.0, 0.0, 0.0, 0.0, 0.0, 0.0, 0.0, 0.0, 0.0, 0.0, 0.0, 0.0, 0.0, 0.0, 0.0, 0.0, 0.0, 0.0, 0.0, 0.0, 0.0, 0.0, 0.0, 0.0, 0.0, 0.0, 0.0, 0.0, 0.0, 0.0, 0.0, 0.0, 0.0, 0.0, 0.0, 0.0, 0.0, 0.0, 0.0, 0.0, 0.0, 0.0, 0.0, 0.0, 0.0, 0.0, 0.0, 0.0, 0.0, 0.0, 0.0, 0.0, 0.0, 0.0, 0.0, 0.0, 0.0, 0.0, 0.0, 0.0, 0.0, 0.0, 0.0, 0.0, 0.0, 0.0, 0.0, 0.0, 0.0, 0.0, 0.0, 0.0, 0.0, 0.0, 0.0, 0.0, 0.0, 0.0, 0.0, 0.0, 0.0, 0.0, 0.0, 0.0, 0.0, 0.0, 0.0, 0.0, 0.0, 0.0, 0.0, 0.0, 0.0, 0.0, 0.0, 0.0, 0.0, 0.0, 0.0, 0.0, 0.0, 0.0, 0.0, 0.0, 0.0, 0.0, 0.0, 0.0, 0.0, 0.0, 0.0, 0.0, 0.0, 0.0, 0.0, 0.0, 0.0, 0.0, 0.0, 0.0, 0.0, 0.0, 0.0]","[0.0, 0.0, 0.0, 0.0, 0.0, 0.0, 0.0, 0.0, 0.0, 0.0, 0.0, 0.0, 0.0, 0.0, 0.0, 0.0, 0.0, 0.0, 0.0, 0.0, 0.0, 0.0, 0.0, 0.0, 0.0, 0.0, 0.0, 0.0, 0.0, 0.0, 0.0, 0.0, 0.0, 0.0, 0.0, 0.0, 0.0, 0.0, 0.0, 0.0, 0.0, 0.0, 0.0, 0.0, 0.0, 0.0, 0.0, 0.0, 0.0, 0.0, 0.0, 0.0, 0.0, 0.0, 0.0, 0.0, 0.0, 0.0, 0.0, 0.0, 0.0, 0.0, 0.0, 0.0, 0.0, 0.0, 0.0, 0.0, 0.0, 0.0, 0.0, 0.0, 0.0, 0.0, 0.0, 0.0, 0.0, 0.0, 0.0, 0.0, 0.0, 0.0, 0.0, 0.0, 0.0, 0.0, 0.0, 0.0, 0.0, 0.0, 0.0, 0.0, 0.0, 0.0, 0.0, 0.0, 0.0, 0.0, 0.0, 0.0, 0.0, 0.0, 0.0, 0.0, 0.0, 0.0, 0.0, 0.0, 0.0, 0.0, 0.0, 0.0, 0.0, 0.0, 0.0, 0.0, 0.0, 0.0, 0.0, 0.0, 0.0, 0.0, 0.0, 0.0, 0.0, 0.0, 0.0, 0.0, 0.0, 0.0, 0.0, 0.0, 0.0, 0.0, 0.0, 0.0, 0.0, 0.0, 0.0, 0.0, 0.0, 0.0, 0.0, 0.0, 0.0, 0.0, 0.0, 0.0]","[0.0, 0.0, 0.0, 0.0, 0.0, 0.0, 0.0, 0.0, 0.0, 0.0, 0.0, 0.0, 0.0, 0.0, 0.0, 0.0, 0.0, 0.0, 0.0, 0.0, 0.0, 0.0, 0.0, 0.0, 0.0, 0.0, 0.0, 0.0, 0.0, 0.0, 0.0, 0.0, 0.0, 0.0, 0.0, 0.0, 0.0, 0.0, 0.0, 0.0, 0.0, 0.0, 0.0, 0.0, 0.0, 0.0, 0.0, 0.0, 0.0, 0.0, 0.0, 0.0, 0.0, 0.0, 0.0, 0.0, 0.0, 0.0, 0.0, 0.0, 0.0, 0.0, 0.0, 0.0, 0.0, 0.0, 0.0, 0.0, 0.0, 0.0, 0.0, 0.0, 0.0, 0.0, 0.0, 0.0, 0.0, 0.0, 0.0, 0.0, 0.0, 0.0, 0.0, 0.0, 0.0, 0.0, 0.0, 0.0, 0.0, 0.0, 0.0, 0.0, 0.0, 0.0, 0.0, 0.0, 0.0, 0.0, 0.0, 0.0, 0.0, 0.0, 0.0, 0.0, 0.0, 0.0, 0.0, 0.0, 0.0, 0.0, 0.0, 0.0, 0.0, 0.0, 0.0, 0.0, 0.0, 0.0, 0.0, 0.0, 0.0, 0.0, 0.0, 0.0, 0.0, 0.0, 0.0, 0.0, 0.0, 0.0, 0.0, 0.0, 0.0, 0.0, 0.0, 0.0, 0.0, 0.0, 0.0, 0.0, 0.0, 0.0, 0.0, 0.0, 0.0, 0.0, 0.0, 0.0]","[0.0, 0.0, 0.0, 0.0, 0.0, 0.0, 0.0, 0.0, 0.0, 0.0, 0.0, 0.0, 0.0, 0.0, 0.0, 0.0, 0.0, 0.0, 0.0, 0.0, 0.0, 0.0, 0.0, 0.0, 0.0, 0.0, 0.0, 0.0, 0.0, 0.0, 0.0, 0.0, 0.0, 0.0, 0.0, 0.0, 0.0, 0.0, 0.0, 0.0, 0.0, 0.0, 0.0, 0.0, 0.0, 0.0, 0.0, 0.0, 0.0, 0.0, 0.0, 0.0, 0.0, 0.0, 0.0, 0.0, 0.0, 0.0, 0.0, 0.0, 0.0, 0.0, 0.0, 0.0, 0.0, 0.0, 0.0, 0.0, 0.0, 0.0, 0.0, 0.0, 0.0, 0.0, 0.0, 0.0, 0.0, 0.0, 0.0, 0.0, 0.0, 0.0, 0.0, 0.0, 0.0, 0.0, 0.0, 0.0, 0.0, 0.0, 0.0, 0.0, 0.0, 0.0, 0.0, 0.0, 0.0, 0.0, 0.0, 0.0, 0.0, 0.0, 0.0, 0.0, 0.0, 0.0, 0.0, 0.0, 0.0, 0.0, 0.0, 0.0, 0.0, 0.0, 0.0, 0.0, 0.0, 0.0, 0.0, 0.0, 0.0, 0.0, 0.0, 0.0, 0.0, 0.0, 0.0, 0.0, 0.0, 0.0, 0.0, 0.0, 0.0, 0.0, 0.0, 0.0, 0.0, 0.0, 0.0, 0.0, 0.0, 0.0, 0.0, 0.0, 0.0, 0.0, 0.0, 0.0]","[0.0, 0.0, 0.0, 0.0, 0.0, 0.0, 0.0, 0.0, 0.0, 0.0, 0.0, 0.0, 0.0, 0.0, 0.0, 0.0, 0.0, 0.0, 0.0, 0.0, 0.0, 0.0, 0.0, 0.0, 0.0, 0.0, 0.0, 0.0, 0.0, 0.0, 0.0, 0.0, 0.0, 0.0, 0.0, 0.0, 0.0, 0.0, 0.0, 0.0, 0.0, 0.0, 0.0, 0.0, 0.0, 0.0, 0.0, 0.0, 0.0, 0.0, 0.0, 0.0, 0.0, 0.0, 0.0, 0.0, 0.0, 0.0, 0.0, 0.0, 0.0, 0.0, 0.0, 0.0, 0.0, 0.0, 0.0, 0.0, 0.0, 0.0, 0.0, 0.0, 0.0, 0.0, 0.0, 0.0, 0.0, 0.0, 0.0, 0.0, 0.0, 0.0, 0.0, 0.0, 0.0, 0.0, 0.0, 0.0, 0.0, 0.0, 0.0, 0.0, 0.0, 0.0, 0.0, 0.0, 0.0, 0.0, 0.0, 0.0, 0.0, 0.0, 0.0, 0.0, 0.0, 0.0, 0.0, 0.0, 0.0, 0.0, 0.0, 0.0, 0.0, 0.0, 0.0, 0.0, 0.0, 0.0, 0.0, 0.0, 0.0, 0.0, 0.0, 0.0, 0.0, 0.0, 0.0, 0.0, 0.0, 0.0, 0.0, 0.0, 0.0, 0.0, 0.0, 0.0, 0.0, 0.0, 0.0, 0.0, 0.0, 0.0, 0.0, 0.0, 0.0, 0.0, 0.0, 0.0]","[0.0, 0.0, 0.0, 0.0, 0.0, 0.0, 0.0, 0.0, 0.0, 0.0, 0.0, 0.0, 0.0, 0.0, 0.0, 0.0, 0.0, 0.0, 0.0, 0.0, 0.0, 0.0, 0.0, 0.0, 0.0, 0.0, 0.0, 0.0, 0.0, 0.0, 0.0, 0.0, 0.0, 0.0, 0.0, 0.0, 0.0, 0.0, 0.0, 0.0, 0.0, 0.0, 0.0, 0.0, 0.0, 0.0, 0.0, 0.0, 0.0, 0.0, 0.0, 0.0, 0.0, 0.0, 0.0, 0.0, 0.0, 0.0, 0.0, 0.0, 0.0, 0.0, 0.0, 0.0, 0.0, 0.0, 0.0, 0.0, 0.0, 0.0, 0.0, 0.0, 0.0, 0.0, 0.0, 0.0, 0.0, 0.0, 0.0, 0.0, 0.0, 0.0, 0.0, 0.0, 0.0, 0.0, 0.0, 0.0, 0.0, 0.0, 0.0, 0.0, 0.0, 0.0, 0.0, 0.0, 0.0, 0.0, 0.0, 0.0, 0.0, 0.0, 0.0, 0.0, 0.0, 0.0, 0.0, 0.0, 0.0, 0.0, 0.0, 0.0, 0.0, 0.0, 0.0, 0.0, 0.0, 0.0, 0.0, 0.0, 0.0, 0.0, 0.0, 0.0, 0.0, 0.0, 0.0, 0.0, 0.0, 0.0, 0.0, 0.0, 0.0, 0.0, 0.0, 0.0, 0.0, 0.0, 0.0, 0.0, 0.0, 0.0, 0.0, 0.0, 0.0, 0.0, 0.0, 0.0]","[0.0, 0.0, 0.0, 0.0, 0.0, 0.0, 0.0, 0.0, 0.0, 0.0, 0.0, 0.0, 0.0, 0.0, 0.0, 0.0, 0.0, 0.0, 0.0, 0.0, 0.0, 0.0, 0.0, 0.0, 0.0, 0.0, 0.0, 0.0, 0.0, 0.0, 0.0, 0.0, 0.0, 0.0, 0.0, 0.0, 0.0, 0.0, 0.0, 0.0, 0.0, 0.0, 0.0, 0.0, 0.0, 0.0, 0.0, 0.0, 0.0, 0.0, 0.0, 0.0, 0.0, 0.0, 0.0, 0.0, 0.0, 0.0, 0.0, 0.0, 0.0, 0.0, 0.0, 0.0, 0.0, 0.0, 0.0, 0.0, 0.0, 0.0, 0.0, 0.0, 0.0, 0.0, 0.0, 0.0, 0.0, 0.0, 0.0, 0.0, 0.0, 0.0, 0.0, 0.0, 0.0, 0.0, 0.0, 0.0, 0.0, 0.0, 0.0, 0.0, 0.0, 0.0, 0.0, 0.0, 0.0, 0.0, 0.0, 0.0, 0.0, 0.0, 0.0, 0.0, 0.0, 0.0, 0.0, 0.0, 0.0, 0.0, 0.0, 0.0, 0.0, 0.0, 0.0, 0.0, 0.0, 0.0, 0.0, 0.0, 0.0, 0.0, 0.0, 0.0, 0.0, 0.0, 0.0, 0.0, 0.0, 0.0, 0.0, 0.0, 0.0, 0.0, 0.0, 0.0, 0.0, 0.0, 0.0, 0.0, 0.0, 0.0, 0.0, 0.0, 0.0, 0.0, 0.0, 0.0]","[0.0, 0.0, 0.0, 0.0, 0.0, 0.0, 0.0, 0.0, 0.0, 0.0, 0.0, 0.0, 0.0, 0.0, 0.0, 0.0, 0.0, 0.0, 0.0, 0.0, 0.0, 0.0, 0.0, 0.0, 0.0, 0.0, 0.0, 0.0, 0.0, 0.0, 0.0, 0.0, 0.0, 0.0, 0.0, 0.0, 0.0, 0.0, 0.0, 0.0, 0.0, 0.0, 0.0, 0.0, 0.0, 0.0, 0.0, 0.0, 0.0, 0.0, 0.0, 0.0, 0.0, 0.0, 0.0, 0.0, 0.0, 0.0, 0.0, 0.0, 0.0, 0.0, 0.0, 0.0, 0.0, 0.0, 0.0, 0.0, 0.0, 0.0, 0.0, 0.0, 0.0, 0.0, 0.0, 0.0, 0.0, 0.0, 0.0, 0.0, 0.0, 0.0, 0.0, 0.0, 0.0, 0.0, 0.0, 0.0, 0.0, 0.0, 0.0, 0.0, 0.0, 0.0, 0.0, 0.0, 0.0, 0.0, 0.0, 0.0, 0.0, 0.0, 0.0, 0.0, 0.0, 0.0, 0.0, 0.0, 0.0, 0.0, 0.0, 0.0, 0.0, 0.0, 0.0, 0.0, 0.0, 0.0, 0.0, 0.0, 0.0, 0.0, 0.0, 0.0, 0.0, 0.0, 0.0, 0.0, 0.0, 0.0, 0.0, 0.0, 0.0, 0.0, 0.0, 0.0, 0.0, 0.0, 0.0, 0.0, 0.0, 0.0, 0.0, 0.0, 0.0, 0.0, 0.0, 0.0]","[0.0, 0.0, 0.0, 0.0, 0.0, 0.0, 0.0, 0.0, 0.0, 0.0, 0.0, 0.0, 0.0, 0.0, 0.0, 0.0, 0.0, 0.0, 0.0, 0.0, 0.0, 0.0, 0.0, 0.0, 0.0, 0.0, 0.0, 0.0, 0.0, 0.0, 0.0, 0.0, 0.0, 0.0, 0.0, 0.0, 0.0, 0.0, 0.0, 0.0, 0.0, 0.0, 0.0, 0.0, 0.0, 0.0, 0.0, 0.0, 0.0, 0.0, 0.0, 0.0, 0.0, 0.0, 0.0, 0.0, 0.0, 0.0, 0.0, 0.0, 0.0, 0.0, 0.0, 0.0, 0.0, 0.0, 0.0, 0.0, 0.0, 0.0, 0.0, 0.0, 0.0, 0.0, 0.0, 0.0, 0.0, 0.0, 0.0, 0.0, 0.0, 0.0, 0.0, 0.0, 0.0, 0.0, 0.0, 0.0, 0.0, 0.0, 0.0, 0.0, 0.0, 0.0, 0.0, 0.0, 0.0, 0.0, 0.0, 0.0, 0.0, 0.0, 0.0, 0.0, 0.0, 0.0, 0.0, 0.0, 0.0, 0.0, 0.0, 0.0, 0.0, 0.0, 0.0, 0.0, 0.0, 0.0, 0.0, 0.0, 0.0, 0.0, 0.0, 0.0, 0.0, 0.0, 0.0, 0.0, 0.0, 0.0, 0.0, 0.0, 0.0, 0.0, 0.0, 0.0, 0.0, 0.0, 0.0, 0.0, 0.0, 0.0, 0.0, 0.0, 0.0, 0.0, 0.0, 0.0]","[0.0, 0.0, 0.0, 0.0, 0.0, 0.0, 0.0, 0.0, 0.0, 0.0, 0.0, 0.0, 0.0, 0.0, 0.0, 0.0, 0.0, 0.0, 0.0, 0.0, 0.0, 0.0, 0.0, 0.0, 0.0, 0.0, 0.0, 0.0, 0.0, 0.0, 0.0, 0.0, 0.0, 0.0, 0.0, 0.0, 0.0, 0.0, 0.0, 0.0, 0.0, 0.0, 0.0, 0.0, 0.0, 0.0, 0.0, 0.0, 0.0, 0.0, 0.0, 0.0, 0.0, 0.0, 0.0, 0.0, 0.0, 0.0, 0.0, 0.0, 0.0, 0.0, 0.0, 0.0, 0.0, 0.0, 0.0, 0.0, 0.0, 0.0, 0.0, 0.0, 0.0, 0.0, 0.0, 0.0, 0.0, 0.0, 0.0, 0.0, 0.0, 0.0, 0.0, 0.0, 0.0, 0.0, 0.0, 0.0, 0.0, 0.0, 0.0, 0.0, 0.0, 0.0, 0.0, 0.0, 0.0, 0.0, 0.0, 0.0, 0.0, 0.0, 0.0, 0.0, 0.0, 0.0, 0.0, 0.0, 0.0, 0.0, 0.0, 0.0, 0.0, 0.0, 0.0, 0.0, 0.0, 0.0, 0.0, 0.0, 0.0, 0.0, 0.0, 0.0, 0.0, 0.0, 0.0, 0.0, 0.0, 0.0, 0.0, 0.0, 0.0, 0.0, 0.0, 0.0, 0.0, 0.0, 0.0, 0.0, 0.0, 0.0, 0.0, 0.0, 0.0, 0.0, 0.0, 0.0]","[0.0, 0.0, 0.0, 0.0, 0.0, 0.0, 0.0, 0.0, 0.0, 0.0, 0.0, 0.0, 0.0, 0.0, 0.0, 0.0, 0.0, 0.0, 0.0, 0.0, 0.0, 0.0, 0.0, 0.0, 0.0, 0.0, 0.0, 0.0, 0.0, 0.0, 0.0, 0.0, 0.0, 0.0, 0.0, 0.0, 0.0, 0.0, 0.0, 0.0, 0.0, 0.0, 0.0, 0.0, 0.0, 0.0, 0.0, 0.0, 0.0, 0.0, 0.0, 0.0, 0.0, 0.0, 0.0, 0.0, 0.0, 0.0, 0.0, 0.0, 0.0, 0.0, 0.0, 0.0, 0.0, 0.0, 0.0, 0.0, 0.0, 0.0, 0.0, 0.0, 0.0, 0.0, 0.0, 0.0, 0.0, 0.0, 0.0, 0.0, 0.0, 0.0, 0.0, 0.0, 0.0, 0.0, 0.0, 0.0, 0.0, 0.0, 0.0, 0.0, 0.0, 0.0, 0.0, 0.0, 0.0, 0.0, 0.0, 0.0, 0.0, 0.0, 0.0, 0.0, 0.0, 0.0, 0.0, 0.0, 0.0, 0.0, 0.0, 0.0, 0.0, 0.0, 0.0, 0.0, 0.0, 0.0, 0.0, 0.0, 0.0, 0.0, 0.0, 0.0, 0.0, 0.0, 0.0, 0.0, 0.0, 0.0, 0.0, 0.0, 0.0, 0.0, 0.0, 0.0, 0.0, 0.0, 0.0, 0.0, 0.0, 0.0, 0.0, 0.0, 0.0, 0.0, 0.0, 0.0]","[0.0, 0.0, 0.0, 0.0, 0.0, 0.0, 0.0, 0.0, 0.0, 0.0, 0.0, 0.0, 0.0, 0.0, 0.0, 0.0, 0.0, 0.0, 0.0, 0.0, 0.0, 0.0, 0.0, 0.0, 0.0, 0.0, 0.0, 0.0, 0.0, 0.0, 0.0, 0.0, 0.0, 0.0, 0.0, 0.0, 0.0, 0.0, 0.0, 0.0, 0.0, 0.0, 0.0, 0.0, 0.0, 0.0, 0.0, 0.0, 0.0, 0.0, 0.0, 0.0, 0.0, 0.0, 0.0, 0.0, 0.0, 0.0, 0.0, 0.0, 0.0, 0.0, 0.0, 0.0, 0.0, 0.0, 0.0, 0.0, 0.0, 0.0, 0.0, 0.0, 0.0, 0.0, 0.0, 0.0, 0.0, 0.0, 0.0, 0.0, 0.0, 0.0, 0.0, 0.0, 0.0, 0.0, 0.0, 0.0, 0.0, 0.0, 0.0, 0.0, 0.0, 0.0, 0.0, 0.0, 0.0, 0.0, 0.0, 0.0, 0.0, 0.0, 0.0, 0.0, 0.0, 0.0, 0.0, 0.0, 0.0, 0.0, 0.0, 0.0, 0.0, 0.0, 0.0, 0.0, 0.0, 0.0, 0.0, 0.0, 0.0, 0.0, 0.0, 0.0, 0.0, 0.0, 0.0, 0.0, 0.0, 0.0, 0.0, 0.0, 0.0, 0.0, 0.0, 0.0, 0.0, 0.0, 0.0, 0.0, 0.0, 0.0, 0.0, 0.0, 0.0, 0.0, 0.0, 0.0]","[0.0, 0.0, 0.0, 0.0, 0.0, 0.0, 0.0, 0.0, 0.0, 0.0, 0.0, 0.0, 0.0, 0.0, 0.0, 0.0, 0.0, 0.0, 0.0, 0.0, 0.0, 0.0, 0.0, 0.0, 0.0, 0.0, 0.0, 0.0, 0.0, 0.0, 0.0, 0.0, 0.0, 0.0, 0.0, 0.0, 0.0, 0.0, 0.0, 0.0, 0.0, 0.0, 0.0, 0.0, 0.0, 0.0, 0.0, 0.0, 0.0, 0.0, 0.0, 0.0, 0.0, 0.0, 0.0, 0.0, 0.0, 0.0, 0.0, 0.0, 0.0, 0.0, 0.0, 0.0, 0.0, 0.0, 0.0, 0.0, 0.0, 0.0, 0.0, 0.0, 0.0, 0.0, 0.0, 0.0, 0.0, 0.0, 0.0, 0.0, 0.0, 0.0, 0.0, 0.0, 0.0, 0.0, 0.0, 0.0, 0.0, 0.0, 0.0, 0.0, 0.0, 0.0, 0.0, 0.0, 0.0, 0.0, 0.0, 0.0, 0.0, 0.0, 0.0, 0.0, 0.0, 0.0, 0.0, 0.0, 0.0, 0.0, 0.0, 0.0, 0.0, 0.0, 0.0, 0.0, 0.0, 0.0, 0.0, 0.0, 0.0, 0.0, 0.0, 0.0, 0.0, 0.0, 0.0, 0.0, 0.0, 0.0, 0.0, 0.0, 0.0, 0.0, 0.0, 0.0, 0.0, 0.0, 0.0, 0.0, 0.0, 0.0, 0.0, 0.0, 0.0, 0.0, 0.0, 0.0]","[0.0, 0.0, 0.0, 0.0, 0.0, 0.0, 0.0, 0.0, 0.0, 0.0, 0.0, 0.0, 0.0, 0.0, 0.0, 0.0, 0.0, 0.0, 0.0, 0.0, 0.0, 0.0, 0.0, 0.0, 0.0, 0.0, 0.0, 0.0, 0.0, 0.0, 0.0, 0.0, 0.0, 0.0, 0.0, 0.0, 0.0, 0.0, 0.0, 0.0, 0.0, 0.0, 0.0, 0.0, 0.0, 0.0, 0.0, 0.0, 0.0, 0.0, 0.0, 0.0, 0.0, 0.0, 0.0, 0.0, 0.0, 0.0, 0.0, 0.0, 0.0, 0.0, 0.0, 0.0, 0.0, 0.0, 0.0, 0.0, 0.0, 0.0, 0.0, 0.0, 0.0, 0.0, 0.0, 0.0, 0.0, 0.0, 0.0, 0.0, 0.0, 0.0, 0.0, 0.0, 0.0, 0.0, 0.0, 0.0, 0.0, 0.0, 0.0, 0.0, 0.0, 0.0, 0.0, 0.0, 0.0, 0.0, 0.0, 0.0, 0.0, 0.0, 0.0, 0.0, 0.0, 0.0, 0.0, 0.0, 0.0, 0.0, 0.0, 0.0, 0.0, 0.0, 0.0, 0.0, 0.0, 0.0, 0.0, 0.0, 0.0, 0.0, 0.0, 0.0, 0.0, 0.0, 0.0, 0.0, 0.0, 0.0, 0.0, 0.0, 0.0, 0.0, 0.0, 0.0, 0.0, 0.0, 0.0, 0.0, 0.0, 0.0, 0.0, 0.0, 0.0, 0.0, 0.0, 0.0]","[0.0, 0.0, 0.0, 0.0, 0.0, 0.0, 0.0, 0.0, 0.0, 0.0, 0.0, 0.0, 0.0, 0.0, 0.0, 0.0, 0.0, 0.0, 0.0, 0.0, 0.0, 0.0, 0.0, 0.0, 0.0, 0.0, 0.0, 0.0, 0.0, 0.0, 0.0, 0.0, 0.0, 0.0, 0.0, 0.0, 0.0, 0.0, 0.0, 0.0, 0.0, 0.0, 0.0, 0.0, 0.0, 0.0, 0.0, 0.0, 0.0, 0.0, 0.0, 0.0, 0.0, 0.0, 0.0, 0.0, 0.0, 0.0, 0.0, 0.0, 0.0, 0.0, 0.0, 0.0, 0.0, 0.0, 0.0, 0.0, 0.0, 0.0, 0.0, 0.0, 0.0, 0.0, 0.0, 0.0, 0.0, 0.0, 0.0, 0.0, 0.0, 0.0, 0.0, 0.0, 0.0, 0.0, 0.0, 0.0, 0.0, 0.0, 0.0, 0.0, 0.0, 0.0, 0.0, 0.0, 0.0, 0.0, 0.0, 0.0, 0.0, 0.0, 0.0, 0.0, 0.0, 0.0, 0.0, 0.0, 0.0, 0.0, 0.0, 0.0, 0.0, 0.0, 0.0, 0.0, 0.0, 0.0, 0.0, 0.0, 0.0, 0.0, 0.0, 0.0, 0.0, 0.0, 0.0, 0.0, 0.0, 0.0, 0.0, 0.0, 0.0, 0.0, 0.0, 0.0, 0.0, 0.0, 0.0, 0.0, 0.0, 0.0, 0.0, 0.0, 0.0, 0.0, 0.0, 0.0]","[0.0, 0.0, 0.0, 0.0, 0.0, 0.0, 0.0, 0.0, 0.0, 0.0, 0.0, 0.0, 0.0, 0.0, 0.0, 0.0, 0.0, 0.0, 0.0, 0.0, 0.0, 0.0, 0.0, 0.0, 0.0, 0.0, 0.0, 0.0, 0.0, 0.0, 0.0, 0.0, 0.0, 0.0, 0.0, 0.0, 0.0, 0.0, 0.0, 0.0, 0.0, 0.0, 0.0, 0.0, 0.0, 0.0, 0.0, 0.0, 0.0, 0.0, 0.0, 0.0, 0.0, 0.0, 0.0, 0.0, 0.0, 0.0, 0.0, 0.0, 0.0, 0.0, 0.0, 0.0, 0.0, 0.0, 0.0, 0.0, 0.0, 0.0, 0.0, 0.0, 0.0, 0.0, 0.0, 0.0, 0.0, 0.0, 0.0, 0.0, 0.0, 0.0, 0.0, 0.0, 0.0, 0.0, 0.0, 0.0, 0.0, 0.0, 0.0, 0.0, 0.0, 0.0, 0.0, 0.0, 0.0, 0.0, 0.0, 0.0, 0.0, 0.0, 0.0, 0.0, 0.0, 0.0, 0.0, 0.0, 0.0, 0.0, 0.0, 0.0, 0.0, 0.0, 0.0, 0.0, 0.0, 0.0, 0.0, 0.0, 0.0, 0.0, 0.0, 0.0, 0.0, 0.0, 0.0, 0.0, 0.0, 0.0, 0.0, 0.0, 0.0, 0.0, 0.0, 0.0, 0.0, 0.0, 0.0, 0.0, 0.0, 0.0, 0.0, 0.0, 0.0, 0.0, 0.0, 0.0]","[0.0, 0.0, 0.0, 0.0, 0.0, 0.0, 0.0, 0.0, 0.0, 0.0, 0.0, 0.0, 0.0, 0.0, 0.0, 0.0, 0.0, 0.0, 0.0, 0.0, 0.0, 0.0, 0.0, 0.0, 0.0, 0.0, 0.0, 0.0, 0.0, 0.0, 0.0, 0.0, 0.0, 0.0, 0.0, 0.0, 0.0, 0.0, 0.0, 0.0, 0.0, 0.0, 0.0, 0.0, 0.0, 0.0, 0.0, 0.0, 0.0, 0.0, 0.0, 0.0, 0.0, 0.0, 0.0, 0.0, 0.0, 0.0, 0.0, 0.0, 0.0, 0.0, 0.0, 0.0, 0.0, 0.0, 0.0, 0.0, 0.0, 0.0, 0.0, 0.0, 0.0, 0.0, 0.0, 0.0, 0.0, 0.0, 0.0, 0.0, 0.0, 0.0, 0.0, 0.0, 0.0, 0.0, 0.0, 0.0, 0.0, 0.0, 0.0, 0.0, 0.0, 0.0, 0.0, 0.0, 0.0, 0.0, 0.0, 0.0, 0.0, 0.0, 0.0, 0.0, 0.0, 0.0, 0.0, 0.0, 0.0, 0.0, 0.0, 0.0, 0.0, 0.0, 0.0, 0.0, 0.0, 0.0, 0.0, 0.0, 0.0, 0.0, 0.0, 0.0, 0.0, 0.0, 0.0, 0.0, 0.0, 0.0, 0.0, 0.0, 0.0, 0.0, 0.0, 0.0, 0.0, 0.0, 0.0, 0.0, 0.0, 0.0, 0.0, 0.0, 0.0, 0.0, 0.0, 0.0]","[0.0, 0.0, 0.0, 0.0, 0.0, 0.0, 0.0, 0.0, 0.0, 0.0, 0.0, 0.0, 0.0, 0.0, 0.0, 0.0, 0.0, 0.0, 0.0, 0.0, 0.0, 0.0, 0.0, 0.0, 0.0, 0.0, 0.0, 0.0, 0.0, 0.0, 0.0, 0.0, 0.0, 0.0, 0.0, 0.0, 0.0, 0.0, 0.0, 0.0, 0.0, 0.0, 0.0, 0.0, 0.0, 0.0, 0.0, 0.0, 0.0, 0.0, 0.0, 0.0, 0.0, 0.0, 0.0, 0.0, 0.0, 0.0, 0.0, 0.0, 0.0, 0.0, 0.0, 0.0, 0.0, 0.0, 0.0, 0.0, 0.0, 0.0, 0.0, 0.0, 0.0, 0.0, 0.0, 0.0, 0.0, 0.0, 0.0, 0.0, 0.0, 0.0, 0.0, 0.0, 0.0, 0.0, 0.0, 0.0, 0.0, 0.0, 0.0, 0.0, 0.0, 0.0, 0.0, 0.0, 0.0, 0.0, 0.0, 0.0, 0.0, 0.0, 0.0, 0.0, 0.0, 0.0, 0.0, 0.0, 0.0, 0.0, 0.0, 0.0, 0.0, 0.0, 0.0, 0.0, 0.0, 0.0, 0.0, 0.0, 0.0, 0.0, 0.0, 0.0, 0.0, 0.0, 0.0, 0.0, 0.0, 0.0, 0.0, 0.0, 0.0, 0.0, 0.0, 0.0, 0.0, 0.0, 0.0, 0.0, 0.0, 0.0, 0.0, 0.0, 0.0, 0.0, 0.0, 0.0]","[0.0, 0.0, 0.0, 0.0, 0.0, 0.0, 0.0, 0.0, 0.0, 0.0, 0.0, 0.0, 0.0, 0.0, 0.0, 0.0, 0.0, 0.0, 0.0, 0.0, 0.0, 0.0, 0.0, 0.0, 0.0, 0.0, 0.0, 0.0, 0.0, 0.0, 0.0, 0.0, 0.0, 0.0, 0.0, 0.0, 0.0, 0.0, 0.0, 0.0, 0.0, 0.0, 0.0, 0.0, 0.0, 0.0, 0.0, 0.0, 0.0, 0.0, 0.0, 0.0, 0.0, 0.0, 0.0, 0.0, 0.0, 0.0, 0.0, 0.0, 0.0, 0.0, 0.0, 0.0, 0.0, 0.0, 0.0, 0.0, 0.0, 0.0, 0.0, 0.0, 0.0, 0.0, 0.0, 0.0, 0.0, 0.0, 0.0, 0.0, 0.0, 0.0, 0.0, 0.0, 0.0, 0.0, 0.0, 0.0, 0.0, 0.0, 0.0, 0.0, 0.0, 0.0, 0.0, 0.0, 0.0, 0.0, 0.0, 0.0, 0.0, 0.0, 0.0, 0.0, 0.0, 0.0, 0.0, 0.0, 0.0, 0.0, 0.0, 0.0, 0.0, 0.0, 0.0, 0.0, 0.0, 0.0, 0.0, 0.0, 0.0, 0.0, 0.0, 0.0, 0.0, 0.0, 0.0, 0.0, 0.0, 0.0, 0.0, 0.0, 0.0, 0.0, 0.0, 0.0, 0.0, 0.0, 0.0, 0.0, 0.0, 0.0, 0.0, 0.0, 0.0, 0.0, 0.0, 0.0]","[0.0, 0.0, 0.0, 0.0, 0.0, 0.0, 0.0, 0.0, 0.0, 0.0, 0.0, 0.0, 0.0, 0.0, 0.0, 0.0, 0.0, 0.0, 0.0, 0.0, 0.0, 0.0, 0.0, 0.0, 0.0, 0.0, 0.0, 0.0, 0.0, 0.0, 0.0, 0.0, 0.0, 0.0, 0.0, 0.0, 0.0, 0.0, 0.0, 0.0, 0.0, 0.0, 0.0, 0.0, 0.0, 0.0, 0.0, 0.0, 0.0, 0.0, 0.0, 0.0, 0.0, 0.0, 0.0, 0.0, 0.0, 0.0, 0.0, 0.0, 0.0, 0.0, 0.0, 0.0, 0.0, 0.0, 0.0, 0.0, 0.0, 0.0, 0.0, 0.0, 0.0, 0.0, 0.0, 0.0, 0.0, 0.0, 0.0, 0.0, 0.0, 0.0, 0.0, 0.0, 0.0, 0.0, 0.0, 0.0, 0.0, 0.0, 0.0, 0.0, 0.0, 0.0, 0.0, 0.0, 0.0, 0.0, 0.0, 0.0, 0.0, 0.0, 0.0, 0.0, 0.0, 0.0, 0.0, 0.0, 0.0, 0.0, 0.0, 0.0, 0.0, 0.0, 0.0, 0.0, 0.0, 0.0, 0.0, 0.0, 0.0, 0.0, 0.0, 0.0, 0.0, 0.0, 0.0, 0.0, 0.0, 0.0, 0.0, 0.0, 0.0, 0.0, 0.0, 0.0, 0.0, 0.0, 0.0, 0.0, 0.0, 0.0, 0.0, 0.0, 0.0, 0.0, 0.0, 0.0]","[0.0, 0.0, 0.0, 0.0, 0.0, 0.0, 0.0, 0.0, 0.0, 0.0, 0.0, 0.0, 0.0, 0.0, 0.0, 0.0, 0.0, 0.0, 0.0, 0.0, 0.0, 0.0, 0.0, 0.0, 0.0, 0.0, 0.0, 0.0, 0.0, 0.0, 0.0, 0.0, 0.0, 0.0, 0.0, 0.0, 0.0, 0.0, 0.0, 0.0, 0.0, 0.0, 0.0, 0.0, 0.0, 0.0, 0.0, 0.0, 0.0, 0.0, 0.0, 0.0, 0.0, 0.0, 0.0, 0.0, 0.0, 0.0, 0.0, 0.0, 0.0, 0.0, 0.0, 0.0, 0.0, 0.0, 0.0, 0.0, 0.0, 0.0, 0.0, 0.0, 0.0, 0.0, 0.0, 0.0, 0.0, 0.0, 0.0, 0.0, 0.0, 0.0, 0.0, 0.0, 0.0, 0.0, 0.0, 0.0, 0.0, 0.0, 0.0, 0.0, 0.0, 0.0, 0.0, 0.0, 0.0, 0.0, 0.0, 0.0, 0.0, 0.0, 0.0, 0.0, 0.0, 0.0, 0.0, 0.0, 0.0, 0.0, 0.0, 0.0, 0.0, 0.0, 0.0, 0.0, 0.0, 0.0, 0.0, 0.0, 0.0, 0.0, 0.0, 0.0, 0.0, 0.0, 0.0, 0.0, 0.0, 0.0, 0.0, 0.0, 0.0, 0.0, 0.0, 0.0, 0.0, 0.0, 0.0, 0.0, 0.0, 0.0, 0.0, 0.0, 0.0, 0.0, 0.0, 0.0]","[0.0, 0.0, 0.0, 0.0, 0.0, 0.0, 0.0, 0.0, 0.0, 0.0, 0.0, 0.0, 0.0, 0.0, 0.0, 0.0, 0.0, 0.0, 0.0, 0.0, 0.0, 0.0, 0.0, 0.0, 0.0, 0.0, 0.0, 0.0, 0.0, 0.0, 0.0, 0.0, 0.0, 0.0, 0.0, 0.0, 0.0, 0.0, 0.0, 0.0, 0.0, 0.0, 0.0, 0.0, 0.0, 0.0, 0.0, 0.0, 0.0, 0.0, 0.0, 0.0, 0.0, 0.0, 0.0, 0.0, 0.0, 0.0, 0.0, 0.0, 0.0, 0.0, 0.0, 0.0, 0.0, 0.0, 0.0, 0.0, 0.0, 0.0, 0.0, 0.0, 0.0, 0.0, 0.0, 0.0, 0.0, 0.0, 0.0, 0.0, 0.0, 0.0, 0.0, 0.0, 0.0, 0.0, 0.0, 0.0, 0.0, 0.0, 0.0, 0.0, 0.0, 0.0, 0.0, 0.0, 0.0, 0.0, 0.0, 0.0, 0.0, 0.0, 0.0, 0.0, 0.0, 0.0, 0.0, 0.0, 0.0, 0.0, 0.0, 0.0, 0.0, 0.0, 0.0, 0.0, 0.0, 0.0, 0.0, 0.0, 0.0, 0.0, 0.0, 0.0, 0.0, 0.0, 0.0, 0.0, 0.0, 0.0, 0.0, 0.0, 0.0, 0.0, 0.0, 0.0, 0.0, 0.0, 0.0, 0.0, 0.0, 0.0, 0.0, 0.0, 0.0, 0.0, 0.0, 0.0]","[0.0, 0.0, 0.0, 0.0, 0.0, 0.0, 0.0, 0.0, 0.0, 0.0, 0.0, 0.0, 0.0, 0.0, 0.0, 0.0, 0.0, 0.0, 0.0, 0.0, 0.0, 0.0, 0.0, 0.0, 0.0, 0.0, 0.0, 0.0, 0.0, 0.0, 0.0, 0.0, 0.0, 0.0, 0.0, 0.0, 0.0, 0.0, 0.0, 0.0, 0.0, 0.0, 0.0, 0.0, 0.0, 0.0, 0.0, 0.0, 0.0, 0.0, 0.0, 0.0, 0.0, 0.0, 0.0, 0.0, 0.0, 0.0, 0.0, 0.0, 0.0, 0.0, 0.0, 0.0, 0.0, 0.0, 0.0, 0.0, 0.0, 0.0, 0.0, 0.0, 0.0, 0.0, 0.0, 0.0, 0.0, 0.0, 0.0, 0.0, 0.0, 0.0, 0.0, 0.0, 0.0, 0.0, 0.0, 0.0, 0.0, 0.0, 0.0, 0.0, 0.0, 0.0, 0.0, 0.0, 0.0, 0.0, 0.0, 0.0, 0.0, 0.0, 0.0, 0.0, 0.0, 0.0, 0.0, 0.0, 0.0, 0.0, 0.0, 0.0, 0.0, 0.0, 0.0, 0.0, 0.0, 0.0, 0.0, 0.0, 0.0, 0.0, 0.0, 0.0, 0.0, 0.0, 0.0, 0.0, 0.0, 0.0, 0.0, 0.0, 0.0, 0.0, 0.0, 0.0, 0.0, 0.0, 0.0, 0.0, 0.0, 0.0, 0.0, 0.0, 0.0, 0.0, 0.0, 0.0]","[0.0, 0.0, 0.0, 0.0, 0.0, 0.0, 0.0, 0.0, 0.0, 0.0, 0.0, 0.0, 0.0, 0.0, 0.0, 0.0, 0.0, 0.0, 0.0, 0.0, 0.0, 0.0, 0.0, 0.0, 0.0, 0.0, 0.0, 0.0, 0.0, 0.0, 0.0, 0.0, 0.0, 0.0, 0.0, 0.0, 0.0, 0.0, 0.0, 0.0, 0.0, 0.0, 0.0, 0.0, 0.0, 0.0, 0.0, 0.0, 0.0, 0.0, 0.0, 0.0, 0.0, 0.0, 0.0, 0.0, 0.0, 0.0, 0.0, 0.0, 0.0, 0.0, 0.0, 0.0, 0.0, 0.0, 0.0, 0.0, 0.0, 0.0, 0.0, 0.0, 0.0, 0.0, 0.0, 0.0, 0.0, 0.0, 0.0, 0.0, 0.0, 0.0, 0.0, 0.0, 0.0, 0.0, 0.0, 0.0, 0.0, 0.0, 0.0, 0.0, 0.0, 0.0, 0.0, 0.0, 0.0, 0.0, 0.0, 0.0, 0.0, 0.0, 0.0, 0.0, 0.0, 0.0, 0.0, 0.0, 0.0, 0.0, 0.0, 0.0, 0.0, 0.0, 0.0, 0.0, 0.0, 0.0, 0.0, 0.0, 0.0, 0.0, 0.0, 0.0, 0.0, 0.0, 0.0, 0.0, 0.0, 0.0, 0.0, 0.0, 0.0, 0.0, 0.0, 0.0, 0.0, 0.0, 0.0, 0.0, 0.0, 0.0, 0.0, 0.0, 0.0, 0.0, 0.0, 0.0]","[0.0, 0.0, 0.0, 0.0, 0.0, 0.0, 0.0, 0.0, 0.0, 0.0, 0.0, 0.0, 0.0, 0.0, 0.0, 0.0, 0.0, 0.0, 0.0, 0.0, 0.0, 0.0, 0.0, 0.0, 0.0, 0.0, 0.0, 0.0, 0.0, 0.0, 0.0, 0.0, 0.0, 0.0, 0.0, 0.0, 0.0, 0.0, 0.0, 0.0, 0.0, 0.0, 0.0, 0.0, 0.0, 0.0, 0.0, 0.0, 0.0, 0.0, 0.0, 0.0, 0.0, 0.0, 0.0, 0.0, 0.0, 0.0, 0.0, 0.0, 0.0, 0.0, 0.0, 0.0, 0.0, 0.0, 0.0, 0.0, 0.0, 0.0, 0.0, 0.0, 0.0, 0.0, 0.0, 0.0, 0.0, 0.0, 0.0, 0.0, 0.0, 0.0, 0.0, 0.0, 0.0, 0.0, 0.0, 0.0, 0.0, 0.0, 0.0, 0.0, 0.0, 0.0, 0.0, 0.0, 0.0, 0.0, 0.0, 0.0, 0.0, 0.0, 0.0, 0.0, 0.0, 0.0, 0.0, 0.0, 0.0, 0.0, 0.0, 0.0, 0.0, 0.0, 0.0, 0.0, 0.0, 0.0, 0.0, 0.0, 0.0, 0.0, 0.0, 0.0, 0.0, 0.0, 0.0, 0.0, 0.0, 0.0, 0.0, 0.0, 0.0, 0.0, 0.0, 0.0, 0.0, 0.0, 0.0, 0.0, 0.0, 0.0, 0.0, 0.0, 0.0, 0.0, 0.0, 0.0]","[0.0, 0.0, 0.0, 0.0, 0.0, 0.0, 0.0, 0.0, 0.0, 0.0, 0.0, 0.0, 0.0, 0.0, 0.0, 0.0, 0.0, 0.0, 0.0, 0.0, 0.0, 0.0, 0.0, 0.0, 0.0, 0.0, 0.0, 0.0, 0.0, 0.0, 0.0, 0.0, 0.0, 0.0, 0.0, 0.0, 0.0, 0.0, 0.0, 0.0, 0.0, 0.0, 0.0, 0.0, 0.0, 0.0, 0.0, 0.0, 0.0, 0.0, 0.0, 0.0, 0.0, 0.0, 0.0, 0.0, 0.0, 0.0, 0.0, 0.0, 0.0, 0.0, 0.0, 0.0, 0.0, 0.0, 0.0, 0.0, 0.0, 0.0, 0.0, 0.0, 0.0, 0.0, 0.0, 0.0, 0.0, 0.0, 0.0, 0.0, 0.0, 0.0, 0.0, 0.0, 0.0, 0.0, 0.0, 0.0, 0.0, 0.0, 0.0, 0.0, 0.0, 0.0, 0.0, 0.0, 0.0, 0.0, 0.0, 0.0, 0.0, 0.0, 0.0, 0.0, 0.0, 0.0, 0.0, 0.0, 0.0, 0.0, 0.0, 0.0, 0.0, 0.0, 0.0, 0.0, 0.0, 0.0, 0.0, 0.0, 0.0, 0.0, 0.0, 0.0, 0.0, 0.0, 0.0, 0.0, 0.0, 0.0, 0.0, 0.0, 0.0, 0.0, 0.0, 0.0, 0.0, 0.0, 0.0, 0.0, 0.0, 0.0, 0.0, 0.0, 0.0, 0.0, 0.0, 0.0]","[0.0, 0.0, 0.0, 0.0, 0.0, 0.0, 0.0, 0.0, 0.0, 0.0, 0.0, 0.0, 0.0, 0.0, 0.0, 0.0, 0.0, 0.0, 0.0, 0.0, 0.0, 0.0, 0.0, 0.0, 0.0, 0.0, 0.0, 0.0, 0.0, 0.0, 0.0, 0.0, 0.0, 0.0, 0.0, 0.0, 0.0, 0.0, 0.0, 0.0, 0.0, 0.0, 0.0, 0.0, 0.0, 0.0, 0.0, 0.0, 0.0, 0.0, 0.0, 0.0, 0.0, 0.0, 0.0, 0.0, 0.0, 0.0, 0.0, 0.0, 0.0, 0.0, 0.0, 0.0, 0.0, 0.0, 0.0, 0.0, 0.0, 0.0, 0.0, 0.0, 0.0, 0.0, 0.0, 0.0, 0.0, 0.0, 0.0, 0.0, 0.0, 0.0, 0.0, 0.0, 0.0, 0.0, 0.0, 0.0, 0.0, 0.0, 0.0, 0.0, 0.0, 0.0, 0.0, 0.0, 0.0, 0.0, 0.0, 0.0, 0.0, 0.0, 0.0, 0.0, 0.0, 0.0, 0.0, 0.0, 0.0, 0.0, 0.0, 0.0, 0.0, 0.0, 0.0, 0.0, 0.0, 0.0, 0.0, 0.0, 0.0, 0.0, 0.0, 0.0, 0.0, 0.0, 0.0, 0.0, 0.0, 0.0, 0.0, 0.0, 0.0, 0.0, 0.0, 0.0, 0.0, 0.0, 0.0, 0.0, 0.0, 0.0, 0.0, 0.0, 0.0, 0.0, 0.0, 0.0]","[0.0, 0.0, 0.0, 0.0, 0.0, 0.0, 0.0, 0.0, 0.0, 0.0, 0.0, 0.0, 0.0, 0.0, 0.0, 0.0, 0.0, 0.0, 0.0, 0.0, 0.0, 0.0, 0.0, 0.0, 0.0, 0.0, 0.0, 0.0, 0.0, 0.0, 0.0, 0.0, 0.0, 0.0, 0.0, 0.0, 0.0, 0.0, 0.0, 0.0, 0.0, 0.0, 0.0, 0.0, 0.0, 0.0, 0.0, 0.0, 0.0, 0.0, 0.0, 0.0, 0.0, 0.0, 0.0, 0.0, 0.0, 0.0, 0.0, 0.0, 0.0, 0.0, 0.0, 0.0, 0.0, 0.0, 0.0, 0.0, 0.0, 0.0, 0.0, 0.0, 0.0, 0.0, 0.0, 0.0, 0.0, 0.0, 0.0, 0.0, 0.0, 0.0, 0.0, 0.0, 0.0, 0.0, 0.0, 0.0, 0.0, 0.0, 0.0, 0.0, 0.0, 0.0, 0.0, 0.0, 0.0, 0.0, 0.0, 0.0, 0.0, 0.0, 0.0, 0.0, 0.0, 0.0, 0.0, 0.0, 0.0, 0.0, 0.0, 0.0, 0.0, 0.0, 0.0, 0.0, 0.0, 0.0, 0.0, 0.0, 0.0, 0.0, 0.0, 0.0, 0.0, 0.0, 0.0, 0.0, 0.0, 0.0, 0.0, 0.0, 0.0, 0.0, 0.0, 0.0, 0.0, 0.0, 0.0, 0.0, 0.0, 0.0, 0.0, 0.0, 0.0, 0.0, 0.0, 0.0]","[0.0, 0.0, 0.0, 0.0, 0.0, 0.0, 0.0, 0.0, 0.0, 0.0, 0.0, 0.0, 0.0, 0.0, 0.0, 0.0, 0.0, 0.0, 0.0, 0.0, 0.0, 0.0, 0.0, 0.0, 0.0, 0.0, 0.0, 0.0, 0.0, 0.0, 0.0, 0.0, 0.0, 0.0, 0.0, 0.0, 0.0, 0.0, 0.0, 0.0, 0.0, 0.0, 0.0, 0.0, 0.0, 0.0, 0.0, 0.0, 0.0, 0.0, 0.0, 0.0, 0.0, 0.0, 0.0, 0.0, 0.0, 0.0, 0.0, 0.0, 0.0, 0.0, 0.0, 0.0, 0.0, 0.0, 0.0, 0.0, 0.0, 0.0, 0.0, 0.0, 0.0, 0.0, 0.0, 0.0, 0.0, 0.0, 0.0, 0.0, 0.0, 0.0, 0.0, 0.0, 0.0, 0.0, 0.0, 0.0, 0.0, 0.0, 0.0, 0.0, 0.0, 0.0, 0.0, 0.0, 0.0, 0.0, 0.0, 0.0, 0.0, 0.0, 0.0, 0.0, 0.0, 0.0, 0.0, 0.0, 0.0, 0.0, 0.0, 0.0, 0.0, 0.0, 0.0, 0.0, 0.0, 0.0, 0.0, 0.0, 0.0, 0.0, 0.0, 0.0, 0.0, 0.0, 0.0, 0.0, 0.0, 0.0, 0.0, 0.0, 0.0, 0.0, 0.0, 0.0, 0.0, 0.0, 0.0, 0.0, 0.0, 0.0, 0.0, 0.0, 0.0, 0.0, 0.0, 0.0]","[0.0, 0.0, 0.0, 0.0, 0.0, 0.0, 0.0, 0.0, 0.0, 0.0, 0.0, 0.0, 0.0, 0.0, 0.0, 0.0, 0.0, 0.0, 0.0, 0.0, 0.0, 0.0, 0.0, 0.0, 0.0, 0.0, 0.0, 0.0, 0.0, 0.0, 0.0, 0.0, 0.0, 0.0, 0.0, 0.0, 0.0, 0.0, 0.0, 0.0, 0.0, 0.0, 0.0, 0.0, 0.0, 0.0, 0.0, 0.0, 0.0, 0.0, 0.0, 0.0, 0.0, 0.0, 0.0, 0.0, 0.0, 0.0, 0.0, 0.0, 0.0, 0.0, 0.0, 0.0, 0.0, 0.0, 0.0, 0.0, 0.0, 0.0, 0.0, 0.0, 0.0, 0.0, 0.0, 0.0, 0.0, 0.0, 0.0, 0.0, 0.0, 0.0, 0.0, 0.0, 0.0, 0.0, 0.0, 0.0, 0.0, 0.0, 0.0, 0.0, 0.0, 0.0, 0.0, 0.0, 0.0, 0.0, 0.0, 0.0, 0.0, 0.0, 0.0, 0.0, 0.0, 0.0, 0.0, 0.0, 0.0, 0.0, 0.0, 0.0, 0.0, 0.0, 0.0, 0.0, 0.0, 0.0, 0.0, 0.0, 0.0, 0.0, 0.0, 0.0, 0.0, 0.0, 0.0, 0.0, 0.0, 0.0, 0.0, 0.0, 0.0, 0.0, 0.0, 0.0, 0.0, 0.0, 0.0, 0.0, 0.0, 0.0, 0.0, 0.0, 0.0, 0.0, 0.0, 0.0]","[0.0, 0.0, 0.0, 0.0, 0.0, 0.0, 0.0, 0.0, 0.0, 0.0, 0.0, 0.0, 0.0, 0.0, 0.0, 0.0, 0.0, 0.0, 0.0, 0.0, 0.0, 0.0, 0.0, 0.0, 0.0, 0.0, 0.0, 0.0, 0.0, 0.0, 0.0, 0.0, 0.0, 0.0, 0.0, 0.0, 0.0, 0.0, 0.0, 0.0, 0.0, 0.0, 0.0, 0.0, 0.0, 0.0, 0.0, 0.0, 0.0, 0.0, 0.0, 0.0, 0.0, 0.0, 0.0, 0.0, 0.0, 0.0, 0.0, 0.0, 0.0, 0.0, 0.0, 0.0, 0.0, 0.0, 0.0, 0.0, 0.0, 0.0, 0.0, 0.0, 0.0, 0.0, 0.0, 0.0, 0.0, 0.0, 0.0, 0.0, 0.0, 0.0, 0.0, 0.0, 0.0, 0.0, 0.0, 0.0, 0.0, 0.0, 0.0, 0.0, 0.0, 0.0, 0.0, 0.0, 0.0, 0.0, 0.0, 0.0, 0.0, 0.0, 0.0, 0.0, 0.0, 0.0, 0.0, 0.0, 0.0, 0.0, 0.0, 0.0, 0.0, 0.0, 0.0, 0.0, 0.0, 0.0, 0.0, 0.0, 0.0, 0.0, 0.0, 0.0, 0.0, 0.0, 0.0, 0.0, 0.0, 0.0, 0.0, 0.0, 0.0, 0.0, 0.0, 0.0, 0.0, 0.0, 0.0, 0.0, 0.0, 0.0, 0.0, 0.0, 0.0, 0.0, 0.0, 0.0]","[0.0, 0.0, 0.0, 0.0, 0.0, 0.0, 0.0, 0.0, 0.0, 0.0, 0.0, 0.0, 0.0, 0.0, 0.0, 0.0, 0.0, 0.0, 0.0, 0.0, 0.0, 0.0, 0.0, 0.0, 0.0, 0.0, 0.0, 0.0, 0.0, 0.0, 0.0, 0.0, 0.0, 0.0, 0.0, 0.0, 0.0, 0.0, 0.0, 0.0, 0.0, 0.0, 0.0, 0.0, 0.0, 0.0, 0.0, 0.0, 0.0, 0.0, 0.0, 0.0, 0.0, 0.0, 0.0, 0.0, 0.0, 0.0, 0.0, 0.0, 0.0, 0.0, 0.0, 0.0, 0.0, 0.0, 0.0, 0.0, 0.0, 0.0, 0.0, 0.0, 0.0, 0.0, 0.0, 0.0, 0.0, 0.0, 0.0, 0.0, 0.0, 0.0, 0.0, 0.0, 0.0, 0.0, 0.0, 0.0, 0.0, 0.0, 0.0, 0.0, 0.0, 0.0, 0.0, 0.0, 0.0, 0.0, 0.0, 0.0, 0.0, 0.0, 0.0, 0.0, 0.0, 0.0, 0.0, 0.0, 0.0, 0.0, 0.0, 0.0, 0.0, 0.0, 0.0, 0.0, 0.0, 0.0, 0.0, 0.0, 0.0, 0.0, 0.0, 0.0, 0.0, 0.0, 0.0, 0.0, 0.0, 0.0, 0.0, 0.0, 0.0, 0.0, 0.0, 0.0, 0.0, 0.0, 0.0, 0.0, 0.0, 0.0, 0.0, 0.0, 0.0, 0.0, 0.0, 0.0]","[0.0, 0.0, 0.0, 0.0, 0.0, 0.0, 0.0, 0.0, 0.0, 0.0, 0.0, 0.0, 0.0, 0.0, 0.0, 0.0, 0.0, 0.0, 0.0, 0.0, 0.0, 0.0, 0.0, 0.0, 0.0, 0.0, 0.0, 0.0, 0.0, 0.0, 0.0, 0.0, 0.0, 0.0, 0.0, 0.0, 0.0, 0.0, 0.0, 0.0, 0.0, 0.0, 0.0, 0.0, 0.0, 0.0, 0.0, 0.0, 0.0, 0.0, 0.0, 0.0, 0.0, 0.0, 0.0, 0.0, 0.0, 0.0, 0.0, 0.0, 0.0, 0.0, 0.0, 0.0, 0.0, 0.0, 0.0, 0.0, 0.0, 0.0, 0.0, 0.0, 0.0, 0.0, 0.0, 0.0, 0.0, 0.0, 0.0, 0.0, 0.0, 0.0, 0.0, 0.0, 0.0, 0.0, 0.0, 0.0, 0.0, 0.0, 0.0, 0.0, 0.0, 0.0, 0.0, 0.0, 0.0, 0.0, 0.0, 0.0, 0.0, 0.0, 0.0, 0.0, 0.0, 0.0, 0.0, 0.0, 0.0, 0.0, 0.0, 0.0, 0.0, 0.0, 0.0, 0.0, 0.0, 0.0, 0.0, 0.0, 0.0, 0.0, 0.0, 0.0, 0.0, 0.0, 0.0, 0.0, 0.0, 0.0, 0.0, 0.0, 0.0, 0.0, 0.0, 0.0, 0.0, 0.0, 0.0, 0.0, 0.0, 0.0, 0.0, 0.0, 0.0, 0.0, 0.0, 0.0]","[0.0, 0.0, 0.0, 0.0, 0.0, 0.0, 0.0, 0.0, 0.0, 0.0, 0.0, 0.0, 0.0, 0.0, 0.0, 0.0, 0.0, 0.0, 0.0, 0.0, 0.0, 0.0, 0.0, 0.0, 0.0, 0.0, 0.0, 0.0, 0.0, 0.0, 0.0, 0.0, 0.0, 0.0, 0.0, 0.0, 0.0, 0.0, 0.0, 0.0, 0.0, 0.0, 0.0, 0.0, 0.0, 0.0, 0.0, 0.0, 0.0, 0.0, 0.0, 0.0, 0.0, 0.0, 0.0, 0.0, 0.0, 0.0, 0.0, 0.0, 0.0, 0.0, 0.0, 0.0, 0.0, 0.0, 0.0, 0.0, 0.0, 0.0, 0.0, 0.0, 0.0, 0.0, 0.0, 0.0, 0.0, 0.0, 0.0, 0.0, 0.0, 0.0, 0.0, 0.0, 0.0, 0.0, 0.0, 0.0, 0.0, 0.0, 0.0, 0.0, 0.0, 0.0, 0.0, 0.0, 0.0, 0.0, 0.0, 0.0, 0.0, 0.0, 0.0, 0.0, 0.0, 0.0, 0.0, 0.0, 0.0, 0.0, 0.0, 0.0, 0.0, 0.0, 0.0, 0.0, 0.0, 0.0, 0.0, 0.0, 0.0, 0.0, 0.0, 0.0, 0.0, 0.0, 0.0, 0.0, 0.0, 0.0, 0.0, 0.0, 0.0, 0.0, 0.0, 0.0, 0.0, 0.0, 0.0, 0.0, 0.0, 0.0, 0.0, 0.0, 0.0, 0.0, 0.0, 0.0]","[0.0, 0.0, 0.0, 0.0, 0.0, 0.0, 0.0, 0.0, 0.0, 0.0, 0.0, 0.0, 0.0, 0.0, 0.0, 0.0, 0.0, 0.0, 0.0, 0.0, 0.0, 0.0, 0.0, 0.0, 0.0, 0.0, 0.0, 0.0, 0.0, 0.0, 0.0, 0.0, 0.0, 0.0, 0.0, 0.0, 0.0, 0.0, 0.0, 0.0, 0.0, 0.0, 0.0, 0.0, 0.0, 0.0, 0.0, 0.0, 0.0, 0.0, 0.0, 0.0, 0.0, 0.0, 0.0, 0.0, 0.0, 0.0, 0.0, 0.0, 0.0, 0.0, 0.0, 0.0, 0.0, 0.0, 0.0, 0.0, 0.0, 0.0, 0.0, 0.0, 0.0, 0.0, 0.0, 0.0, 0.0, 0.0, 0.0, 0.0, 0.0, 0.0, 0.0, 0.0, 0.0, 0.0, 0.0, 0.0, 0.0, 0.0, 0.0, 0.0, 0.0, 0.0, 0.0, 0.0, 0.0, 0.0, 0.0, 0.0, 0.0, 0.0, 0.0, 0.0, 0.0, 0.0, 0.0, 0.0, 0.0, 0.0, 0.0, 0.0, 0.0, 0.0, 0.0, 0.0, 0.0, 0.0, 0.0, 0.0, 0.0, 0.0, 0.0, 0.0, 0.0, 0.0, 0.0, 0.0, 0.0, 0.0, 0.0, 0.0, 0.0, 0.0, 0.0, 0.0, 0.0, 0.0, 0.0, 0.0, 0.0, 0.0, 0.0, 0.0, 0.0, 0.0, 0.0, 0.0]","[0.0, 0.0, 0.0, 0.0, 0.0, 0.0, 0.0, 0.0, 0.0, 0.0, 0.0, 0.0, 0.0, 0.0, 0.0, 0.0, 0.0, 0.0, 0.0, 0.0, 0.0, 0.0, 0.0, 0.0, 0.0, 0.0, 0.0, 0.0, 0.0, 0.0, 0.0, 0.0, 0.0, 0.0, 0.0, 0.0, 0.0, 0.0, 0.0, 0.0, 0.0, 0.0, 0.0, 0.0, 0.0, 0.0, 0.0, 0.0, 0.0, 0.0, 0.0, 0.0, 0.0, 0.0, 0.0, 0.0, 0.0, 0.0, 0.0, 0.0, 0.0, 0.0, 0.0, 0.0, 0.0, 0.0, 0.0, 0.0, 0.0, 0.0, 0.0, 0.0, 0.0, 0.0, 0.0, 0.0, 0.0, 0.0, 0.0, 0.0, 0.0, 0.0, 0.0, 0.0, 0.0, 0.0, 0.0, 0.0, 0.0, 0.0, 0.0, 0.0, 0.0, 0.0, 0.0, 0.0, 0.0, 0.0, 0.0, 0.0, 0.0, 0.0, 0.0, 0.0, 0.0, 0.0, 0.0, 0.0, 0.0, 0.0, 0.0, 0.0, 0.0, 0.0, 0.0, 0.0, 0.0, 0.0, 0.0, 0.0, 0.0, 0.0, 0.0, 0.0, 0.0, 0.0, 0.0, 0.0, 0.0, 0.0, 0.0, 0.0, 0.0, 0.0, 0.0, 0.0, 0.0, 0.0, 0.0, 0.0, 0.0, 0.0, 0.0, 0.0, 0.0, 0.0, 0.0, 0.0]","[0.0, 0.0, 0.0, 0.0, 0.0, 0.0, 0.0, 0.0, 0.0, 0.0, 0.0, 0.0, 0.0, 0.0, 0.0, 0.0, 0.0, 0.0, 0.0, 0.0, 0.0, 0.0, 0.0, 0.0, 0.0, 0.0, 0.0, 0.0, 0.0, 0.0, 0.0, 0.0, 0.0, 0.0, 0.0, 0.0, 0.0, 0.0, 0.0, 0.0, 0.0, 0.0, 0.0, 0.0, 0.0, 0.0, 0.0, 0.0, 0.0, 0.0, 0.0, 0.0, 0.0, 0.0, 0.0, 0.0, 0.0, 0.0, 0.0, 0.0, 0.0, 0.0, 0.0, 0.0, 0.0, 0.0, 0.0, 0.0, 0.0, 0.0, 0.0, 0.0, 0.0, 0.0, 0.0, 0.0, 0.0, 0.0, 0.0, 0.0, 0.0, 0.0, 0.0, 0.0, 0.0, 0.0, 0.0, 0.0, 0.0, 0.0, 0.0, 0.0, 0.0, 0.0, 0.0, 0.0, 0.0, 0.0, 0.0, 0.0, 0.0, 0.0, 0.0, 0.0, 0.0, 0.0, 0.0, 0.0, 0.0, 0.0, 0.0, 0.0, 0.0, 0.0, 0.0, 0.0, 0.0, 0.0, 0.0, 0.0, 0.0, 0.0, 0.0, 0.0, 0.0, 0.0, 0.0, 0.0, 0.0, 0.0, 0.0, 0.0, 0.0, 0.0, 0.0, 0.0, 0.0, 0.0, 0.0, 0.0, 0.0, 0.0, 0.0, 0.0, 0.0, 0.0, 0.0, 0.0]","[0.0, 0.0, 0.0, 0.0, 0.0, 0.0, 0.0, 0.0, 0.0, 0.0, 0.0, 0.0, 0.0, 0.0, 0.0, 0.0, 0.0, 0.0, 0.0, 0.0, 0.0, 0.0, 0.0, 0.0, 0.0, 0.0, 0.0, 0.0, 0.0, 0.0, 0.0, 0.0, 0.0, 0.0, 0.0, 0.0, 0.0, 0.0, 0.0, 0.0, 0.0, 0.0, 0.0, 0.0, 0.0, 0.0, 0.0, 0.0, 0.0, 0.0, 0.0, 0.0, 0.0, 0.0, 0.0, 0.0, 0.0, 0.0, 0.0, 0.0, 0.0, 0.0, 0.0, 0.0, 0.0, 0.0, 0.0, 0.0, 0.0, 0.0, 0.0, 0.0, 0.0, 0.0, 0.0, 0.0, 0.0, 0.0, 0.0, 0.0, 0.0, 0.0, 0.0, 0.0, 0.0, 0.0, 0.0, 0.0, 0.0, 0.0, 0.0, 0.0, 0.0, 0.0, 0.0, 0.0, 0.0, 0.0, 0.0, 0.0, 0.0, 0.0, 0.0, 0.0, 0.0, 0.0, 0.0, 0.0, 0.0, 0.0, 0.0, 0.0, 0.0, 0.0, 0.0, 0.0, 0.0, 0.0, 0.0, 0.0, 0.0, 0.0, 0.0, 0.0, 0.0, 0.0, 0.0, 0.0, 0.0, 0.0, 0.0, 0.0, 0.0, 0.0, 0.0, 0.0, 0.0, 0.0, 0.0, 0.0, 0.0, 0.0, 0.0, 0.0, 0.0, 0.0, 0.0, 0.0]","[0.0, 0.0, 0.0, 0.0, 0.0, 0.0, 0.0, 0.0, 0.0, 0.0, 0.0, 0.0, 0.0, 0.0, 0.0, 0.0, 0.0, 0.0, 0.0, 0.0, 0.0, 0.0, 0.0, 0.0, 0.0, 0.0, 0.0, 0.0, 0.0, 0.0, 0.0, 0.0, 0.0, 0.0, 0.0, 0.0, 0.0, 0.0, 0.0, 0.0, 0.0, 0.0, 0.0, 0.0, 0.0, 0.0, 0.0, 0.0, 0.0, 0.0, 0.0, 0.0, 0.0, 0.0, 0.0, 0.0, 0.0, 0.0, 0.0, 0.0, 0.0, 0.0, 0.0, 0.0, 0.0, 0.0, 0.0, 0.0, 0.0, 0.0, 0.0, 0.0, 0.0, 0.0, 0.0, 0.0, 0.0, 0.0, 0.0, 0.0, 0.0, 0.0, 0.0, 0.0, 0.0, 0.0, 0.0, 0.0, 0.0, 0.0, 0.0, 0.0, 0.0, 0.0, 0.0, 0.0, 0.0, 0.0, 0.0, 0.0, 0.0, 0.0, 0.0, 0.0, 0.0, 0.0, 0.0, 0.0, 0.0, 0.0, 0.0, 0.0, 0.0, 0.0, 0.0, 0.0, 0.0, 0.0, 0.0, 0.0, 0.0, 0.0, 0.0, 0.0, 0.0, 0.0, 0.0, 0.0, 0.0, 0.0, 0.0, 0.0, 0.0, 0.0, 0.0, 0.0, 0.0, 0.0, 0.0, 0.0, 0.0, 0.0, 0.0, 0.0, 0.0, 0.0, 0.0, 0.0]"
